1.160451812000000849e+07 -1.173204286664131062e-02
1.400424706538175046e+07 -1.066850215232040613e-02
1.690022229619761556e+07 -9.143075468489129942e-03
2.039506389221998304e+07 -7.099044945545653594e-03
2.461261301049993187e+07 -4.631160989998339868e-03
2.970232024797511473e+07 -2.136450218683896753e-03
3.584454148516889662e+07 -3.891775476314384514e-04
4.325692887139294297e+07 -5.717762181167004879e-08
5.220214341865591705e+07 -6.190839588983993213e-08
6.299716250323273242e+07 -6.357178349304341491e-08
7.602451209006114304e+07 -5.884734882997665761e-08
9.174582169848147035e+07 -4.196407876624644816e-08
1.107181824351354986e+08 -2.461737020147510479e-09
1.336138877476838529e+08 7.880671549012280091e-08
1.612442564211145937e+08 2.374553615986591871e-07
1.945883819943615496e+08 5.423006052552392469e-07
2.348278273447095454e+08 1.118940321929619969e-06
2.833884938569189906e+08 2.214670621984352441e-06
3.419911488283928037e+08 4.307368756020332388e-06
4.127124015698947310e+08 8.329832552569454941e-06
4.980582889151313901e+08 1.612714669085236661e-05
6.010530776721984148e+08 3.146416574291319114e-05
7.253464307684265375e+08 6.234709669661076545e-05
8.753427345653433800e+08 1.260435169520425329e-04
1.056357170110559702e+09 2.578903601814960507e-04
1.274804058776008368e+09 5.217711184218881562e-04
1.538424156388036728e+09 1.014190752573976978e-03
1.856558950110846758e+09 1.846665467750818485e-03
2.240481677906853676e+09 3.089804719107193745e-03
2.703796800385240555e+09 4.658521737181790974e-03
3.262922080489066124e+09 6.088163739269352934e-03
3.937670353713780880e+09 6.117707266275262262e-03
4.751951604125463486e+09 2.233996397688606250e-03
5.734620224532851219e+09 -9.342532205889514385e-03
6.920497483827687263e+09 -3.020189101635087359e-02
8.351605433046262741e+09 -4.313135745150048495e-02
1.007865597412364388e+10 4.890176634973064651e-02
1.216284785710804558e+10 6.235994236531534618e-01
1.467803528317378998e+10 2.963508252122738718e+00
1.771334495877850342e+10 1.113082605623914922e+01
2.137633433735969543e+10 3.745212221474739067e+01
2.579680296217152023e+10 1.183181450360615656e+02
3.113139196677136612e+10 3.591243741109656185e+02
3.756913471835793304e+10 1.060729439498740931e+03
4.533815529330194855e+10 3.072659404029612688e+03
5.471375214811971283e+10 8.773056624794895470e+03
6.602815343411528015e+10 2.477301833064535458e+04
7.968228963929458618e+10 6.934235312519717263e+04
9.616000072599195862e+10 1.927152579271764262e+05
1.160451811999998474e+11 5.324293476231198292e+05
