1.160451812000000849e+07 0.000000000000000000e+00
1.400424706538175046e+07 0.000000000000000000e+00
1.690022229619761556e+07 0.000000000000000000e+00
2.039506389221998304e+07 0.000000000000000000e+00
2.461261301049993187e+07 0.000000000000000000e+00
2.970232024797511473e+07 0.000000000000000000e+00
3.584454148516889662e+07 0.000000000000000000e+00
4.325692887139294297e+07 0.000000000000000000e+00
5.220214341865591705e+07 0.000000000000000000e+00
6.299716250323273242e+07 0.000000000000000000e+00
7.602451209006114304e+07 0.000000000000000000e+00
9.174582169848147035e+07 0.000000000000000000e+00
1.107181824351354986e+08 0.000000000000000000e+00
1.336138877476838529e+08 0.000000000000000000e+00
1.612442564211145937e+08 1.008264139364104751e-45
1.945883819943615496e+08 1.311427236073202645e-38
2.348278273447095454e+08 1.089856617459074981e-32
2.833884938569189906e+08 9.223126483380729744e-28
3.419911488283928037e+08 1.169818969778967228e-23
4.127124015698947310e+08 3.067533120124555730e-20
4.980582889151313901e+08 2.178722664215874177e-17
6.010530776721984148e+08 5.275081480170554340e-15
7.253464307684265375e+08 5.299385281610319554e-13
8.753427345653433800e+08 2.603237895421886143e-11
1.056357170110559702e+09 7.166715072845566862e-10
1.274804058776008368e+09 1.242603406990182822e-08
1.538424156388036728e+09 1.503140180806936436e-07
1.856558950110846758e+09 1.381001634951419371e-06
2.240481677906853676e+09 9.723393636546770930e-06
2.703796800385240555e+09 5.200743850731114266e-05
3.262922080489066124e+09 2.120994266789920954e-04
3.937670353713780880e+09 6.689247948849750018e-04
4.751951604125463486e+09 1.653780728199217382e-03
5.734620224532851219e+09 3.215593498433816887e-03
6.920497483827687263e+09 5.137384171992373516e-03
8.351605433046262741e+09 9.908797662479304491e-03
1.007865597412364388e+10 4.203050741557651238e-02
1.216284785710804558e+10 2.335756479037603972e-01
1.467803528317378998e+10 1.146961558727162434e+00
1.771334495877850342e+10 4.887775013182659833e+00
2.137633433735969543e+10 1.871715358332733459e+01
2.579680296217152023e+10 6.632647246061134183e+01
3.113139196677136612e+10 2.219825410796380538e+02
3.756913471835793304e+10 7.116497615897422975e+02
4.533815529330194855e+10 2.206991622594626278e+03
5.471375214811971283e+10 6.668582421081089706e+03
6.602815343411528015e+10 1.973615393797612342e+04
7.968228963929458618e+10 5.743912515604990040e+04
9.616000072599195862e+10 1.648676566350171051e+05
1.160451811999998474e+11 4.678366373576582409e+05
