# Source: PRIMAT compilation, https://doi.org/10.1016/j.physrep.2018.04.005
1.000000000000000021e-03 5.156700000000007629e+09 1.015700000000000047e+00
1.018628990244687619e-03 5.153787414606735229e+09 1.015694665695321630e+00
1.037605019766911670e-03 5.150841292943641663e+09 1.015689307976010980e+00
1.056934553557988335e-03 5.147861611082380295e+09 1.015683928453266827e+00
1.076624177045493267e-03 5.144848357706176758e+09 1.015678528799271119e+00
1.096680598336868600e-03 5.141801534332846642e+09 1.015673110746871055e+00
1.117110650504824203e-03 5.138721155515733719e+09 1.015667676089051730e+00
1.137921293915315117e-03 5.135607249019319534e+09 1.015662226678179625e+00
1.159119618598885779e-03 5.132459855966333389e+09 1.015656764424994751e+00
1.180712846666190276e-03 5.129279030953688622e+09 1.015651291297327896e+00
1.202708334768511989e-03 5.126064842133469582e+09 1.015645809318520998e+00
1.225113576604118949e-03 5.122817371255248070e+09 1.015640320565519561e+00
1.247936205471311460e-03 5.119536713665939331e+09 1.015634827166613130e+00
1.271183996869028896e-03 5.116222978262725830e+09 1.015629331298791183e+00
1.294864871145904933e-03 5.112876287394307137e+09 1.015623835184682688e+00
1.318986896198670470e-03 5.109496776706450462e+09 1.015618341089042920e+00
1.343558290220826226e-03 5.106084594925109863e+09 1.015612851314753540e+00
1.368587424502519176e-03 5.102639903573093414e+09 1.015607368198293115e+00
1.394082826282578647e-03 5.099162876612936020e+09 1.015601894104636971e+00
1.420053181653683095e-03 5.095653700010175705e+09 1.015596431421540879e+00
1.446507338521647217e-03 5.092112571210411072e+09 1.015590982553159716e+00
1.473454309619835756e-03 5.088539698521902084e+09 1.015585549912950025e+00
1.500903275579736594e-03 5.084935300396528244e+09 1.015580135915800319e+00
1.528863588058731147e-03 5.081299604600794792e+09 1.015574742969329591e+00
1.557344772926135207e-03 5.077632847267155647e+09 1.015569373464294545e+00
1.586356533508589657e-03 5.073935271816813469e+09 1.015564029764032483e+00
1.615908753895919101e-03 5.070207127743489265e+09 1.015558714192875023e+00
1.646011502308549748e-03 5.066448669247171402e+09 1.015553429023448917e+00
1.676675034527699143e-03 5.062660153706281662e+09 1.015548176462790719e+00
1.707909797389426916e-03 5.058841839975810051e+09 1.015542958637181581e+00
1.739726432343800767e-03 5.054993986498404503e+09 1.015537777575612699e+00
1.772135779080358372e-03 5.051116849213865280e+09 1.015532635191784383e+00
1.805148879221108154e-03 5.047210679252434731e+09 1.015527533264531046e+00
1.838776980082326793e-03 5.043275720395617485e+09 1.015522473416562210e+00
1.873031538506436536e-03 5.039312206287783623e+09 1.015517457091400289e+00
1.907924224765265072e-03 5.035320357379781723e+09 1.015512485528388575e+00
1.943466926536020246e-03 5.031300377586320877e+09 1.015507559735635335e+00
1.979671752951332481e-03 5.027252450635227203e+09 1.015502680460748319e+00
2.016551038724746607e-03 5.023176736087792397e+09 1.015497848159212513e+00
2.054117348353064112e-03 5.019073365006707191e+09 1.015493062960242998e+00
2.092383480396977150e-03 5.014942435246083260e+09 1.015488324629944206e+00
2.131362471841437810e-03 5.010784006338726044e+09 1.015483632531590574e+00
2.171067602537264923e-03 5.006598093951267242e+09 1.015478985582836113e+00
2.211512399725488933e-03 5.002384663878401756e+09 1.015474382209641480e+00
2.252710642645980484e-03 4.998143625544608116e+09 1.015469820296702297e+00
2.294676367231936100e-03 4.993874824979393005e+09 1.015465297134142020e+00
2.337423870891814758e-03 4.989578037231357574e+09 1.015460809360222427e+00
2.380967717380358135e-03 4.985252958182739258e+09 1.015456352899804848e+00
2.425322741760352948e-03 4.980899195725083351e+09 1.015451922898285897e+00
2.470504055456825433e-03 4.976516260253099442e+09 1.015447513650703071e+00
2.516527051405391836e-03 4.972103554432931900e+09 1.015443118525699795e+00
2.563407409296514835e-03 4.967660362195811272e+09 1.015438729884009295e+00
2.611161100917459583e-03 4.963185836908973694e+09 1.015434338991102248e+00
2.659804395593758260e-03 4.958678988668719292e+09 1.015429935923617855e+00
2.709353865732051433e-03 4.954138670661005974e+09 1.015425509469175980e+00
2.759826392466180594e-03 4.949563564529514313e+09 1.015421047019145151e+00
2.811239171408464344e-03 4.944952164689018250e+09 1.015416534453909669e+00
2.863609718508115885e-03 4.940302761518239975e+09 1.015411956020156881e+00
2.916955876018795853e-03 4.935613423362528801e+09 1.015407294199673904e+00
2.971295818577334054e-03 4.930881977273417473e+09 1.015402529569111589e+00
3.026648059395692196e-03 4.926106045861433029e+09 1.015397640933252355e+00
3.083031456568277075e-03 4.921284474281926155e+09 1.015392612313557485e+00
3.140465219496752208e-03 4.916417597691810608e+09 1.015387434250574206e+00
3.198968915434537586e-03 4.911505859345044136e+09 1.015382096960975256e+00
3.258562476153226226e-03 4.906549739549390793e+09 1.015376589936978213e+00
3.319266204733189573e-03 4.901549756474479675e+09 1.015370901896589295e+00
3.381100782480685445e-03 4.896506466932612419e+09 1.015365020730653711e+00
3.444087275973823411e-03 4.891420467129355431e+09 1.015358933446517398e+00
3.508247144239792347e-03 4.886292393377703667e+09 1.015352626108094736e+00
3.573602246065788347e-03 4.881122922772303581e+09 1.015346083772118657e+00
3.640174847446141400e-03 4.875912773817631721e+09 1.015339290420343543e+00
3.707987629168172684e-03 4.870662707004668236e+09 1.015332228887452670e+00
3.777063694539364597e-03 4.865373525329901695e+09 1.015324880784409300e+00
3.847426577258505898e-03 4.860046074749938011e+09 1.015317226416974972e+00
3.919100249433401899e-03 4.854681244564998627e+09 1.015309244699102109e+00
3.992109129748053209e-03 4.849279967723159790e+09 1.015300913060888321e+00
4.066478091781853925e-03 4.843843194643403053e+09 1.015292219139711571e+00
4.142232472483897525e-03 4.838371767093860626e+09 1.015283217191612408e+00
4.219398080805024202e-03 4.832866498689623833e+09 1.015273992339830178e+00
4.298001206490798497e-03 4.827328220389419556e+09 1.015264640214489367e+00
4.378068629038166758e-03 4.821757778334405899e+09 1.015255267774886061e+00
4.459627626819095622e-03 4.816156031376318932e+09 1.015245994209348579e+00
4.542705986374042521e-03 4.810523848318276405e+09 1.015236951896663964e+00
4.627332011878692967e-03 4.804862104847034454e+09 1.015228287433023846e+00
4.713534534786906725e-03 4.799171680133418083e+09 1.015220162728680320e+00
4.801342923653449841e-03 4.793453453076198578e+09 1.015212756178779152e+00
4.890787094139589959e-03 4.787708298163881302e+09 1.015206263913117191e+00
4.981897519205159656e-03 4.781937080925447464e+09 1.015200901129873490e+00
5.074705239490466188e-03 4.776140265950191498e+09 1.015196872063201416e+00
5.169241873891598608e-03 4.770315352292164803e+09 1.015194163044559561e+00
5.265539630332755246e-03 4.764458131065600395e+09 1.015192645604026112e+00
5.363631316739239652e-03 4.758563826349195480e+09 1.015192170927705861e+00
5.463550352214875498e-03 4.752627054178797722e+09 1.015192568607264700e+00
5.565330778427646403e-03 4.746641772925363541e+09 1.015193644822353747e+00
5.669007271207434327e-03 4.740601230403359413e+09 1.015195180395890073e+00
5.774615152359819509e-03 4.734497907538560867e+09 1.015196928714163338e+00
5.882190401699956099e-03 4.728323458419209480e+09 1.015198613503277336e+00
5.991769669310619169e-03 4.722068646554135323e+09 1.015199926452953427e+00
6.103390288028621123e-03 4.715725760405344963e+09 1.015200592831538184e+00
6.217090286163826779e-03 4.709299081945936203e+09 1.015200658921064258e+00
6.332908400455114321e-03 4.702797531757872581e+09 1.015200291306693758e+00
6.450884089267692675e-03 4.696231062545488358e+09 1.015199677833712011e+00
6.571057546036270826e-03 4.689610733451077461e+09 1.015199029300404066e+00
6.693469712958660493e-03 4.682948790619272232e+09 1.015198581304985748e+00
6.818162294944479437e-03 4.676258753132485390e+09 1.015198596219990090e+00
6.945177773823696388e-03 4.669555504732816696e+09 1.015199365302400292e+00
7.074559422819878297e-03 4.662854590101383209e+09 1.015201181427789479e+00
7.206351321293052656e-03 4.656159357443332672e+09 1.015203863295114806e+00
7.340598369757212090e-03 4.649461702119397163e+09 1.015206777673299809e+00
7.477346305177588227e-03 4.642752044862078667e+09 1.015209203246669079e+00
7.616641716552892058e-03 4.636019556351019859e+09 1.015210336262314827e+00
7.758532060787835978e-03 4.629252056480536461e+09 1.015209284031916015e+00
7.903065678861348128e-03 4.622435907184803009e+09 1.015205057999160054e+00
8.050291812295981564e-03 4.615556036286445618e+09 1.015196582021325344e+00
8.200260619934130954e-03 4.608603811471706390e+09 1.015183595714848952e+00
8.353023195026778799e-03 4.601582367759894371e+09 1.015167275739121466e+00
8.508631582640582489e-03 4.594496285275063515e+09 1.015149074487506020e+00
8.667138797389234081e-03 4.587350633179518700e+09 1.015130621102200204e+00
8.828598841495149604e-03 4.580151003319423676e+09 1.015113735654847194e+00
8.993066723187623582e-03 4.572903545968108177e+09 1.015100444330901741e+00
9.160598475443709407e-03 4.565614253843175888e+09 1.015092491909185490e+00
9.331251175078249249e-03 4.558286166869025230e+09 1.015089457398484551e+00
9.505082962189511861e-03 4.550921524166642189e+09 1.015090166915453729e+00
9.682153059967075343e-03 4.543522687240808487e+09 1.015093294229844734e+00
9.862521794868784469e-03 4.536092144146943092e+09 1.015097348300337377e+00
1.004625061717340749e-02 4.528632478581717491e+09 1.015100666184185929e+00
1.023340212191641702e-02 4.521142043316616058e+09 1.015102172430919714e+00
1.042404007021556327e-02 4.513610167092843056e+09 1.015102228751301627e+00
1.061822941099384125e-02 4.506023870834006310e+09 1.015101428763289571e+00
1.081603630310709954e-02 4.498368684092458725e+09 1.015100438983332243e+00
1.101752813788386791e-02 4.490628534574416161e+09 1.015100004528028954e+00
1.122277356208507652e-02 4.482792962273759842e+09 1.015100606744413714e+00
1.143184250129149725e-02 4.474873728569567680e+09 1.015101669868282208e+00
1.164480618372686072e-02 4.466888512531287193e+09 1.015102329050469265e+00
1.186173716452478509e-02 4.458856883148826599e+09 1.015101619791764609e+00
1.208270935044776506e-02 4.450800197815130234e+09 1.015098505793210482e+00
1.230779802506665188e-02 4.442730720152890205e+09 1.015093533166852691e+00
1.253707987440920262e-02 4.434645699012963295e+09 1.015089754503553099e+00
1.277063301308643990e-02 4.426540634389692307e+09 1.015090761372163586e+00
1.300853701090571267e-02 4.418410333912905693e+09 1.015100546928430880e+00
1.325087291997953214e-02 4.410247643480224609e+09 1.015121628155166267e+00
1.349772330233941706e-02 4.402039999464483261e+09 1.015149713593858083e+00
1.374917225806419029e-02 4.393772320575552940e+09 1.015178351440309656e+00
1.400530545393219653e-02 4.385427815115547180e+09 1.015200332517538495e+00
1.426621015260736910e-02 4.376993539603001595e+09 1.015209907659647470e+00
1.453197524236895383e-02 4.368477124141572952e+09 1.015209511130153563e+00
1.480269126739508674e-02 4.359892319253569603e+09 1.015204030522187661e+00
1.507845045861051086e-02 4.351254247052987099e+09 1.015198915998071438e+00
1.535934676510897039e-02 4.342573333923810959e+09 1.015197504892511704e+00
1.564547588616095955e-02 4.333849638075970650e+09 1.015198488574883262e+00
1.593693530381774456e-02 4.325081883115571976e+09 1.015199864530796914e+00
1.623382431612278159e-02 4.316268502026385307e+09 1.015199664891070386e+00
1.653624407094180307e-02 4.307407516841840744e+09 1.015197849127624119e+00
1.684429760042315330e-02 4.298496555219806671e+09 1.015195409171869345e+00
1.715808985610004986e-02 4.289532865169719219e+09 1.015193461434156008e+00
1.747772774464680795e-02 4.280513282322618008e+09 1.015193251022517673e+00
1.780332016430113962e-02 4.271434194731146336e+09 1.015196161939995623e+00
1.813497804196495186e-02 4.262291621684702873e+09 1.015203697671354099e+00
1.847281437099634188e-02 4.253085581849893093e+09 1.015216341008510437e+00
1.881694424970555696e-02 4.243821947835079193e+09 1.015233056841993831e+00
1.916748492056815148e-02 4.234507514909291267e+09 1.015252568440568659e+00
1.952455581016860828e-02 4.225149676040286064e+09 1.015273439107636344e+00
1.988827856988809734e-02 4.215756459821909904e+09 1.015294059187186404e+00
2.025877711735016989e-02 4.206335929091422558e+09 1.015312750938863084e+00
2.063617767863858837e-02 4.196889919874310493e+09 1.015328924336938776e+00
2.102060883130158278e-02 4.187416044096863270e+09 1.015342712077348830e+00
2.141220154815729262e-02 4.177911388962275028e+09 1.015354283160458504e+00
2.181108924191518805e-02 4.168372527019926548e+09 1.015363835701945661e+00
2.221740781062883641e-02 4.158795471680270672e+09 1.015371599467687291e+00
2.263129568399528321e-02 4.149175629769707680e+09 1.015377838588688686e+00
2.305289387051707301e-02 4.139507750966804504e+09 1.015382854467897999e+00
2.348234600554275145e-02 4.129785873959002018e+09 1.015386988891536335e+00
2.391979840020238418e-02 4.120003269155813694e+09 1.015390627358418563e+00
2.436540009125464853e-02 4.110152377792756557e+09 1.015394202641660915e+00
2.481930289186254010e-02 4.100224747261091232e+09 1.015398198598148838e+00
2.528166144331499277e-02 4.090211485236515522e+09 1.015403131282521132e+00
2.575263326771199887e-02 4.080110522233729839e+09 1.015409230037907840e+00
2.623237882163122203e-02 4.069925585756438255e+09 1.015416479679157602e+00
2.672106155079433804e-02 4.059660905005996704e+09 1.015424852177875703e+00
2.721884794575178332e-02 4.049321094335978031e+09 1.015434312086107349e+00
2.772590759860482645e-02 4.038911176290314674e+09 1.015444815851025862e+00
2.824241326078434297e-02 4.028436605939701557e+09 1.015456311079840690e+00
2.876854090190592711e-02 4.017903296599104404e+09 1.015468735751671625e+00
2.930446976972142861e-02 4.007317647016877174e+09 1.015482017372949297e+00
2.985038245118730796e-02 3.996686570132893085e+09 1.015496072072682887e+00
3.040646493467067182e-02 3.986017034083639145e+09 1.015510810644394191e+00
3.097290667331408301e-02 3.975311847873281002e+09 1.015526198597287877e+00
3.154990064958086704e-02 3.964571280504438877e+09 1.015542233147321172e+00
3.213764344100276948e-02 3.953795384289687634e+09 1.015558909638337948e+00
3.273633528715245988e-02 3.942983998210778236e+09 1.015576220976150967e+00
3.334618015786364187e-02 3.932136725286965370e+09 1.015594157396350061e+00
3.396738582272208068e-02 3.921252908336127281e+09 1.015612706215145433e+00
3.460016392185108480e-02 3.910331604032732964e+09 1.015631851562132759e+00
3.524473003801584237e-02 3.899371555162203312e+09 1.015651574093800802e+00
3.590130377007068330e-02 3.888371160967202663e+09 1.015671850686530764e+00
3.657010880777489259e-02 3.877328445476229191e+09 1.015692654107755999e+00
3.725137300800209633e-02 3.866241023701190472e+09 1.015713952663874764e+00
3.794532847236938011e-02 3.855106065585781097e+09 1.015735709823415878e+00
3.865221162631261864e-02 3.843920257584092617e+09 1.015757883813876106e+00
3.937226329963479377e-02 3.832679761743114948e+09 1.015780427190539736e+00
4.010572880855495931e-02 3.821380175536324978e+09 1.015803286409888262e+00
4.085285803928561527e-02 3.810018234344896793e+09 1.015826419214729270e+00
4.161390553316707264e-02 3.798594896760335445e+09 1.015849826519507948e+00
4.238913057338778573e-02 3.787111851110515594e+09 1.015873517227160239e+00
4.317879727332021161e-02 3.775570802598531723e+09 1.015897501100676115e+00
4.398317466650223523e-02 3.763973468229969501e+09 1.015921788836700035e+00
4.480253679829489938e-02 3.752321571257493496e+09 1.015946392144464028e+00
4.563716281924758839e-02 3.740616835111098289e+09 1.015971323830405781e+00
4.648733708020256344e-02 3.728860976780309200e+09 1.015996597888840780e+00
4.735334922917116413e-02 3.717055699613966465e+09 1.016022229599090609e+00
4.823549431001467047e-02 3.705202685498894215e+09 1.016048235629481100e+00
4.913407286296361809e-02 3.693303586378765106e+09 1.016074634148665501e+00
5.004939102700953213e-02 3.681360015064501286e+09 1.016101444945670673e+00
5.098176064420424647e-02 3.669373488287996292e+09 1.016128696871850812e+00
5.193149936590212012e-02 3.657345294068548679e+09 1.016156447127284812e+00
5.289893076098151070e-02 3.645276591882558346e+09 1.016184764349757463e+00
5.388438442608223938e-02 3.633168430989136696e+09 1.016213724094035653e+00
5.488819609789671872e-02 3.621021735210469723e+09 1.016243409367278971e+00
5.591070776755290017e-02 3.608837286593215466e+09 1.016273911200884950e+00
5.695226779712821846e-02 3.596615707884582043e+09 1.016305329261094181e+00
5.801323103833375128e-02 3.584357443751167774e+09 1.016337772500829129e+00
5.909395895340967958e-02 3.572062740665436745e+09 1.016371359855393841e+00
6.019481973827271043e-02 3.559731621952388287e+09 1.016406220540717831e+00
6.131618844795772016e-02 3.547362828081113338e+09 1.016442360116766919e+00
6.245844712439614643e-02 3.534952183426681995e+09 1.016479449146252545e+00
6.362198492657485105e-02 3.522494476114924431e+09 1.016517067344074432e+00
6.480719826311967524e-02 3.509983749234784126e+09 1.016554744529170717e+00
6.601449092734885948e-02 3.497413242578082561e+09 1.016591956652455275e+00
6.724427423484245769e-02 3.484775330932505608e+09 1.016628121555665176e+00
6.849696716357443760e-02 3.472061458799807549e+09 1.016662594444925016e+00
6.977299649665534564e-02 3.459262071418170452e+09 1.016694663062046589e+00
7.107279696773415034e-02 3.446368675408511639e+09 1.016723706254032633e+00
7.239681140910873836e-02 3.433386797044759750e+09 1.016750195710573568e+00
7.374549090259549522e-02 3.420328831114048481e+09 1.016775165949477255e+00
7.511929493320965157e-02 3.407208295281366348e+09 1.016799781561809057e+00
7.651869154570821452e-02 3.394039877546665668e+09 1.016825346052989243e+00
7.794415750404946885e-02 3.380839508210536957e+09 1.016853312966638168e+00
7.939617845382279659e-02 3.367624436439653873e+09 1.016885297792423426e+00
8.087524908770453436e-02 3.354412278962390423e+09 1.016922976467448114e+00
8.238187331399605962e-02 3.341205536538798809e+09 1.016966367625569800e+00
8.391656442830157381e-02 3.327993211009794235e+09 1.017013980114716887e+00
8.547984528840409102e-02 3.314762489765963554e+09 1.017064091031645301e+00
8.707224849239916797e-02 3.301498976278193951e+09 1.017114767372130579e+00
8.869431656014709064e-02 3.288186574094741344e+09 1.017163849103665640e+00
9.034660211810524588e-02 3.274807401795114517e+09 1.017208937319817874e+00
9.202966808760409956e-02 3.261348895893647194e+09 1.017248589768795952e+00
9.374408787662991127e-02 3.247813326003786087e+09 1.017283953723505441e+00
9.549044557518077125e-02 3.234205225189477444e+09 1.017316700125022511e+00
9.726933615426168467e-02 3.220529411090180874e+09 1.017348707639252448e+00
9.908136566858666283e-02 3.206790998270963192e+09 1.017382079448367893e+00
1.009271514630570854e-01 3.192995590750890255e+09 1.017419061237038402e+00
1.028073223830864719e-01 3.179153361933931828e+09 1.017459784265731804e+00
1.047225189888434382e-01 3.165279572248936653e+09 1.017501950552460066e+00
1.066733937734857113e-01 3.151390887316001892e+09 1.017542879835443115e+00
1.086606113854596822e-01 3.137505276069355965e+09 1.017579584072943355e+00
1.106848488549412035e-01 3.123641804384835243e+09 1.017608792312253874e+00
1.127467958244946084e-01 3.109803844134941101e+09 1.017629848122716618e+00
1.148471547840289042e-01 3.095967699024681568e+09 1.017646742598107279e+00
1.169866413101306873e-01 3.082104649946219921e+09 1.017664362344695261e+00
1.191659843098558796e-01 3.068182894317251205e+09 1.017688164453581789e+00
1.213859262690627772e-01 3.054169777069574356e+09 1.017723726519488725e+00
1.236472235053715091e-01 3.040063644062786579e+09 1.017770242012514315e+00
1.259506464258357550e-01 3.025888041800490856e+09 1.017821547525277870e+00
1.282969797894147612e-01 3.011669196973519802e+09 1.017870618893147228e+00
1.306870229743346268e-01 2.997435457331818104e+09 1.017909680931357475e+00
1.331215902504307713e-01 2.983203640142652512e+09 1.017935663223395126e+00
1.356015110565633452e-01 2.968966683825965405e+09 1.017955291277273577e+00
1.381276302832009362e-01 2.954713882677745342e+09 1.017977162901397392e+00
1.407008085602685088e-01 2.940433220836980343e+09 1.018010813467426390e+00
1.433219225503573890e-01 2.926114944340231895e+09 1.018060488092273230e+00
1.459918652473978506e-01 2.911755055501434326e+09 1.018118856709083531e+00
1.487115462808953625e-01 2.897349684509139538e+09 1.018176372851889999e+00
1.514818922258345801e-01 2.882895002730128765e+09 1.018222800129709782e+00
1.543038469183564687e-01 2.868399829947778225e+09 1.018255404545563847e+00
1.571783717773162781e-01 2.853886009678340912e+09 1.018279362460952742e+00
1.601064461318317811e-01 2.839377614611352921e+09 1.018300804609387766e+00
1.630890675549332702e-01 2.824892997676867008e+09 1.018325132300212044e+00
1.661272522034293042e-01 2.810423823274772167e+09 1.018352983266075817e+00
1.692220351641037235e-01 2.795954147397901535e+09 1.018383814700982271e+00
1.723744708063619790e-01 2.781466167672369480e+09 1.018417009522789574e+00
1.755856331414468730e-01 2.766940095206635952e+09 1.018451870204006404e+00
1.788566161883461958e-01 2.752354020701916695e+09 1.018487612175902557e+00
1.821885343465165230e-01 2.737685920057777882e+09 1.018523403173645869e+00
1.855825227755517060e-01 2.722938193433343887e+09 1.018558893762652406e+00
1.890397377819219571e-01 2.708131445969032288e+09 1.018594092721065714e+00
1.925613572129196704e-01 2.693288329023013115e+09 1.018629019821627457e+00
1.961485808579429280e-01 2.678433332899964333e+09 1.018663699639806186e+00
1.998026308572548593e-01 2.663592894081368923e+09 1.018698162008799146e+00
2.035247521183575770e-01 2.648791120740539551e+09 1.018732435300511163e+00
2.073162127401229071e-01 2.634032827949198723e+09 1.018766518529754306e+00
2.111783044448242164e-01 2.619316502008249760e+09 1.018800402219739221e+00
2.151123430182164953e-01 2.604640042443001270e+09 1.018834077934141380e+00
2.191196687578147451e-01 2.590000715121295929e+09 1.018867538425866748e+00
2.232016469295232397e-01 2.575395101703773975e+09 1.018900777796802215e+00
2.273596682327715113e-01 2.560819046069831371e+09 1.018933791670669775e+00
2.315951492743152096e-01 2.546267597592088223e+09 1.018966577379888827e+00
2.359095330508633737e-01 2.531734951137320995e+09 1.018999134167412723e+00
2.403042894406967056e-01 2.517214383681186676e+09 1.019031463404564519e+00
2.447809157044440187e-01 2.502698187436632633e+09 1.019063568825963051e+00
2.493409369951877785e-01 2.488177599411845207e+09 1.019095456782700859e+00
2.539859068780723761e-01 2.473644511596617222e+09 1.019127133019066100e+00
2.587174078595921300e-01 2.459101027582987309e+09 1.019158583872912027e+00
2.635370519267393186e-01 2.444553517975890636e+09 1.019189787539687142e+00
2.684464810961962322e-01 2.430008615842009068e+09 1.019220721876319402e+00
2.734473679737579599e-01 2.415473216412752151e+09 1.019251364456829956e+00
2.785414163241766161e-01 2.400954485299620628e+09 1.019281692617039603e+00
2.837303616516211324e-01 2.386459867147962570e+09 1.019311683504560806e+00
2.890159717909508430e-01 2.371997094772667885e+09 1.019341314134483589e+00
2.944000475100033709e-01 2.357574198823976517e+09 1.019370561451195645e+00
2.998844231231027613e-01 2.343199518036954880e+09 1.019399402396808041e+00
3.054709671159968054e-01 2.328880612430970669e+09 1.019427785326290525e+00
3.111615827824359970e-01 2.314620499360861301e+09 1.019455530015878741e+00
3.169582088726115021e-01 2.300420717296360970e+09 1.019482404436496736e+00
3.228628202536730218e-01 2.286282490119415760e+09 1.019508153908950776e+00
3.288774285825510346e-01 2.272206698057591915e+09 1.019532499422756366e+00
3.350040829913132900e-01 2.258193846755851746e+09 1.019555135844353311e+00
3.412448707852889229e-01 2.244244034388346195e+09 1.019575730008321024e+00
3.476019181541977754e-01 2.230356916697254658e+09 1.019593918684577272e+00
3.540773908965269556e-01 2.216531734571321011e+09 1.019609357607236033e+00
3.606734951574028236e-01 2.202768104836635590e+09 1.019622381516109844e+00
3.673924781802074269e-01 2.189065817765867233e+09 1.019633895447178862e+00
3.742366290721980682e-01 2.175424218865517139e+09 1.019644928596559419e+00
3.812082795843887983e-01 2.161842157781257153e+09 1.019656633099925713e+00
3.883098049059605095e-01 2.148317948123367310e+09 1.019670293871996147e+00
3.955436244734701345e-01 2.134849324842993498e+09 1.019687339136849724e+00
4.029122027951347884e-01 2.121433533200738192e+09 1.019709320914083950e+00
4.104180502904709038e-01 2.108072713522209167e+09 1.019736671600089961e+00
4.180637241455757991e-01 2.094776289448850155e+09 1.019768109016204294e+00
4.258518291843414461e-01 2.081554618176833391e+09 1.019802062419174815e+00
4.337850187558989212e-01 2.068418527518614531e+09 1.019836768223369106e+00
4.418659956385941334e-01 2.055379338296374798e+09 1.019870254432340362e+00
4.500975129608046355e-01 2.042448888456487417e+09 1.019900324034585193e+00
4.584823751389096036e-01 2.029637525631853342e+09 1.019925166333160327e+00
4.670234388327330621e-01 2.016947968105802774e+09 1.019945277701420627e+00
4.757236139187884794e-01 2.004380665154457331e+09 1.019961852088105303e+00
4.845858644816490868e-01 1.991935573474508286e+09 1.019976238171989458e+00
4.936132098237911991e-01 1.979612115062210560e+09 1.019989951985405652e+00
5.028087254942474882e-01 1.967409155639875174e+09 1.020004680088268278e+00
5.121755443364236493e-01 1.955326737648727417e+09 1.020021503336890456e+00
5.217168575554343990e-01 1.943367477829111099e+09 1.020040240686489019e+00
5.314359158053235666e-01 1.931534005445280790e+09 1.020060547164726161e+00
5.413360302965375404e-01 1.919828658216217518e+09 1.020082031930032551e+00
5.514205739240296555e-01 1.908253453725834370e+09 1.020104254495916019e+00
5.616929824163804374e-01 1.896810058758145094e+09 1.020126720694632949e+00
5.721567555063246102e-01 1.885499756400956631e+09 1.020148878364223410e+00
5.828154581230839959e-01 1.874323410750645638e+09 1.020170112742078583e+00
5.936727216069119795e-01 1.863281429042171478e+09 1.020189741547382622e+00
6.047322449462643190e-01 1.852373791590185404e+09 1.020207026251646498e+00
6.159977960380161877e-01 1.841602366059849501e+09 1.020221722062532033e+00
6.274732129711574347e-01 1.830971662355545998e+09 1.020234278417483376e+00
6.391624053343999412e-01 1.820486246086792231e+09 1.020245250567685336e+00
6.510693555481454897e-01 1.810150552273249388e+09 1.020255265579914639e+00
6.631981202212668958e-01 1.799968867422069311e+09 1.020265028203991564e+00
6.755528315331639222e-01 1.789945310176292896e+09 1.020275327150396816e+00
6.881376986415662644e-01 1.780083810404398680e+09 1.020287041805929995e+00
7.009570091165617800e-01 1.770388086065904379e+09 1.020301149254716044e+00
7.140151304013395706e-01 1.760859985040422678e+09 1.020318221873418807e+00
7.273165113001454074e-01 1.751495583576700449e+09 1.020337205483088816e+00
7.408656834939559843e-01 1.742288918950111151e+09 1.020356569444133665e+00
7.546672630843886953e-01 1.733232905820993662e+09 1.020374602994071678e+00
7.687259521663728501e-01 1.724319243343124866e+09 1.020389400917776523e+00
7.830465404301183430e-01 1.715538315731981516e+09 1.020398848273031955e+00
7.976339067929273385e-01 1.706879086031629562e+09 1.020400604123171462e+00
8.124930210614047521e-01 1.698331229064572334e+09 1.020393032779304932e+00
8.276289456246344045e-01 1.689897955445569515e+09 1.020380702567049491e+00
8.430468371788967241e-01 1.681588450729981899e+09 1.020371355147178916e+00
8.587519484845170803e-01 1.673412300579871893e+09 1.020373633501047150e+00
8.747496301554414933e-01 1.665379495649659157e+09 1.020397146979145742e+00
8.910453324821513421e-01 1.657500453484832764e+09 1.020452548622852618e+00
9.076446072885356875e-01 1.649785604118229151e+09 1.020550832447856049e+00
9.245531098233570333e-01 1.642233156056543350e+09 1.020681293725832717e+00
9.417766006869519035e-01 1.634826134378578901e+09 1.020805673827106297e+00
9.593209477938241525e-01 1.627544611311857224e+09 1.020879830950419231e+00
9.771921283717996953e-01 1.620366232948386908e+09 1.020854649456388596e+00
9.953962309984233370e-01 1.613266028208716631e+09 1.020675685296558388e+00
1.013939457675291811e+00 1.606218699136420012e+09 1.020288719657457266e+00
1.032828125941028574e+00 1.599218351743387699e+09 1.019686948739688015e+00
1.052068671023622892e+00 1.592269908996965885e+09 1.018891635695514442e+00
1.071667648032863296e+00 1.585378558652991056e+09 1.017927516877501271e+00
1.091631734193614811e+00 1.578549668925184488e+09 1.016822805382417982e+00
1.111967731120699021e+00 1.571788794641499043e+09 1.015609423206182971e+00
1.132682567136153784e+00 1.565101683781499624e+09 1.014323253106151235e+00
1.153783299629660863e+00 1.558494284428826809e+09 1.013004414839434153e+00
1.175277117462945276e+00 1.551972752175846338e+09 1.011697571565732590e+00
1.197171343418965694e+00 1.545543458020179510e+09 1.010452273549539148e+00
1.219473436696737023e+00 1.539212996797296524e+09 1.009323347917705949e+00
1.242190995452616242e+00 1.532988196196167707e+09 1.008371345185049783e+00
1.265331759388941713e+00 1.526875353436082363e+09 1.007658621020196099e+00
1.288903612390891462e+00 1.520871531388481855e+09 1.007199690230694333e+00
1.312914585212463958e+00 1.514966738561021328e+09 1.006973425360058627e+00
1.337372858212495075e+00 1.509149458112994671e+09 1.006954866432689499e+00
1.362286764141645401e+00 1.503406634399266958e+09 1.007115461695370362e+00
1.387664790981307128e+00 1.497723549729988098e+09 1.007422697172051240e+00
1.413515584835394190e+00 1.492083693861799955e+09 1.007839702576854402e+00
1.439847952876006643e+00 1.486468626303304434e+09 1.008324835720965318e+00
1.466670866343967150e+00 1.480857831657427549e+09 1.008831248755750032e+00
1.493993463605256311e+00 1.475228568395539284e+09 1.009306441085859873e+00
1.521825053264385552e+00 1.469558081572776794e+09 1.009697683389401135e+00
1.550175117335768737e+00 1.463840274576075792e+09 1.009993614569580700e+00
1.579053314474174297e+00 1.458077562591607332e+09 1.010204820500716583e+00
1.608469483265355215e+00 1.452272627371795654e+09 1.010343652058956820e+00
1.638433645577983100e+00 1.446428379826121569e+09 1.010424231111691329e+00
1.668956009978023181e+00 1.440547972847278833e+09 1.010462588587131227e+00
1.700046975206716438e+00 1.434634814824509859e+09 1.010476813481635761e+00
1.731717133723352786e+00 1.428692583891921997e+09 1.010487214411542656e+00
1.763977275314043469e+00 1.422725147592677593e+09 1.010516106436171180e+00
1.796838390767719229e+00 1.416733481834490776e+09 1.010575302990058599e+00
1.830311675620611256e+00 1.410714663324728727e+09 1.010661824940279008e+00
1.864408533970485227e+00 1.404665160605328083e+09 1.010771266302527671e+00
1.899140582361933616e+00 1.398581019676719904e+09 1.010898617204513572e+00
1.934519653744044332e+00 1.392457833757434845e+09 1.011038212541099934e+00
1.970557801501798378e+00 1.386290711491796732e+09 1.011183677226796584e+00
2.007267303562568106e+00 1.380074252071913242e+09 1.011327878671790081e+00
2.044660666579115826e+00 1.373804428384162426e+09 1.011465302826435542e+00
2.082750630190514318e+00 1.367481246540072680e+09 1.011595489442365770e+00
2.121550171362450055e+00 1.361105317453554630e+09 1.011718756345265646e+00
2.161072508808376647e+00 1.354677290579388380e+09 1.011835491757806738e+00
2.201331107493030181e+00 1.348197854430377960e+09 1.011946160708981690e+00
2.242339683219845003e+00 1.341667737062922001e+09 1.012051311905143969e+00
2.284112207303823361e+00 1.335087706528907537e+09 1.012151585093759243e+00
2.326662911331458083e+00 1.328458571291218519e+09 1.012247718953120268e+00
2.370006292009327886e+00 1.321781180600523472e+09 1.012340559543763119e+00
2.414157116103017753e+00 1.315056424830638885e+09 1.012431069360010039e+00
2.459130425468043946e+00 1.308285235769964695e+09 1.012520337023054884e+00
2.504941542174502267e+00 1.301468586865517378e+09 1.012609587326495530e+00
2.551606073727183954e+00 1.294607492863526344e+09 1.012699813828429107e+00
2.599139918382932901e+00 1.287703008804230213e+09 1.012790992589032824e+00
2.647559270567066747e+00 1.280756231302182674e+09 1.012882885709373015e+00
2.696880626390692370e+00 1.273768298840901613e+09 1.012975228166544062e+00
2.747120789270811603e+00 1.266740391725885391e+09 1.013067725706789934e+00
2.798296875655115645e+00 1.259673731972162485e+09 1.013160052597204874e+00
2.850426320853434614e+00 1.252569583123282433e+09 1.013251849227369439e+00
2.903526884977813971e+00 1.245429249998146534e+09 1.013342719551806326e+00
2.957616658993253544e+00 1.238254078362534523e+09 1.013432228363656540e+00
3.012714070881164385e+00 1.231045457268193483e+09 1.013519900250042571e+00
3.068837891917642224e+00 1.223805238220738411e+09 1.013605502527792579e+00
3.126007243068700259e+00 1.216536237500824213e+09 1.013689395443789332e+00
3.184241601504649744e+00 1.209241540326692820e+09 1.013772068826907624e+00
3.243560807235807975e+00 1.201924405226573944e+09 1.013854078272466985e+00
3.303985069871854918e+00 1.194588271069074869e+09 1.013936050606670580e+00
3.365534975507090909e+00 1.187236764428675413e+09 1.014018689736025713e+00
3.428231493733967294e+00 1.179873707314692974e+09 1.014102782907869038e+00
3.492095984787267682e+00 1.172503125295633793e+09 1.014189207410047810e+00
3.557150206821382277e+00 1.165128963292412519e+09 1.014278777278210919e+00
3.623416323323146226e+00 1.157753628723781824e+09 1.014371437147000066e+00
3.690916910662774608e+00 1.150378945737082481e+09 1.014466763289532336e+00
3.759674965785463563e+00 1.143006734654249430e+09 1.014564274860029647e+00
3.829713914046277257e+00 1.135638808726432323e+09 1.014663429660818794e+00
3.901057617190989202e+00 1.128276969845202208e+09 1.014763619163856490e+00
3.973730381485604202e+00 1.120923003975998878e+09 1.014864163191678603e+00
4.047756965997318268e+00 1.113578709552703142e+09 1.014964355758636971e+00
4.123162591029748469e+00 1.106246292672154665e+09 1.015064085205621858e+00
4.199972946715301525e+00 1.098928270305824995e+09 1.015163707264819637e+00
4.278214201767612579e+00 1.091627196625958681e+09 1.015263633511542585e+00
4.357913012397025554e+00 1.084345655397997856e+09 1.015364326705628928e+00
4.439096531392166867e+00 1.077086257808165312e+09 1.015466304982627133e+00
4.521792417370697592e+00 1.069851640148973703e+09 1.015570146338992785e+00
4.606028844202397998e+00 1.062644461356011152e+09 1.015676493431066918e+00
4.691834510607794329e+00 1.055467400388769388e+09 1.015786058709021500e+00
4.779238649935595440e+00 1.048323153447569609e+09 1.015899629908503687e+00
4.868271040122278848e+00 1.041214431017682910e+09 1.016018075924372210e+00
4.958962013837211913e+00 1.034143954731101274e+09 1.016142353092754691e+00
5.051342468816761411e+00 1.027114427260023832e+09 1.016273500675993757e+00
5.145443878390924652e+00 1.020128058117561936e+09 1.016412448807427538e+00
5.241298302206056192e+00 1.013186573045374155e+09 1.016560024408886154e+00
5.338938397147350301e+00 1.006291594453846693e+09 1.016717116761212347e+00
5.438397428464796235e+00 9.994446454457268715e+08 1.016884688116626245e+00
5.539709281106400596e+00 9.926471394406645298e+08 1.017063778905157312e+00
5.642908471262536807e+00 9.859003691227964163e+08 1.017255513293704450e+00
5.748030158125351008e+00 9.792054946641029119e+08 1.017461105122255294e+00
5.855110155867238042e+00 9.725635311729921103e+08 1.017681864243710654e+00
5.964184945842459840e+00 9.659753353142068386e+08 1.017919203295851505e+00
6.075291689016070862e+00 9.594416158445274830e+08 1.018174670960677819e+00
6.188468238624382778e+00 9.529631807688012123e+08 1.018450237866354025e+00
6.303753153071275150e+00 9.465408439019757509e+08 1.018748233435108785e+00
6.421185709064758385e+00 9.401752445670930147e+08 1.019071188140804995e+00
6.540805914998252923e+00 9.338668293516367674e+08 1.019421845317449948e+00
6.662654524581149929e+00 9.276158355049378872e+08 1.019803176828120828e+00
6.786773050723295064e+00 9.214222732184312344e+08 1.020218399879322391e+00
6.913203779678127603e+00 9.152859067152003050e+08 1.020670995074629994e+00
7.041989785449288775e+00 9.092062419741170406e+08 1.021164735148309965e+00
7.173174944465612768e+00 9.031830163301539421e+08 1.021704314493728782e+00
7.306803950529499936e+00 8.972165430377309322e+08 1.022295834523854419e+00
7.442922330043757917e+00 8.913069973972195387e+08 1.022946034540929805e+00
7.581576457522110069e+00 8.854543288261892796e+08 1.023662252898586589e+00
7.722813571388642551e+00 8.796582419858387709e+08 1.024452474226989152e+00
7.866681790071582192e+00 8.739181766275609732e+08 1.025325380663855368e+00
8.013230128396878982e+00 8.682332862779909372e+08 1.026290407503308355e+00
8.162508514287219796e+00 8.626027794580056667e+08 1.027357785400511814e+00
8.314567805772055564e+00 8.570267027608309984e+08 1.028538564654461807e+00
8.469459808314576676e+00 8.515050976503612995e+08 1.029844726765112961e+00
8.627237292461440887e+00 8.460377784481778145e+08 1.031289272424242398e+00
8.787954011821311084e+00 8.406243133682943583e+08 1.032886306806668708e+00
8.951664721378293166e+00 8.352640042586541176e+08 1.034651133197224349e+00
9.118425196146562328e+00 8.299558649695941210e+08 1.036600355972289611e+00
9.288292250172489162e+00 8.246985982680060863e+08 1.038751994102130372e+00
9.461323755890759912e+00 8.194905712152621746e+08 1.041125606511357660e+00
9.637578663841079418e+00 8.143297889277505875e+08 1.043742430833715984e+00
9.817117022752183786e+00 8.092138666407277584e+08 1.046625537328992106e+00
1.000000000000000000e+01 8.041400000000009537e+08 1.049800000000000066e+00
