# Source: PRIMAT compilation, https://doi.org/10.1016/j.physrep.2018.04.005
1.000000000000000021e-03 1.322000000000001349e-08 1.010999999999999899e+00
1.018628990244687619e-03 1.638998541024835271e-08 1.010999999999999899e+00
1.037605019766911670e-03 2.034630191685526508e-08 1.010999999999999899e+00
1.056934553557988335e-03 2.528881725199824119e-08 1.010999999999999899e+00
1.076624177045493267e-03 3.146899218930857436e-08 1.010999999999999899e+00
1.096680598336868600e-03 3.920328367893745026e-08 1.010999999999999899e+00
1.117110650504824203e-03 4.889001730666275812e-08 1.010999999999999899e+00
1.137921293915315117e-03 6.103061318944630182e-08 1.010999999999999899e+00
1.159119618598885779e-03 7.625626777445976697e-08 1.010999999999999899e+00
1.180712846666190276e-03 9.536146343207996489e-08 1.010999999999999899e+00
1.202708334768511989e-03 1.193460090963021884e-07 1.010999999999999899e+00
1.225113576604118949e-03 1.494677213104801311e-07 1.010999999999999899e+00
1.247936205471311460e-03 1.873083508249719191e-07 1.010999999999999899e+00
1.271183996869028896e-03 2.348559626319969476e-07 1.010999999999999899e+00
1.294864871145904933e-03 2.946077067322826467e-07 1.010999999999999899e+00
1.318986896198670470e-03 3.696977952318817580e-07 1.010999999999999899e+00
1.343558290220826226e-03 4.640565532213210045e-07 1.010999999999999899e+00
1.368587424502519176e-03 5.826076631360235320e-07 1.010999999999999899e+00
1.394082826282578647e-03 7.315122034997302891e-07 1.010999999999999899e+00
1.420053181653683095e-03 9.184698226357409833e-07 1.010999999999999899e+00
1.446507338521647217e-03 1.153089415471559818e-06 1.010999999999999899e+00
1.473454309619835756e-03 1.447344014667675723e-06 1.010999999999999899e+00
1.500903275579736594e-03 1.816127290028469585e-06 1.010999999999999899e+00
1.528863588058731147e-03 2.277932090455937905e-06 1.010999999999999899e+00
1.557344772926135207e-03 2.855674869541518150e-06 1.010999999999999899e+00
1.586356533508589657e-03 3.577693605987924653e-06 1.010999999999999899e+00
1.615908753895919101e-03 4.478950944570146928e-06 1.010999999999999899e+00
1.646011502308549748e-03 5.602478704761808702e-06 1.010999999999999899e+00
1.676675034527699143e-03 7.001104573954348788e-06 1.010999999999999899e+00
1.707909797389426916e-03 8.739506640081500113e-06 1.010999999999999899e+00
1.739726432343800767e-03 1.089664632422193100e-05 1.010999999999999899e+00
1.772135779080358372e-03 1.356863513296573610e-05 1.010999999999999899e+00
1.805148879221108154e-03 1.687209534577751118e-05 1.010999999999999899e+00
1.838776980082326793e-03 2.094807918305982827e-05 1.010999999999999899e+00
1.873031538506436536e-03 2.596661510955628908e-05 1.010999999999999899e+00
1.907924224765265072e-03 3.213195374387087483e-05 1.010999999999999899e+00
1.943466926536020246e-03 3.968858953744345674e-05 1.010999999999999899e+00
1.979671752951332481e-03 4.892813833702195557e-05 1.010999999999999899e+00
2.016551038724746607e-03 6.019715583850120160e-05 1.010999999999999899e+00
2.054117348353064112e-03 7.390598887679226470e-05 1.010999999999999899e+00
2.092383480396977150e-03 9.053876212425308987e-05 1.010999999999999899e+00
2.131362471841437810e-03 1.106646194426718895e-04 1.010999999999999899e+00
2.171067602537264923e-03 1.349503650926174884e-04 1.010999999999999899e+00
2.211512399725488933e-03 1.641746895919054194e-04 1.010999999999999899e+00
2.252710642645980484e-03 1.992442239271540599e-04 1.010999999999999899e+00
2.294676367231936100e-03 2.412117514123310845e-04 1.010999999999999899e+00
2.337423870891814758e-03 2.912970281564922605e-04 1.010999999999999899e+00
2.380967717380358135e-03 3.509108328181319075e-04 1.010999999999999899e+00
2.425322741760352948e-03 4.216830993512508670e-04 1.010999999999999899e+00
2.470504055456825433e-03 5.054963024102256857e-04 1.010999999999999899e+00
2.516527051405391836e-03 6.045256895274365213e-04 1.010999999999999899e+00
2.563407409296514835e-03 7.212885209496208401e-04 1.010999999999999899e+00
2.611161100917459583e-03 8.587052328035025758e-04 1.010999999999999899e+00
2.659804395593758260e-03 1.020176444955452934e-03 1.010999999999999899e+00
2.709353865732051433e-03 1.209681079712903156e-03 1.010999999999999899e+00
2.759826392466180594e-03 1.431902667005489774e-03 1.010999999999999899e+00
2.811239171408464344e-03 1.692393367278462353e-03 1.010999999999999899e+00
2.863609718508115885e-03 1.997788609989274711e-03 1.010999999999999899e+00
2.916955876018795853e-03 2.356089914224206768e-03 1.010999999999999899e+00
2.971295818577334054e-03 2.777040010602031556e-03 1.010999999999999899e+00
3.026648059395692196e-03 3.272591255946230831e-03 1.010999999999999899e+00
3.083031456568277075e-03 3.856584669256817206e-03 1.010999999999999899e+00
3.140465219496752208e-03 4.544518552677521799e-03 1.010999999999999899e+00
3.198968915434537586e-03 5.354426157707101522e-03 1.010999999999999899e+00
3.258562476153226226e-03 6.307296981042177612e-03 1.010999999999999899e+00
3.319266204733189573e-03 7.427511224602709183e-03 1.010999999999999899e+00
3.381100782480685445e-03 8.743324958782305520e-03 1.010999999999999899e+00
3.444087275973823411e-03 1.028740861357082571e-02 1.010999999999999899e+00
3.508247144239792347e-03 1.209744067758906916e-02 1.010999999999999899e+00
3.573602246065788347e-03 1.421675746894176216e-02 1.010999999999999899e+00
3.640174847446141400e-03 1.669505851811820679e-02 1.010999999999999899e+00
3.707987629168172684e-03 1.958916544148939579e-02 1.010999999999999899e+00
3.777063694539364597e-03 2.296383016363802779e-02 1.010999999999999899e+00
3.847426577258505898e-03 2.689258596227701512e-02 1.010999999999999899e+00
3.919100249433401899e-03 3.145863207664589128e-02 1.010999999999999899e+00
3.992109129748053209e-03 3.675573958328334084e-02 1.010999999999999899e+00
4.066478091781853925e-03 4.288953008993435373e-02 1.010999999999999899e+00
4.142232472483897525e-03 4.998072833604787907e-02 1.010999999999999899e+00
4.219398080805024202e-03 5.816664172127332388e-02 1.010999999999999899e+00
4.298001206490798497e-03 6.760282051330865349e-02 1.010999999999999899e+00
4.378068629038166758e-03 7.846558003622064459e-02 1.010999999999999899e+00
4.459627626819095622e-03 9.095500540447047644e-02 1.010999999999999899e+00
4.542705986374042521e-03 1.052985716281206324e-01 1.010999999999999899e+00
4.627332011878692967e-03 1.217555528268467885e-01 1.010999999999999899e+00
4.713534534786906725e-03 1.406224466558514130e-01 1.010999999999999899e+00
4.801342923653449841e-03 1.622397081761325632e-01 1.010999999999999899e+00
4.890787094139589959e-03 1.870001764888723772e-01 1.010999999999999899e+00
4.981897519205159656e-03 2.153596947070468282e-01 1.010999999999999899e+00
5.074705239490466188e-03 2.478458606553595178e-01 1.010999999999999899e+00
5.169241873891598608e-03 2.850356997411684912e-01 1.010999999999999899e+00
5.265539630332755246e-03 3.275658456231693161e-01 1.010999999999999899e+00
5.363631316739239652e-03 3.761512677227403789e-01 1.010999999999999899e+00
5.463550352214875498e-03 4.315941189292427094e-01 1.010999999999999899e+00
5.565330778427646403e-03 4.947935760121958682e-01 1.010999999999999899e+00
5.669007271207434327e-03 5.667569334319751961e-01 1.010999999999999899e+00
5.774615152359819509e-03 6.486122119425569155e-01 1.010999999999999899e+00
5.882190401699956099e-03 7.416226195913492303e-01 1.010999999999999899e+00
5.991769669310619169e-03 8.472033005712487075e-01 1.010999999999999899e+00
6.103390288028621123e-03 9.669375326991375141e-01 1.010999999999999899e+00
6.217090286163826779e-03 1.102581003886366817e+00 1.010999999999999899e+00
6.332908400455114321e-03 1.256087467264064950e+00 1.010999999999999899e+00
6.450884089267692675e-03 1.429637455987062600e+00 1.010999999999999899e+00
6.571057546036270826e-03 1.625667624943781586e+00 1.010999999999999899e+00
6.693469712958660493e-03 1.846905739401363045e+00 1.010999999999999899e+00
6.818162294944479437e-03 2.096412811799712284e+00 1.010999999999999899e+00
6.945177773823696388e-03 2.377634301475124445e+00 1.010999999999999899e+00
7.074559422819878297e-03 2.694455004594273451e+00 1.010999999999999899e+00
7.206351321293052656e-03 3.051127837144131494e+00 1.010999999999999899e+00
7.340598369757212090e-03 3.452274996951711916e+00 1.010999999999999899e+00
7.477346305177588227e-03 3.903011191990315876e+00 1.010999999999999899e+00
7.616641716552892058e-03 4.409002860845979477e+00 1.010999999999999899e+00
7.758532060787835978e-03 4.976534374233361646e+00 1.010999999999999899e+00
7.903065678861348128e-03 5.612586466561807264e+00 1.010999999999999899e+00
8.050291812295981564e-03 6.324928064368896763e+00 1.010999999999999899e+00
8.200260619934130954e-03 7.122096088883205667e+00 1.010999999999999899e+00
8.353023195026778799e-03 8.013346011395553248e+00 1.010999999999999899e+00
8.508631582640582489e-03 9.008854078473348181e+00 1.010999999999999899e+00
8.667138797389234081e-03 1.011983629773288662e+01 1.010999999999999899e+00
8.828598841495149604e-03 1.135867437710670735e+01 1.010999999999999899e+00
8.993066723187623582e-03 1.273906667773551327e+01 1.010999999999999899e+00
9.160598475443709407e-03 1.427613450519557858e+01 1.010999999999999899e+00
9.331251175078249249e-03 1.598627647373668026e+01 1.010999999999999899e+00
9.505082962189511861e-03 1.788745298931087291e+01 1.010999999999999899e+00
9.682153059967075343e-03 1.999946586600666976e+01 1.010999999999999899e+00
9.862521794868784469e-03 2.234420709688522422e+01 1.010999999999999899e+00
1.004625061717340749e-02 2.494595779925285228e+01 1.010999999999999899e+00
1.023340212191641702e-02 2.783121715118570805e+01 1.010999999999999899e+00
1.042404007021556327e-02 3.102817315119123265e+01 1.010999999999999899e+00
1.061822941099384125e-02 3.456749904254182582e+01 1.010999999999999899e+00
1.081603630310709954e-02 3.848272645330362707e+01 1.010999999999999899e+00
1.101752813788386791e-02 4.281058081760748735e+01 1.010999999999999899e+00
1.122277356208507652e-02 4.759109625723728954e+01 1.010999999999999899e+00
1.143184250129149725e-02 5.286720827135518874e+01 1.010999999999999899e+00
1.164480618372686072e-02 5.868551648190062764e+01 1.010999999999999899e+00
1.186173716452478509e-02 6.509685171686487593e+01 1.010999999999999899e+00
1.208270935044776506e-02 7.215679609378349824e+01 1.010999999999999899e+00
1.230779802506665188e-02 7.992599176964435514e+01 1.010999999999999899e+00
1.253707987440920262e-02 8.847054234337932144e+01 1.010999999999999899e+00
1.277063301308643990e-02 9.786311370137518395e+01 1.010999999999999899e+00
1.300853701090571267e-02 1.081839735214013132e+02 1.010999999999999899e+00
1.325087291997953214e-02 1.195201536714307480e+02 1.010999999999999899e+00
1.349772330233941706e-02 1.319594338358605512e+02 1.010999999999999899e+00
1.374917225806419029e-02 1.455936403742737468e+02 1.010999999999999899e+00
1.400530545393219653e-02 1.605200665812698730e+02 1.010999999999999899e+00
1.426621015260736910e-02 1.768441757172535063e+02 1.010999999999999899e+00
1.453197524236895383e-02 1.946895262288332447e+02 1.010999999999999899e+00
1.480269126739508674e-02 2.141960272651180901e+02 1.010999999999999899e+00
1.507845045861051086e-02 2.355209237413622816e+02 1.010999999999999899e+00
1.535934676510897039e-02 2.588298590859408819e+02 1.010999999999999899e+00
1.564547588616095955e-02 2.842821340707765785e+02 1.010999999999999899e+00
1.593693530381774456e-02 3.120435335726488688e+02 1.010999999999999899e+00
1.623382431612278159e-02 3.422891493325392389e+02 1.010999999999999899e+00
1.653624407094180307e-02 3.752124162929542308e+02 1.010999999999999899e+00
1.684429760042315330e-02 4.110253730702635835e+02 1.010999999999999899e+00
1.715808985610004986e-02 4.499575902994578769e+02 1.010999999999999899e+00
1.747772774464680795e-02 4.922587136356399355e+02 1.010999999999999899e+00
1.780332016430113962e-02 5.382016457212081377e+02 1.010999999999999899e+00
1.813497804196495186e-02 5.880861326669105438e+02 1.010999999999999899e+00
1.847281437099634188e-02 6.422284862818798956e+02 1.010999999999999899e+00
1.881694424970555696e-02 7.009533241105159505e+02 1.010999999999999899e+00
1.916748492056815148e-02 7.646084888645528963e+02 1.010999999999999899e+00
1.952455581016860828e-02 8.335691514366094452e+02 1.010999999999999899e+00
1.988827856988809734e-02 9.082416115221868722e+02 1.010999999999999899e+00
2.025877711735016989e-02 9.890653385337710688e+02 1.010999999999999899e+00
2.063617767863858837e-02 1.076489124864395990e+03 1.010999999999999899e+00
2.102060883130158278e-02 1.170973515209792822e+03 1.010999999999999899e+00
2.141220154815729262e-02 1.273005577739447290e+03 1.010999999999999899e+00
2.181108924191518805e-02 1.383101465107907188e+03 1.010999999999999899e+00
2.221740781062883641e-02 1.501809397813011856e+03 1.010999999999999899e+00
2.263129568399528321e-02 1.629713430223381010e+03 1.010999999999999899e+00
2.305289387051707301e-02 1.767438196990367715e+03 1.010999999999999899e+00
2.348234600554275145e-02 1.915654877062364903e+03 1.010999999999999899e+00
2.391979840020238418e-02 2.075088659421675857e+03 1.010999999999999899e+00
2.436540009125464853e-02 2.246528050774199983e+03 1.010999999999999899e+00
2.481930289186254010e-02 2.430836433152645441e+03 1.010999999999999899e+00
2.528166144331499277e-02 2.628960011373932502e+03 1.010999999999999899e+00
2.575263326771199887e-02 2.841846215694987222e+03 1.010999999999999899e+00
2.623237882163122203e-02 3.070435450930278421e+03 1.010999999999999899e+00
2.672106155079433804e-02 3.315720244361331424e+03 1.010999999999999899e+00
2.721884794575178332e-02 3.578752908508652126e+03 1.010999999999999899e+00
2.772590759860482645e-02 3.860653248821732632e+03 1.010999999999999899e+00
2.824241326078434297e-02 4.162618242795228070e+03 1.010999999999999899e+00
2.876854090190592711e-02 4.485934137903018382e+03 1.010999999999999899e+00
2.930446976972142861e-02 4.831991500307428396e+03 1.010999999999999899e+00
2.985038245118730796e-02 5.202303847383027460e+03 1.010999999999999899e+00
3.040646493467067182e-02 5.598508845590532474e+03 1.010999999999999899e+00
3.097290667331408301e-02 6.022184199956407610e+03 1.010999999999999899e+00
3.154990064958086704e-02 6.474874133214066205e+03 1.010999999999999899e+00
3.213764344100276948e-02 6.958181427991548844e+03 1.010999999999999899e+00
3.273633528715245988e-02 7.473772619489872341e+03 1.010999999999999899e+00
3.334618015786364187e-02 8.023383807355017780e+03 1.010999999999999899e+00
3.396738582272208068e-02 8.608828538994723203e+03 1.010999999999999899e+00
3.460016392185108480e-02 9.232008287699412904e+03 1.010999999999999899e+00
3.524473003801584237e-02 9.894926140772915460e+03 1.010999999999999899e+00
3.590130377007068330e-02 1.059970441858186678e+04 1.010999999999999899e+00
3.657010880777489259e-02 1.134860706793828467e+04 1.010999999999999899e+00
3.725137300800209633e-02 1.214406781647652315e+04 1.010999999999999899e+00
3.794532847236938011e-02 1.298872524396682456e+04 1.010999999999999899e+00
3.865221162631261864e-02 1.388546612891457517e+04 1.010999999999999899e+00
3.937226329963479377e-02 1.483747867380319076e+04 1.010999999999999899e+00
4.010572880855495931e-02 1.584831694747313668e+04 1.010999999999999899e+00
4.085285803928561527e-02 1.692166605475814504e+04 1.010999999999999899e+00
4.161390553316707264e-02 1.806072510590077582e+04 1.010999999999999899e+00
4.238913057338778573e-02 1.926868613877697862e+04 1.010999999999999899e+00
4.317879727332021161e-02 2.054885465130428929e+04 1.010999999999999899e+00
4.398317466650223523e-02 2.190466309610704411e+04 1.010999999999999899e+00
4.480253679829489938e-02 2.333968896828227298e+04 1.010999999999999899e+00
4.563716281924758839e-02 2.485767852726613273e+04 1.010999999999999899e+00
4.648733708020256344e-02 2.646257736227225905e+04 1.010999999999999899e+00
4.735334922917116413e-02 2.815856920409382656e+04 1.010999999999999899e+00
4.823549431001467047e-02 2.995012460969010863e+04 1.010999999999999899e+00
4.913407286296361809e-02 3.184206140721698102e+04 1.010999999999999899e+00
5.004939102700953213e-02 3.383961906417071441e+04 1.010999999999999899e+00
5.098176064420424647e-02 3.594827010748993052e+04 1.010999999999999899e+00
5.193149936590212012e-02 3.817296706449532940e+04 1.010999999999999899e+00
5.289893076098151070e-02 4.051867091571101628e+04 1.010999999999999899e+00
5.388438442608223938e-02 4.299055485854804283e+04 1.010999999999999899e+00
5.488819609789671872e-02 4.559404799781301699e+04 1.010999999999999899e+00
5.591070776755290017e-02 4.833489088836612791e+04 1.010999999999999899e+00
5.695226779712821846e-02 5.121920516911637969e+04 1.010999999999999899e+00
5.801323103833375128e-02 5.425357986842907121e+04 1.010999999999999899e+00
5.909395895340967958e-02 5.744517736155754392e+04 1.010999999999999899e+00
6.019481973827271043e-02 6.080186021255043306e+04 1.010999999999999899e+00
6.131618844795772016e-02 6.433163268714338483e+04 1.010999999999999899e+00
6.245844712439614643e-02 6.804143281372285855e+04 1.010999999999999899e+00
6.362198492657485105e-02 7.193822032122901874e+04 1.010999999999999899e+00
6.480719826311967524e-02 7.602924018970804173e+04 1.010999999999999899e+00
6.601449092734885948e-02 8.032208965274899674e+04 1.010999999999999899e+00
6.724427423484245769e-02 8.482480283663363662e+04 1.010999999999999899e+00
6.849696716357443760e-02 8.954595619940814504e+04 1.010999999999999899e+00
6.977299649665534564e-02 9.449479839355080912e+04 1.010999999999999899e+00
7.107279696773415034e-02 9.968118413066050562e+04 1.010999999999999899e+00
7.239681140910873836e-02 1.051142478577919392e+05 1.010999999999999899e+00
7.374549090259549522e-02 1.108029695571322663e+05 1.010999999999999899e+00
7.511929493320965157e-02 1.167568212642621802e+05 1.010999999999999899e+00
7.651869154570821452e-02 1.229858958262746892e+05 1.010999999999999899e+00
7.794415750404946885e-02 1.295010628627253027e+05 1.010999999999999899e+00
7.939617845382279659e-02 1.363141587989393738e+05 1.010999999999999899e+00
8.087524908770453436e-02 1.434380729194445303e+05 1.010999999999999899e+00
8.238187331399605962e-02 1.508846963233367132e+05 1.010999999999999899e+00
8.391656442830157381e-02 1.586648036575987935e+05 1.010999999999999899e+00
8.547984528840409102e-02 1.667896196920372895e+05 1.010999999999999899e+00
8.707224849239916797e-02 1.752710025256398949e+05 1.010999999999999899e+00
8.869431656014709064e-02 1.841216148595307313e+05 1.010999999999999899e+00
9.034660211810524588e-02 1.933551288959907251e+05 1.010999999999999899e+00
9.202966808760409956e-02 2.029855271425416286e+05 1.010999999999999899e+00
9.374408787662991127e-02 2.130258113656641799e+05 1.010999999999999899e+00
9.549044557518077125e-02 2.234895300360877300e+05 1.010999999999999899e+00
9.726933615426168467e-02 2.343912303625288187e+05 1.010999999999999899e+00
9.908136566858666283e-02 2.457467211886553268e+05 1.010999999999999899e+00
1.009271514630570854e-01 2.575732657654946670e+05 1.010999999999999899e+00
1.028073223830864719e-01 2.698869739972644020e+05 1.010999999999999899e+00
1.047225189888434382e-01 2.827020616203221143e+05 1.010999999999999899e+00
1.066733937734857113e-01 2.960333363123944728e+05 1.010999999999999899e+00
1.086606113854596822e-01 3.098965343884147587e+05 1.010999999999999899e+00
1.106848488549412035e-01 3.243085731508582830e+05 1.010999999999999899e+00
1.127467958244946084e-01 3.392867028772218036e+05 1.010999999999999899e+00
1.148471547840289042e-01 3.548477633431035210e+05 1.010999999999999899e+00
1.169866413101306873e-01 3.710097831348335021e+05 1.010999999999999899e+00
1.191659843098558796e-01 3.877924800189274247e+05 1.010999999999999899e+00
1.213859262690627772e-01 4.052174347870823112e+05 1.010999999999999899e+00
1.236472235053715091e-01 4.233049033923767856e+05 1.010999999999999899e+00
1.259506464258357550e-01 4.420741256801509880e+05 1.010999999999999899e+00
1.282969797894147612e-01 4.615458981810094556e+05 1.010999999999999899e+00
1.306870229743346268e-01 4.817430274076514179e+05 1.010999999999999899e+00
1.331215902504307713e-01 5.026874341886807815e+05 1.010999999999999899e+00
1.356015110565633452e-01 5.243967023167362204e+05 1.010999999999999899e+00
1.381276302832009362e-01 5.468885335694954265e+05 1.010999999999999899e+00
1.407008085602685088e-01 5.701815858754949877e+05 1.010999999999999899e+00
1.433219225503573890e-01 5.942973883980355458e+05 1.010999999999999899e+00
1.459918652473978506e-01 6.192627404937256360e+05 1.010999999999999899e+00
1.487115462808953625e-01 6.451084440851117251e+05 1.010999999999999899e+00
1.514818922258345801e-01 6.718693152634324506e+05 1.010999999999999899e+00
1.543038469183564687e-01 6.995732371965958737e+05 1.010999999999999899e+00
1.571783717773162781e-01 7.282390335003706859e+05 1.010999999999999899e+00
1.601064461318317811e-01 7.578854739376610378e+05 1.010999999999999899e+00
1.630890675549332702e-01 7.885318479479553644e+05 1.010999999999999899e+00
1.661272522034293042e-01 8.201981013203146867e+05 1.010999999999999899e+00
1.692220351641037235e-01 8.529053665540062357e+05 1.010999999999999677e+00
1.723744708063619790e-01 8.866764931861660443e+05 1.010999999999999677e+00
1.755856331414468730e-01 9.215366308649949497e+05 1.010999999999999677e+00
1.788566161883461958e-01 9.575139237166227540e+05 1.010999999999999899e+00
1.821885343465165230e-01 9.946398948467535665e+05 1.011000000000000121e+00
1.855825227755517060e-01 1.032945073841065518e+06 1.011000000000000343e+00
1.890397377819219571e-01 1.072460208332514158e+06 1.011000000000000565e+00
1.925613572129196704e-01 1.113220160518823192e+06 1.011000000000000565e+00
1.961485808579429280e-01 1.155264998803650029e+06 1.011000000000000565e+00
1.998026308572548593e-01 1.198641201438951539e+06 1.010999999999999899e+00
2.035247521183575770e-01 1.243397412772032665e+06 1.010999999999999011e+00
2.073162127401229071e-01 1.289561942384418333e+06 1.010999999999997456e+00
2.111783044448242164e-01 1.337156324265311239e+06 1.010999999999995680e+00
2.151123430182164953e-01 1.386202488576500444e+06 1.010999999999993904e+00
2.191196687578147451e-01 1.436723184808907565e+06 1.010999999999992127e+00
2.232016469295232397e-01 1.488742501061822055e+06 1.010999999999990573e+00
2.273596682327715113e-01 1.542286493651814759e+06 1.010999999999989241e+00
2.315951492743152096e-01 1.597383941701500211e+06 1.010999999999988797e+00
2.359095330508633737e-01 1.654067242950326996e+06 1.010999999999989241e+00
2.403042894406967056e-01 1.712373468867521966e+06 1.010999999999990795e+00
2.447809157044440187e-01 1.772345599299718626e+06 1.010999999999994126e+00
2.493409369951877785e-01 1.834033959440193605e+06 1.010999999999999011e+00
2.539859068780723761e-01 1.897493124111034675e+06 1.011000000000006116e+00
2.587174078595921300e-01 1.962756127138552722e+06 1.011000000000014776e+00
2.635370519267393186e-01 2.029847139483152656e+06 1.011000000000023880e+00
2.684464810961962322e-01 2.098792011844436172e+06 1.011000000000032761e+00
2.734473679737579599e-01 2.169619093928565737e+06 1.011000000000039867e+00
2.785414163241766161e-01 2.242360184893920552e+06 1.011000000000044086e+00
2.837303616516211324e-01 2.317051654848069418e+06 1.011000000000044086e+00
2.890159717909508430e-01 2.393735758574588690e+06 1.011000000000037868e+00
2.944000475100033709e-01 2.472462165135627612e+06 1.011000000000024102e+00
2.998844231231027613e-01 2.553289729920751415e+06 1.011000000000000565e+00
3.054709671159968054e-01 2.636279865717221983e+06 1.010999999999966370e+00
3.111615827824359970e-01 2.721466229662439320e+06 1.010999999999925958e+00
3.169582088726115021e-01 2.808875610969183035e+06 1.010999999999885546e+00
3.228628202536730218e-01 2.898537577375231776e+06 1.010999999999852017e+00
3.288774285825510346e-01 2.990485571147279348e+06 1.010999999999833143e+00
3.350040829913132900e-01 3.084758198816321325e+06 1.010999999999837806e+00
3.412448707852889229e-01 3.181400738165268674e+06 1.010999999999875332e+00
3.476019181541977754e-01 3.280466888547574170e+06 1.010999999999956378e+00
3.540773908965269556e-01 3.382018604435276706e+06 1.011000000000090493e+00
3.606734951574028236e-01 3.486098889953753911e+06 1.011000000000263022e+00
3.673924781802074269e-01 3.592734468170509208e+06 1.011000000000437771e+00
3.742366290721980682e-01 3.701955142116799951e+06 1.011000000000574550e+00
3.812082795843887983e-01 3.813795562434140593e+06 1.011000000000628063e+00
3.883098049059605095e-01 3.928296790227533318e+06 1.011000000000548349e+00
3.955436244734701345e-01 4.045508113842305262e+06 1.011000000000280119e+00
4.029122027951347884e-01 4.165488613758672029e+06 1.010999999999764976e+00
4.104180502904709038e-01 4.288287019115702249e+06 1.010999999999043775e+00
4.180637241455757991e-01 4.413929900007299148e+06 1.010999999998306143e+00
4.258518291843414461e-01 4.542446380205329508e+06 1.010999999997774568e+00
4.337850187558989212e-01 4.673871600837762468e+06 1.010999999997696186e+00
4.418659956385941334e-01 4.808248582603849471e+06 1.010999999998345666e+00
4.500975129608046355e-01 4.945630379977410659e+06 1.011000000000026766e+00
4.584823751389096036e-01 5.086074941192147322e+06 1.011000000002841848e+00
4.670234388327330621e-01 5.229622717960232869e+06 1.011000000005974897e+00
4.757236139187884794e-01 5.376315728082423098e+06 1.011000000008283273e+00
4.845858644816490868e-01 5.526206114770052023e+06 1.011000000008494881e+00
4.936132098237911991e-01 5.679358686910004355e+06 1.011000000005196187e+00
5.028087254942474882e-01 5.835853392056941055e+06 1.010999999996838872e+00
5.121755443364236493e-01 5.995754196510572918e+06 1.010999999983016817e+00
5.217168575554343990e-01 6.159078119862173684e+06 1.010999999965548124e+00
5.314359158053235666e-01 6.325840029053996317e+06 1.010999999946698980e+00
5.413360302965375404e-01 6.496059215232251212e+06 1.010999999929005577e+00
5.514205739240296555e-01 6.669761229235050268e+06 1.010999999915295877e+00
5.616929824163804374e-01 6.846980013796092011e+06 1.010999999908712477e+00
5.721567555063246102e-01 7.027760365066368133e+06 1.010999999912737923e+00
5.828154581230839959e-01 7.212160759423727170e+06 1.010999999931219584e+00
5.936727216069119795e-01 7.400256585499439389e+06 1.010999999968399177e+00
6.047322449462643190e-01 7.592142287673154846e+06 1.011000000028726031e+00
6.159977960380161877e-01 7.787882272140271030e+06 1.011000000109605335e+00
6.274732129711574347e-01 7.987488402746748179e+06 1.011000000198727378e+00
6.391624053343999412e-01 8.190973826838941313e+06 1.011000000281733424e+00
6.510693555481454897e-01 8.398358619642427191e+06 1.011000000342610949e+00
6.631981202212668958e-01 8.609672170593885705e+06 1.011000000363562856e+00
6.755528315331639222e-01 8.824955930867329240e+06 1.011000000324867365e+00
6.881376986415662644e-01 9.044266560597784817e+06 1.011000000204728799e+00
7.009570091165617800e-01 9.267679510552586988e+06 1.010999999979125707e+00
7.140151304013395706e-01 9.495267845372186974e+06 1.010999999642142821e+00
7.273165113001454074e-01 9.727041396200932562e+06 1.010999999255229875e+00
7.408656834939559843e-01 9.963000456515580416e+06 1.010999998901126462e+00
7.546672630843886953e-01 1.020315267387072742e+07 1.010999998672116984e+00
7.687259521663728501e-01 1.044751568748725951e+07 1.010999998670786271e+00
7.830465404301183430e-01 1.069612015773441829e+07 1.010999999010826045e+00
7.976339067929273385e-01 1.094901322804572247e+07 1.010999999817896677e+00
8.124930210614047521e-01 1.120625074646091461e+07 1.011000001176349805e+00
8.276289456246344045e-01 1.146783061629409716e+07 1.011000002814966825e+00
8.430468371788967241e-01 1.173372725469356216e+07 1.011000004280012687e+00
8.587519484845170803e-01 1.200392154625342973e+07 1.011000005064954799e+00
8.747496301554414933e-01 1.227840368536858447e+07 1.011000004606678937e+00
8.910453324821513421e-01 1.255717634974232689e+07 1.011000002281056576e+00
9.076446072885356875e-01 1.284025836967088468e+07 1.010999997444548049e+00
9.245531098233570333e-01 1.312769017932312563e+07 1.010999990732756926e+00
9.417766006869519035e-01 1.341953899437723495e+07 1.010999984404549856e+00
9.593209477938241525e-01 1.371590291598831490e+07 1.010999981064750086e+00
9.771921283717996953e-01 1.401691685767884739e+07 1.010999983611200026e+00
9.953962309984233370e-01 1.432275928143681213e+07 1.010999995257773287e+00
1.013939457675291811e+00 1.463363551828111708e+07 1.011000019079262513e+00
1.032828125941028574e+00 1.494958403968656994e+07 1.011000054170504869e+00
1.052068671023622892e+00 1.527054240155741945e+07 1.011000097204663994e+00
1.071667648032863296e+00 1.559644620155142993e+07 1.011000144416080104e+00
1.091631734193614811e+00 1.592723178113591485e+07 1.011000191583341534e+00
1.111967731120699021e+00 1.626283839634653740e+07 1.011000233992721764e+00
1.132682567136153784e+00 1.660321074451959692e+07 1.011000266399102676e+00
1.153783299629660863e+00 1.694830188228833675e+07 1.011000282984231058e+00
1.175277117462945276e+00 1.729807657284682244e+07 1.011000277312135376e+00
1.197171343418965694e+00 1.765251510353428870e+07 1.011000242281526962e+00
1.219473436696737023e+00 1.801161761829357222e+07 1.011000170074990434e+00
1.242190995452616242e+00 1.837540901361671835e+07 1.011000052104767954e+00
1.265331759388941713e+00 1.874393659548945352e+07 1.010999880457576605e+00
1.288903612390891462e+00 1.911718464341589436e+07 1.010999664869787651e+00
1.312914585212463958e+00 1.949509269934510440e+07 1.010999428771162556e+00
1.337372858212495075e+00 1.987761390614627302e+07 1.010999198629374263e+00
1.362286764141645401e+00 2.026472038138557598e+07 1.010999003978817479e+00
1.387664790981307128e+00 2.065640813668804988e+07 1.010998877663570328e+00
1.413515584835394190e+00 2.105270261202659458e+07 1.010998856096951615e+00
1.439847952876006643e+00 2.145366488185871020e+07 1.010998979538727527e+00
1.466670866343967150e+00 2.185939859625800699e+07 1.010999292391090876e+00
1.493993463605256311e+00 2.227005772772830352e+07 1.010999843514597041e+00
1.521825053264385552e+00 2.268582347186710313e+07 1.011000670836535997e+00
1.550175117335768737e+00 2.310667979850942641e+07 1.011001689239499068e+00
1.579053314474174297e+00 2.353250612388260663e+07 1.011002741768088908e+00
1.608469483265355215e+00 2.396318570633940399e+07 1.011003652624890670e+00
1.638433645577983100e+00 2.439860946308567375e+07 1.011004226024591723e+00
1.668956009978023181e+00 2.483867958962744847e+07 1.011004244619799319e+00
1.700046975206716438e+00 2.528331367201055214e+07 1.011003467820178026e+00
1.731717133723352786e+00 2.573244933566686139e+07 1.011001629998305340e+00
1.763977275314043469e+00 2.618604709944378957e+07 1.010998453962276056e+00
1.796838390767719229e+00 2.664401705851464346e+07 1.010994150994390273e+00
1.830311675620611256e+00 2.710618994052247331e+07 1.010989596357415365e+00
1.864408533970485227e+00 2.757239933331707492e+07 1.010985807089753941e+00
1.899140582361933616e+00 2.804249094776091725e+07 1.010983916122515813e+00
1.934519653744044332e+00 2.851632717752524838e+07 1.010985181431221180e+00
1.970557801501798378e+00 2.899379223131494969e+07 1.010990995827655947e+00
2.007267303562568106e+00 2.947479776926928386e+07 1.011002896200974277e+00
2.044660666579115826e+00 2.995926266958289966e+07 1.011022293924560111e+00
2.082750630190514318e+00 3.044707913223902136e+07 1.011050083795227872e+00
2.121550171362450055e+00 3.093816275461786240e+07 1.011087141478499429e+00
2.161072508808376647e+00 3.143246691095654666e+07 1.011134410056426569e+00
2.201331107493030181e+00 3.192999033469094336e+07 1.011192904639298895e+00
2.242339683219845003e+00 3.243078551770935208e+07 1.011263717282359087e+00
2.284112207303823361e+00 3.293496799674034491e+07 1.011348022228471866e+00
2.326662911331458083e+00 3.344272660593797266e+07 1.011447081499316836e+00
2.370006292009327886e+00 3.395433478566455841e+07 1.011562250859428858e+00
2.414157116103017753e+00 3.447016305099519342e+07 1.011694986179347389e+00
2.459130425468043946e+00 3.499069274020992965e+07 1.011846850226240102e+00
2.504941542174502267e+00 3.551653097695383430e+07 1.012019518720183031e+00
2.551606073727183954e+00 3.604818881760104001e+07 1.012213435548384721e+00
2.599139918382932901e+00 3.658557150874136388e+07 1.012424967881737636e+00
2.647559270567066747e+00 3.712845624974531680e+07 1.012649238251527084e+00
2.696880626390692370e+00 3.767660867198916525e+07 1.012880751250798461e+00
2.747120789270811603e+00 3.822978401098114997e+07 1.013113342586670518e+00
2.798296875655115645e+00 3.878772853692007810e+07 1.013340124907895490e+00
2.850426320853434614e+00 3.935018126951359957e+07 1.013553430328279159e+00
2.903526884977813971e+00 3.991687600437008590e+07 1.013744749590908878e+00
2.957616658993253544e+00 4.048754367981588840e+07 1.013904667849099273e+00
3.012714070881164385e+00 4.106191535189303756e+07 1.014022834369746162e+00
3.068837891917642224e+00 4.163976234852984548e+07 1.014093624376569913e+00
3.126007243068700259e+00 4.222094878744792193e+07 1.014123147420333382e+00
3.184241601504649744e+00 4.280538030525127053e+07 1.014119944891233693e+00
3.243560807235807975e+00 4.339300225024674833e+07 1.014093692733192942e+00
3.303985069871854918e+00 4.398380728139874339e+07 1.014055291805074477e+00
3.365534975507090909e+00 4.457784376468913257e+07 1.014016965329652464e+00
3.428231493733967294e+00 4.517522503382245451e+07 1.013992364289014514e+00
3.492095984787267682e+00 4.577613958996121585e+07 1.013996681774429476e+00
3.557150206821382277e+00 4.638080802013211697e+07 1.014044042448320360e+00
3.623416323323146226e+00 4.698921279441812634e+07 1.014133766990027441e+00
3.690916910662774608e+00 4.760126132028434426e+07 1.014258915264151018e+00
3.759674965785463563e+00 4.821689615803274512e+07 1.014411589607453479e+00
3.829713914046277257e+00 4.883610200897766650e+07 1.014582860261230124e+00
3.901057617190989202e+00 4.945891328728867322e+07 1.014762678311996735e+00
3.973730381485604202e+00 5.008542247811734676e+07 1.014939783312087895e+00
4.047756965997318268e+00 5.071576867832779139e+07 1.015102266119308760e+00
4.123162591029748469e+00 5.134989209889483452e+07 1.015245494653730818e+00
4.199972946715301525e+00 5.198757776487691700e+07 1.015370461522894230e+00
4.278214201767612579e+00 5.262862193071314692e+07 1.015478478710912791e+00
4.357913012397025554e+00 5.327284011143754423e+07 1.015571085978197896e+00
4.439096531392166867e+00 5.392007225325518101e+07 1.015650070475954569e+00
4.521792417370697592e+00 5.457018848372124135e+07 1.015717487747500813e+00
4.606028844202397998e+00 5.522309548728356510e+07 1.015775684217812724e+00
4.691834510607794329e+00 5.587874355563210696e+07 1.015827321282616769e+00
4.779238649935595440e+00 5.653713436661557108e+07 1.015875401119610055e+00
4.868271040122278848e+00 5.719832955056525767e+07 1.015923294357200302e+00
4.958962013837211913e+00 5.786246010892239213e+07 1.015974769750769280e+00
5.051342468816761411e+00 5.852972145262540877e+07 1.016033887970058114e+00
5.145443878390924652e+00 5.920010936682897061e+07 1.016102587324840378e+00
5.241298302206056192e+00 5.987341369302956760e+07 1.016180699632343920e+00
5.338938397147350301e+00 6.054943701756127179e+07 1.016267923868511502e+00
5.438397428464796235e+00 6.122800764317302406e+07 1.016363890861532226e+00
5.539709281106400596e+00 6.190898540832935274e+07 1.016468157059283284e+00
5.642908471262536807e+00 6.259226812513559312e+07 1.016580197841559841e+00
5.748030158125351008e+00 6.327779868401786685e+07 1.016699400347947035e+00
5.855110155867238042e+00 6.396557287739270926e+07 1.016825055790691934e+00
5.964184945842459840e+00 6.465564799941498786e+07 1.016956351220410060e+00
6.075291689016070862e+00 6.534812606410760432e+07 1.017092294751558601e+00
6.188468238624382778e+00 6.604287962325070053e+07 1.017231001240203936e+00
6.303753153071275150e+00 6.673962064975279570e+07 1.017369863758665005e+00
6.421185709064758385e+00 6.743807380190546811e+07 1.017505965550979941e+00
6.540805914998252923e+00 6.813798402973893285e+07 1.017636063181795114e+00
6.662654524581149929e+00 6.883912192013572156e+07 1.017756561054783182e+00
6.786773050723295064e+00 6.954128961259345710e+07 1.017863484335493895e+00
6.913203779678127603e+00 7.024432732789130509e+07 1.017952450218108540e+00
7.041989785449288775e+00 7.094812014372561872e+07 1.018018684957475939e+00
7.173174944465612768e+00 7.165257880726316571e+07 1.018060084912823182e+00
7.306803950529499936e+00 7.235762634539797902e+07 1.018079524937991032e+00
7.442922330043757917e+00 7.306324126462912560e+07 1.018080775384828440e+00
7.581576457522110069e+00 7.376947033725734055e+07 1.018068121918485058e+00
7.722813571388642551e+00 7.447643864867915213e+07 1.018046407449652913e+00
7.866681790071582192e+00 7.518436057091131806e+07 1.018021077123990370e+00
8.013230128396878982e+00 7.589355162116357684e+07 1.017998225694417336e+00
8.162508514287219796e+00 7.660422151773059368e+07 1.017982892777708592e+00
8.314567805772055564e+00 7.731597537470778823e+07 1.017975140863061956e+00
8.469459808314576676e+00 7.802828149793376029e+07 1.017973923027129191e+00
8.627237292461440887e+00 7.874059238851325214e+07 1.017978043838823954e+00
8.787954011821311084e+00 7.945234647651727498e+07 1.017986146855424323e+00
8.951664721378293166e+00 8.016297014926445484e+07 1.017996701253170766e+00
9.118425196146562328e+00 8.087188009767863154e+07 1.018007987543201986e+00
9.288292250172489162e+00 8.157848600504375994e+07 1.018018082322313278e+00
9.461323755890759912e+00 8.228219360325500369e+07 1.018024842006892694e+00
9.637578663841079418e+00 8.298240812243962288e+07 1.018025885497557681e+00
9.817117022752183786e+00 8.367853816052022576e+07 1.018018575721557406e+00
1.000000000000000000e+01 8.437000000000001490e+07 1.018000000000000016e+00
