# Source: PRIMAT compilation, https://doi.org/10.1016/j.physrep.2018.04.005
1.000000000000000021e-03 1.363999999999999839e-08 1.010999999999999899e+00
1.018628990244687619e-03 1.691004736495356093e-08 1.010999999999999899e+00
1.037605019766911670e-03 2.099108417247245777e-08 1.010999999999999899e+00
1.056934553557988335e-03 2.608920326231153355e-08 1.010999999999999899e+00
1.076624177045493267e-03 3.246368595088643358e-08 1.010999999999999899e+00
1.096680598336868600e-03 4.044081644684487160e-08 1.010999999999999899e+00
1.117110650504824203e-03 5.043127114294104545e-08 1.010999999999999899e+00
1.137921293915315117e-03 6.295199353391759116e-08 1.010999999999999899e+00
1.159119618598885779e-03 7.865369036691251542e-08 1.010999999999999899e+00
1.180712846666190276e-03 9.835536205453728753e-08 1.010999999999999899e+00
1.202708334768511989e-03 1.230876215537094594e-07 1.010999999999999899e+00
1.225113576604118949e-03 1.541469740027227300e-07 1.010999999999999899e+00
1.247936205471311460e-03 1.931637397808327973e-07 1.010999999999999899e+00
1.271183996869028896e-03 2.421869240599347136e-07 1.010999999999999899e+00
1.294864871145904933e-03 3.037900866264105538e-07 1.010999999999999899e+00
1.318986896198670470e-03 3.812031695994621110e-07 1.010999999999999899e+00
1.343558290220826226e-03 4.784763229863281830e-07 1.010999999999999899e+00
1.368587424502519176e-03 6.006830563565925833e-07 1.010999999999999899e+00
1.394082826282578647e-03 7.541715685997022975e-07 1.010999999999999899e+00
1.420053181653683095e-03 9.468748970295455519e-07 1.010999999999999899e+00
1.446507338521647217e-03 1.188692612115588271e-06 1.010999999999999899e+00
1.473454309619835756e-03 1.491959193196316996e-06 1.010999999999999899e+00
1.500903275579736594e-03 1.872016978218676378e-06 1.010999999999999899e+00
1.528863588058731147e-03 2.347914705070365865e-06 1.010999999999999899e+00
1.557344772926135207e-03 2.943256162348954129e-06 1.010999999999999899e+00
1.586356533508589657e-03 3.687227339723490014e-06 1.010999999999999899e+00
1.615908753895919101e-03 4.615834692598694726e-06 1.010999999999999899e+00
1.646011502308549748e-03 5.773391673515085220e-06 1.010999999999999899e+00
1.676675034527699143e-03 7.214295472889247580e-06 1.010999999999999899e+00
1.707909797389426916e-03 9.005140871132775066e-06 1.010999999999999899e+00
1.739726432343800767e-03 1.122722312918673031e-05 1.010999999999999899e+00
1.772135779080358372e-03 1.397948681673519429e-05 1.010999999999999899e+00
1.805148879221108154e-03 1.738198227559977212e-05 1.010999999999999899e+00
1.838776980082326793e-03 2.157989593535914708e-05 1.010999999999999899e+00
1.873031538506436536e-03 2.674822488033923629e-05 1.010999999999999899e+00
1.907924224765265072e-03 3.309716994086178942e-05 1.010999999999999899e+00
1.943466926536020246e-03 4.087832532066556541e-05 1.010999999999999899e+00
1.979671752951332481e-03 5.039174676896841879e-05 1.010999999999999899e+00
2.016551038724746607e-03 6.199398526389077895e-05 1.010999999999999899e+00
2.054117348353064112e-03 7.610718022455810472e-05 1.010999999999999899e+00
2.092383480396977150e-03 9.322931710630556746e-05 1.010999999999999899e+00
2.131362471841437810e-03 1.139457712758618291e-04 1.010999999999999899e+00
2.171067602537264923e-03 1.389422866422554761e-04 1.010999999999999899e+00
2.211512399725488933e-03 1.690195780956140923e-04 1.010999999999999899e+00
2.252710642645980484e-03 2.051098072288845705e-04 1.010999999999999899e+00
2.294676367231936100e-03 2.482952686361774783e-04 1.010999999999999899e+00
2.337423870891814758e-03 2.998297489441137495e-04 1.010999999999999899e+00
2.380967717380358135e-03 3.611631949187656013e-04 1.010999999999999899e+00
2.425322741760352948e-03 4.339705661577905648e-04 1.010999999999999899e+00
2.470504055456825433e-03 5.201860721447100835e-04 1.010999999999999899e+00
2.516527051405391836e-03 6.220444290021737198e-04 1.010999999999999899e+00
2.563407409296514835e-03 7.421313528171786167e-04 1.010999999999999899e+00
2.611161100917459583e-03 8.834462807437029955e-04 1.010999999999999899e+00
2.659804395593758260e-03 1.049481342668688675e-03 1.010999999999999899e+00
2.709353865732051433e-03 1.244321985411480118e-03 1.010999999999999899e+00
2.759826392466180594e-03 1.472776506931972821e-03 1.010999999999999899e+00
2.811239171408464344e-03 1.740544275719483388e-03 1.010999999999999899e+00
2.863609718508115885e-03 2.054435861914255968e-03 1.010999999999999899e+00
2.916955876018795853e-03 2.422663092306942285e-03 1.010999999999999899e+00
2.971295818577334054e-03 2.855223757538968669e-03 1.010999999999999899e+00
3.026648059395692196e-03 3.364381914464970383e-03 1.010999999999999899e+00
3.083031456568277075e-03 3.964336930835939306e-03 1.010999999999999899e+00
3.140465219496752208e-03 4.670984742784583393e-03 1.010999999999999899e+00
3.198968915434537586e-03 5.502818366712048347e-03 1.010999999999999899e+00
3.258562476153226226e-03 6.481359182449650778e-03 1.010999999999999899e+00
3.319266204733189573e-03 7.631601498925626517e-03 1.010999999999999899e+00
3.381100782480685445e-03 8.982508965632459569e-03 1.010999999999999899e+00
3.444087275973823411e-03 1.056756552909554267e-02 1.010999999999999899e+00
3.508247144239792347e-03 1.242538288460006898e-02 1.010999999999999899e+00
3.573602246065788347e-03 1.460036535194114519e-02 1.010999999999999899e+00
3.640174847446141400e-03 1.714343177445556282e-02 1.010999999999999899e+00
3.707987629168172684e-03 2.011279237349352864e-02 1.010999999999999899e+00
3.777063694539364597e-03 2.357477646644816002e-02 1.010999999999999899e+00
3.847426577258505898e-03 2.760470457171427042e-02 1.010999999999999899e+00
3.919100249433401899e-03 3.228779569659966792e-02 1.010999999999999899e+00
3.992109129748053209e-03 3.772009758148787972e-02 1.010999999999999899e+00
4.066478091781853925e-03 4.400979442963432603e-02 1.010999999999999899e+00
4.142232472483897525e-03 5.128050560387629325e-02 1.010999999999999899e+00
4.219398080805024202e-03 5.967279861540857738e-02 1.010999999999999899e+00
4.298001206490798497e-03 6.934588681372658159e-02 1.010999999999999899e+00
4.378068629038166758e-03 8.048019867631041324e-02 1.010999999999999899e+00
4.459627626819095622e-03 9.328043675709349336e-02 1.010999999999999899e+00
4.542705986374042521e-03 1.079792609279441179e-01 1.010999999999999899e+00
4.627332011878692967e-03 1.248417720039703416e-01 1.010999999999999899e+00
4.713534534786906725e-03 1.441710248919171045e-01 1.010999999999999899e+00
4.801342923653449841e-03 1.663148693902453679e-01 1.010999999999999899e+00
4.890787094139589959e-03 1.916745069370106302e-01 1.010999999999999899e+00
4.981897519205159656e-03 2.207152702109204112e-01 1.010999999999999899e+00
5.074705239490466188e-03 2.539755073341223857e-01 1.010999999999999899e+00
5.169241873891598608e-03 2.920439755510942370e-01 1.010999999999999899e+00
5.265539630332755246e-03 3.355702052440164840e-01 1.010999999999999899e+00
5.363631316739239652e-03 3.852835342446506162e-01 1.010999999999999899e+00
5.463550352214875498e-03 4.420021441031549148e-01 1.010999999999999899e+00
5.565330778427646403e-03 5.066431270547246957e-01 1.010999999999999899e+00
5.669007271207434327e-03 5.802338565131570647e-01 1.010999999999999899e+00
5.774615152359819509e-03 6.639249370691455709e-01 1.010999999999999899e+00
5.882190401699956099e-03 7.590050902601631622e-01 1.010999999999999899e+00
5.991769669310619169e-03 8.669184353603874849e-01 1.010999999999999899e+00
6.103390288028621123e-03 9.892808803012038688e-01 1.010999999999999899e+00
6.217090286163826779e-03 1.127882605455300391e+00 1.010999999999999899e+00
6.332908400455114321e-03 1.284714527848915600e+00 1.010999999999999899e+00
6.450884089267692675e-03 1.461997746869025727e+00 1.010999999999999899e+00
6.571057546036270826e-03 1.662213070361139078e+00 1.010999999999999899e+00
6.693469712958660493e-03 1.888136177523930259e+00 1.010999999999999899e+00
6.818162294944479437e-03 2.142879915478973274e+00 1.010999999999999899e+00
6.945177773823696388e-03 2.429945638319148227e+00 1.010999999999999899e+00
7.074559422819878297e-03 2.753278124782311043e+00 1.010999999999999899e+00
7.206351321293052656e-03 3.117192888840280229e+00 1.010999999999999899e+00
7.340598369757212090e-03 3.526376530546328159e+00 1.010999999999999899e+00
7.477346305177588227e-03 3.986010200586350916e+00 1.010999999999999899e+00
7.616641716552892058e-03 4.501828066003171536e+00 1.010999999999999899e+00
7.758532060787835978e-03 5.080182481799260685e+00 1.010999999999999899e+00
7.903065678861348128e-03 5.728121095538945440e+00 1.010999999999999899e+00
8.050291812295981564e-03 6.453477375533270610e+00 1.010999999999999899e+00
8.200260619934130954e-03 7.264873916867766290e+00 1.010999999999999899e+00
8.353023195026778799e-03 8.171706489834541287e+00 1.010999999999999899e+00
8.508631582640582489e-03 9.184336916286451213e+00 1.010999999999999899e+00
8.667138797389234081e-03 1.031422543238543277e+01 1.010999999999999899e+00
8.828598841495149604e-03 1.157407727526915409e+01 1.010999999999999899e+00
8.993066723187623582e-03 1.297802033654859954e+01 1.010999999999999899e+00
9.160598475443709407e-03 1.454168253927464427e+01 1.010999999999999899e+00
9.331251175078249249e-03 1.628178507595469071e+01 1.010999999999999899e+00
9.505082962189511861e-03 1.821649253489686515e+01 1.010999999999999899e+00
9.682153059967075343e-03 2.036571601607357707e+01 1.010999999999999899e+00
9.862521794868784469e-03 2.275131202692786658e+01 1.010999999999999899e+00
1.004625061717340749e-02 2.539731833370763781e+01 1.010999999999999899e+00
1.023340212191641702e-02 2.832998748410647138e+01 1.010999999999999899e+00
1.042404007021556327e-02 3.157767517526031043e+01 1.010999999999999899e+00
1.061822941099384125e-02 3.517137585473740558e+01 1.010999999999999899e+00
1.081603630310709954e-02 3.914509590007456552e+01 1.010999999999999899e+00
1.101752813788386791e-02 4.353625361498892943e+01 1.010999999999999899e+00
1.122277356208507652e-02 4.838570655472119597e+01 1.010999999999999899e+00
1.143184250129149725e-02 5.373692082293673167e+01 1.010999999999999899e+00
1.164480618372686072e-02 5.963697016410795015e+01 1.010999999999999899e+00
1.186173716452478509e-02 6.613717900721282206e+01 1.010999999999999899e+00
1.208270935044776506e-02 7.329363710172265201e+01 1.010999999999999899e+00
1.230779802506665188e-02 8.116740716060412808e+01 1.010999999999999899e+00
1.253707987440920262e-02 8.982480880553639224e+01 1.010999999999999899e+00
1.277063301308643990e-02 9.933854932374325131e+01 1.010999999999999899e+00
1.300853701090571267e-02 1.097887071027031283e+02 1.010999999999999899e+00
1.325087291997953214e-02 1.212620109441508305e+02 1.010999999999999899e+00
1.349772330233941706e-02 1.338464425282020045e+02 1.010999999999999899e+00
1.374917225806419029e-02 1.476342887050071795e+02 1.010999999999999899e+00
1.400530545393219653e-02 1.627235060128530506e+02 1.010999999999999899e+00
1.426621015260736910e-02 1.792203689154596873e+02 1.010999999999999899e+00
1.453197524236895383e-02 1.972489622981047717e+02 1.010999999999999899e+00
1.480269126739508674e-02 2.169496662105700864e+02 1.010999999999999899e+00
1.507845045861051086e-02 2.384802504675301691e+02 1.010999999999999899e+00
1.535934676510897039e-02 2.620067337887252279e+02 1.010999999999999899e+00
1.564547588616095955e-02 2.876883486304271287e+02 1.010999999999999899e+00
1.593693530381774456e-02 3.156905655716672641e+02 1.010999999999999899e+00
1.623382431612278159e-02 3.461879558475066005e+02 1.010999999999999899e+00
1.653624407094180307e-02 3.793736462814724177e+02 1.010999999999999899e+00
1.684429760042315330e-02 4.154595154578258303e+02 1.010999999999999899e+00
1.715808985610004986e-02 4.546749769804262655e+02 1.010999999999999899e+00
1.747772774464680795e-02 4.972695513176689133e+02 1.010999999999999899e+00
1.780332016430113962e-02 5.435160867591376928e+02 1.010999999999999899e+00
1.813497804196495186e-02 5.937143780286127139e+02 1.010999999999999899e+00
1.847281437099634188e-02 6.481802157921216576e+02 1.010999999999999899e+00
1.881694424970555696e-02 7.072365388885179982e+02 1.010999999999999899e+00
1.916748492056815148e-02 7.712288520578664475e+02 1.010999999999999899e+00
1.952455581016860828e-02 8.405292366535275050e+02 1.010999999999999899e+00
1.988827856988809734e-02 9.155399783653433587e+02 1.010999999999999899e+00
2.025877711735016989e-02 9.966955128183631132e+02 1.010999999999999899e+00
2.063617767863858837e-02 1.084439614747485393e+03 1.010999999999999899e+00
2.102060883130158278e-02 1.179227777035069039e+03 1.010999999999999899e+00
2.141220154815729262e-02 1.281541408495961605e+03 1.010999999999999899e+00
2.181108924191518805e-02 1.391890365562612487e+03 1.010999999999999899e+00
2.221740781062883641e-02 1.510815921139627562e+03 1.010999999999999899e+00
2.263129568399528321e-02 1.638894523610740634e+03 1.010999999999999899e+00
2.305289387051707301e-02 1.776742544701566658e+03 1.010999999999999899e+00
2.348234600554275145e-02 1.925022254312221094e+03 1.010999999999999899e+00
2.391979840020238418e-02 2.084449307214099463e+03 1.010999999999999899e+00
2.436540009125464853e-02 2.255802082470792811e+03 1.010999999999999899e+00
2.481930289186254010e-02 2.439933284022618864e+03 1.010999999999999899e+00
2.528166144331499277e-02 2.637777810238423172e+03 1.010999999999999899e+00
2.575263326771199887e-02 2.850269204934023037e+03 1.010999999999999899e+00
2.623237882163122203e-02 3.078331094495017624e+03 1.010999999999999899e+00
2.672106155079433804e-02 3.322937337823791040e+03 1.010999999999999899e+00
2.721884794575178332e-02 3.585119518340924969e+03 1.010999999999999899e+00
2.772590759860482645e-02 3.865974414796643032e+03 1.010999999999999899e+00
2.824241326078434297e-02 4.166673402473687929e+03 1.010999999999999899e+00
2.876854090190592711e-02 4.488474222339424159e+03 1.010999999999999899e+00
2.930446976972142861e-02 4.832735637849937120e+03 1.010999999999999899e+00
2.985038245118730796e-02 5.200935597180502555e+03 1.010999999999999899e+00
3.040646493467067182e-02 5.594672080701313462e+03 1.010999999999999899e+00
3.097290667331408301e-02 6.015480556896447524e+03 1.010999999999999899e+00
3.154990064958086704e-02 6.464860213925187963e+03 1.010999999999999899e+00
3.213764344100276948e-02 6.944364957205723840e+03 1.010999999999999899e+00
3.273633528715245988e-02 7.455608342718070162e+03 1.010999999999999899e+00
3.334618015786364187e-02 8.000269115090421110e+03 1.010999999999999899e+00
3.396738582272208068e-02 8.580098785509579102e+03 1.010999999999999899e+00
3.460016392185108480e-02 9.196931762986263493e+03 1.010999999999999899e+00
3.524473003801584237e-02 9.852698641589002364e+03 1.010999999999999899e+00
3.590130377007068330e-02 1.054944334860789968e+04 1.010999999999999899e+00
3.657010880777489259e-02 1.128934497705863032e+04 1.010999999999999899e+00
3.725137300800209633e-02 1.207474526427947239e+04 1.010999999999999899e+00
3.794532847236938011e-02 1.290818284172825770e+04 1.010999999999999899e+00
3.865221162631261864e-02 1.379243557630791111e+04 1.010999999999999899e+00
3.937226329963479377e-02 1.473057255982002789e+04 1.010999999999999899e+00
4.010572880855495931e-02 1.572601703457904114e+04 1.010999999999999899e+00
4.085285803928561527e-02 1.678231372832186025e+04 1.010999999999999899e+00
4.161390553316707264e-02 1.790251987860930603e+04 1.010999999999999899e+00
4.238913057338778573e-02 1.908967894996373434e+04 1.010999999999999899e+00
4.317879727332021161e-02 2.034693974408015856e+04 1.010999999999999899e+00
4.398317466650223523e-02 2.167756978805628751e+04 1.010999999999999899e+00
4.480253679829489938e-02 2.308497330415424949e+04 1.010999999999999899e+00
4.563716281924758839e-02 2.457271478414462399e+04 1.010999999999999899e+00
4.648733708020256344e-02 2.614454935448523247e+04 1.010999999999999899e+00
4.735334922917116413e-02 2.780446130581707257e+04 1.010999999999999899e+00
4.823549431001467047e-02 2.955671237690398630e+04 1.010999999999999899e+00
4.913407286296361809e-02 3.140590163642148764e+04 1.010999999999999899e+00
5.004939102700953213e-02 3.335703907128021820e+04 1.010999999999999899e+00
5.098176064420424647e-02 3.541535026738473243e+04 1.010999999999999899e+00
5.193149936590212012e-02 3.758550570718473318e+04 1.010999999999999899e+00
5.289893076098151070e-02 3.987215827048377105e+04 1.010999999999999899e+00
5.388438442608223938e-02 4.228014757546736655e+04 1.010999999999999899e+00
5.488819609789671872e-02 4.481453995898908033e+04 1.010999999999999899e+00
5.591070776755290017e-02 4.748067954802477470e+04 1.010999999999999899e+00
5.695226779712821846e-02 5.028425251121813199e+04 1.010999999999999899e+00
5.801323103833375128e-02 5.323136689177601511e+04 1.010999999999999899e+00
5.909395895340967958e-02 5.632865078874697065e+04 1.010999999999999899e+00
6.019481973827271043e-02 5.958337003888393519e+04 1.010999999999999899e+00
6.131618844795772016e-02 6.300291551169881132e+04 1.010999999999999899e+00
6.245844712439614643e-02 6.659369594712185790e+04 1.010999999999999899e+00
6.362198492657485105e-02 7.036214635310370068e+04 1.010999999999999899e+00
6.480719826311967524e-02 7.431497675994673045e+04 1.010999999999999899e+00
6.601449092734885948e-02 7.845924116200479330e+04 1.010999999999999899e+00
6.724427423484245769e-02 8.280242417110934912e+04 1.010999999999999899e+00
6.849696716357443760e-02 8.735254848762208712e+04 1.010999999999999899e+00
6.977299649665534564e-02 9.211830674463162723e+04 1.010999999999999899e+00
7.107279696773415034e-02 9.710896336071746191e+04 1.010999999999999899e+00
7.239681140910873836e-02 1.023328029751133145e+05 1.010999999999999899e+00
7.374549090259549522e-02 1.077977543065225182e+05 1.010999999999999899e+00
7.511929493320965157e-02 1.135120980115238635e+05 1.010999999999999899e+00
7.651869154570821452e-02 1.194845702733728831e+05 1.010999999999999899e+00
7.794415750404946885e-02 1.257244888413744338e+05 1.010999999999999899e+00
7.939617845382279659e-02 1.322419079569040041e+05 1.010999999999999899e+00
8.087524908770453436e-02 1.390477245608804806e+05 1.010999999999999899e+00
8.238187331399605962e-02 1.461525738780044485e+05 1.010999999999999899e+00
8.391656442830157381e-02 1.535668516828624706e+05 1.010999999999999899e+00
8.547984528840409102e-02 1.613017180882631510e+05 1.010999999999999899e+00
8.707224849239916797e-02 1.693693275546650693e+05 1.010999999999999899e+00
8.869431656014709064e-02 1.777830752674228570e+05 1.010999999999999899e+00
9.034660211810524588e-02 1.865578806342659809e+05 1.010999999999999899e+00
9.202966808760409956e-02 1.957081650822406227e+05 1.010999999999999899e+00
9.374408787662991127e-02 2.052443039231191506e+05 1.010999999999999899e+00
9.549044557518077125e-02 2.151760296402999957e+05 1.010999999999999899e+00
9.726933615426168467e-02 2.255130648796784226e+05 1.010999999999999899e+00
9.908136566858666283e-02 2.362651879900309432e+05 1.010999999999999899e+00
1.009271514630570854e-01 2.474423901935585891e+05 1.010999999999999899e+00
1.028073223830864719e-01 2.590566147522752581e+05 1.010999999999999899e+00
1.047225189888434382e-01 2.711225469019099255e+05 1.010999999999999899e+00
1.066733937734857113e-01 2.836567332709056791e+05 1.010999999999999899e+00
1.086606113854596822e-01 2.966779645722570131e+05 1.010999999999999899e+00
1.106848488549412035e-01 3.102077095938983257e+05 1.010999999999999899e+00
1.127467958244946084e-01 3.242649922515175422e+05 1.010999999999999899e+00
1.148471547840289042e-01 3.388615915801514639e+05 1.010999999999999899e+00
1.169866413101306873e-01 3.540084357142180088e+05 1.010999999999999899e+00
1.191659843098558796e-01 3.697163313807638478e+05 1.010999999999999899e+00
1.213859262690627772e-01 3.859963859423556132e+05 1.010999999999999899e+00
1.236472235053715091e-01 4.028646435351296677e+05 1.010999999999999899e+00
1.259506464258357550e-01 4.203426095824302756e+05 1.010999999999999899e+00
1.282969797894147612e-01 4.384552042212515953e+05 1.010999999999999899e+00
1.306870229743346268e-01 4.572313512530875159e+05 1.010999999999999899e+00
1.331215902504307713e-01 4.766956650499614188e+05 1.010999999999999899e+00
1.356015110565633452e-01 4.968585762168820947e+05 1.010999999999999899e+00
1.381276302832009362e-01 5.177276372986428905e+05 1.010999999999999899e+00
1.407008085602685088e-01 5.393089278265713947e+05 1.010999999999999899e+00
1.433219225503573890e-01 5.616132352942512371e+05 1.010999999999999899e+00
1.459918652473978506e-01 5.846638566897220444e+05 1.010999999999999899e+00
1.487115462808953625e-01 6.084893442398434272e+05 1.010999999999999899e+00
1.514818922258345801e-01 6.331227517713285051e+05 1.010999999999999899e+00
1.543038469183564687e-01 6.585901300619750982e+05 1.010999999999999899e+00
1.571783717773162781e-01 6.849083856518814573e+05 1.010999999999999899e+00
1.601064461318317811e-01 7.120948731355826603e+05 1.010999999999999899e+00
1.630890675549332702e-01 7.401677823565150611e+05 1.010999999999999677e+00
1.661272522034293042e-01 7.691454538383898325e+05 1.010999999999999455e+00
1.692220351641037235e-01 7.990475511253001168e+05 1.010999999999999233e+00
1.723744708063619790e-01 8.298958351459894329e+05 1.010999999999999233e+00
1.755856331414468730e-01 8.617147828574408777e+05 1.010999999999999233e+00
1.788566161883461958e-01 8.945323163917779457e+05 1.010999999999999677e+00
1.821885343465165230e-01 9.283797685996931978e+05 1.011000000000000343e+00
1.855825227755517060e-01 9.632820175584520912e+05 1.011000000000001453e+00
1.890397377819219571e-01 9.992588681192109361e+05 1.011000000000002341e+00
1.925613572129196704e-01 1.036331695734581910e+06 1.011000000000002785e+00
1.961485808579429280e-01 1.074524148313401733e+06 1.011000000000002119e+00
1.998026308572548593e-01 1.113862833482349291e+06 1.011000000000000121e+00
2.035247521183575770e-01 1.154375409693514695e+06 1.010999999999996124e+00
2.073162127401229071e-01 1.196079938766249456e+06 1.010999999999990573e+00
2.111783044448242164e-01 1.238991678283913760e+06 1.010999999999984134e+00
2.151123430182164953e-01 1.283126818462886382e+06 1.010999999999977028e+00
2.191196687578147451e-01 1.328503014944814844e+06 1.010999999999970145e+00
2.232016469295232397e-01 1.375140026622580830e+06 1.010999999999963928e+00
2.273596682327715113e-01 1.423060472309184726e+06 1.010999999999959487e+00
2.315951492743152096e-01 1.472290721050720895e+06 1.010999999999957710e+00
2.359095330508633737e-01 1.522861932586810784e+06 1.010999999999959265e+00
2.403042894406967056e-01 1.574811266485603526e+06 1.010999999999965482e+00
2.447809157044440187e-01 1.628183280918777687e+06 1.010999999999977472e+00
2.493409369951877785e-01 1.683031545011573471e+06 1.010999999999996568e+00
2.539859068780723761e-01 1.739414344170098426e+06 1.011000000000023658e+00
2.587174078595921300e-01 1.797361086751285242e+06 1.011000000000056520e+00
2.635370519267393186e-01 1.856888436936137266e+06 1.011000000000091825e+00
2.684464810961962322e-01 1.918013527166183805e+06 1.011000000000125354e+00
2.734473679737579599e-01 1.980754508910954930e+06 1.011000000000152665e+00
2.785414163241766161e-01 2.045131185723026749e+06 1.011000000000168875e+00
2.837303616516211324e-01 2.111165769296211191e+06 1.011000000000168431e+00
2.890159717909508430e-01 2.178883773738220334e+06 1.011000000000145116e+00
2.944000475100033709e-01 2.248315064855081495e+06 1.011000000000092047e+00
2.998844231231027613e-01 2.319495083080685697e+06 1.011000000000002119e+00
3.054709671159968054e-01 2.392461378352575470e+06 1.010999999999871779e+00
3.111615827824359970e-01 2.467236901861296035e+06 1.010999999999717458e+00
3.169582088726115021e-01 2.543842226485238411e+06 1.010999999999562693e+00
3.228628202536730218e-01 2.622301455411309842e+06 1.010999999999434573e+00
3.288774285825510346e-01 2.702643379281132948e+06 1.010999999999362853e+00
3.350040829913132900e-01 2.784902821921851486e+06 1.010999999999380394e+00
3.412448707852889229e-01 2.869122196746436879e+06 1.010999999999523835e+00
3.476019181541977754e-01 2.955353298504769336e+06 1.010999999999833365e+00
3.540773908965269556e-01 3.043656775117854588e+06 1.011000000000346288e+00
3.606734951574028236e-01 3.134069680452242028e+06 1.011000000001005095e+00
3.673924781802074269e-01 3.226608344680301845e+06 1.011000000001672783e+00
3.742366290721980682e-01 3.321290790674224496e+06 1.011000000002195032e+00
3.812082795843887983e-01 3.418138262924938928e+06 1.011000000002399535e+00
3.883098049059605095e-01 3.517176422424256802e+06 1.011000000002095334e+00
3.955436244734701345e-01 3.618436738120372407e+06 1.011000000001070820e+00
4.029122027951347884e-01 3.721957795976156369e+06 1.010999999999102616e+00
4.104180502904709038e-01 3.827774468063641805e+06 1.010999999996346821e+00
4.180637241455757991e-01 3.935911915259253699e+06 1.010999999993528853e+00
4.258518291843414461e-01 4.046400216467719525e+06 1.010999999991497811e+00
4.337850187558989212e-01 4.159277100543673616e+06 1.010999999991198495e+00
4.418659956385941334e-01 4.274589881259389222e+06 1.010999999993679843e+00
4.500975129608046355e-01 4.392397673914385960e+06 1.011000000000102927e+00
4.584823751389096036e-01 4.512761822141169570e+06 1.011000000010858102e+00
4.670234388327330621e-01 4.635708792360323481e+06 1.011000000022828083e+00
4.757236139187884794e-01 4.761258761910466477e+06 1.011000000031648582e+00
4.845858644816490868e-01 4.889437138934401795e+06 1.011000000032457047e+00
4.936132098237911991e-01 5.020276198107509874e+06 1.011000000019853351e+00
5.028087254942474882e-01 5.153816724100999534e+06 1.010999999987922449e+00
5.121755443364236493e-01 5.290091102197851986e+06 1.010999999935112692e+00
5.217168575554343990e-01 5.429106656119825318e+06 1.010999999868370303e+00
5.314359158053235666e-01 5.570871032980177552e+06 1.010999999796353466e+00
5.413360302965375404e-01 5.715396426082246006e+06 1.010999999728752208e+00
5.514205739240296555e-01 5.862701252126533538e+06 1.010999999676371441e+00
5.616929824163804374e-01 6.012812086743740365e+06 1.010999999651218673e+00
5.721567555063246102e-01 6.165765885952346958e+06 1.010999999666597926e+00
5.828154581230839959e-01 6.321612524048889056e+06 1.010999999737210775e+00
5.936727216069119795e-01 6.480417681891086511e+06 1.010999999879263589e+00
6.047322449462643190e-01 6.642264719617949799e+06 1.011000000109753882e+00
6.159977960380161877e-01 6.807209812645914033e+06 1.011000000418768918e+00
6.274732129711574347e-01 6.975261551598809659e+06 1.011000000759277206e+00
6.391624053343999412e-01 7.146430115285971202e+06 1.011000001076418631e+00
6.510693555481454897e-01 7.320732347574188374e+06 1.011000001309013685e+00
6.631981202212668958e-01 7.498193834005589597e+06 1.011000001389064540e+00
6.755528315331639222e-01 7.678851281363449059e+06 1.011000001241220136e+00
6.881376986415662644e-01 7.862755232031370513e+06 1.011000000782207309e+00
7.009570091165617800e-01 8.049973140860610642e+06 1.010999999920245696e+00
7.140151304013395706e-01 8.240568435670707375e+06 1.010999998632735819e+00
7.273165113001454074e-01 8.434541285130724311e+06 1.010999997154458319e+00
7.408656834939559843e-01 8.631880228737462312e+06 1.010999995801536322e+00
7.546672630843886953e-01 8.832577957390157506e+06 1.010999994926560674e+00
7.687259521663728501e-01 9.036633196435740218e+06 1.010999994921476297e+00
7.830465404301183430e-01 9.244052875868026167e+06 1.010999996220665276e+00
7.976339067929273385e-01 9.454854616962656379e+06 1.010999999304238228e+00
8.124930210614047521e-01 9.669067045065153390e+06 1.011000004494478022e+00
8.276289456246344045e-01 9.886717722944306210e+06 1.011000010755138012e+00
8.430468371788967241e-01 1.010784318536973372e+07 1.011000016352636477e+00
8.587519484845170803e-01 1.033249830179990269e+07 1.011000019351663282e+00
8.747496301554414933e-01 1.056076015641309507e+07 1.011000017600729661e+00
8.910453324821513421e-01 1.079273240030694380e+07 1.011000008715228438e+00
9.076446072885356875e-01 1.102854674112670310e+07 1.010999990236389756e+00
9.245531098233570333e-01 1.126827024297700264e+07 1.010999964592663725e+00
9.417766006869519035e-01 1.151187371829224750e+07 1.010999940414497145e+00
9.593209477938241525e-01 1.175932379244760238e+07 1.010999927654131270e+00
9.771921283717996953e-01 1.201058989033799060e+07 1.010999937383346703e+00
9.953962309984233370e-01 1.226564613748847879e+07 1.010999981881384180e+00
1.013939457675291811e+00 1.252447133336656541e+07 1.011000072896102164e+00
1.032828125941028574e+00 1.278703294680551626e+07 1.011000206969153936e+00
1.052068671023622892e+00 1.305329523206689768e+07 1.011000371389714214e+00
1.071667648032863296e+00 1.332323064532857202e+07 1.011000551770336209e+00
1.091631734193614811e+00 1.359682274898641370e+07 1.011000731982281353e+00
1.111967731120699021e+00 1.387406942368311808e+07 1.011000894015810836e+00
1.132682567136153784e+00 1.415498650310428068e+07 1.011001017830891247e+00
1.153783299629660863e+00 1.443961187171977572e+07 1.011001081197705931e+00
1.175277117462945276e+00 1.472801006984852441e+07 1.011001059526325019e+00
1.197171343418965694e+00 1.502027745546485670e+07 1.011000925684852891e+00
1.219473436696737023e+00 1.531654797825988755e+07 1.011000649805326779e+00
1.242190995452616242e+00 1.561699962889409997e+07 1.011000199076596440e+00
1.265331759388941713e+00 1.592184403011899814e+07 1.010999543264581080e+00
1.288903612390891462e+00 1.623112926783448644e+07 1.010998719569274451e+00
1.312914585212463958e+00 1.654477473188001104e+07 1.010997817508875851e+00
1.337372858212495075e+00 1.686269455590077117e+07 1.010996938208294615e+00
1.362286764141645401e+00 1.718480129532166198e+07 1.010996194509170998e+00
1.387664790981307128e+00 1.751100757675899193e+07 1.010995711898188043e+00
1.413515584835394190e+00 1.784122802593894675e+07 1.010995629498911530e+00
1.439847952876006643e+00 1.817538150121002644e+07 1.010996101131231617e+00
1.466670866343967150e+00 1.851339366160878912e+07 1.010997296442741833e+00
1.493993463605256311e+00 1.885519990049079433e+07 1.010999402116668833e+00
1.521825053264385552e+00 1.920074952262811363e+07 1.011002563066194959e+00
1.550175117335768737e+00 1.955001573754988238e+07 1.011006454089145690e+00
1.579053314474174297e+00 1.990299770600927994e+07 1.011010475507857054e+00
1.608469483265355215e+00 2.025972271852343902e+07 1.011013955647639850e+00
1.638433645577983100e+00 2.062025175502114743e+07 1.011016146458795673e+00
1.668956009978023181e+00 2.098468570070633292e+07 1.011016217506307546e+00
1.700046975206716438e+00 2.135317226167717203e+07 1.011013249557634719e+00
1.731717133723352786e+00 2.172591364916723222e+07 1.011006227745388175e+00
1.763977275314043469e+00 2.210316624559566006e+07 1.010994093069535804e+00
1.796838390767719229e+00 2.248495502445599064e+07 1.010977652898440660e+00
1.830311675620611256e+00 2.287095201788107306e+07 1.010960251400707222e+00
1.864408533970485227e+00 2.326076710942739248e+07 1.010945774250175733e+00
1.899140582361933616e+00 2.365396482181777433e+07 1.010938549740619585e+00
1.934519653744044332e+00 2.405006155667185411e+07 1.010943383894628012e+00
1.970557801501798378e+00 2.444852280600421876e+07 1.010965598209062399e+00
2.007267303562568106e+00 2.484876114390024543e+07 1.011011059963117686e+00
2.044660666579115826e+00 2.525031538061775267e+07 1.011083883342391854e+00
2.082750630190514318e+00 2.565312755682536960e+07 1.011183112930682082e+00
2.121550171362450055e+00 2.605725174906006828e+07 1.011306814811490540e+00
2.161072508808376647e+00 2.646281236698316783e+07 1.011452736078009673e+00
2.201331107493030181e+00 2.687001497762749344e+07 1.011618276542400441e+00
2.242339683219845003e+00 2.727915818406698108e+07 1.011800458418172122e+00
2.284112207303823361e+00 2.769064666639427096e+07 1.011995893867933205e+00
2.326662911331458083e+00 2.810500551392536610e+07 1.012200750309544706e+00
2.370006292009327886e+00 2.852289600395212322e+07 1.012410713376022953e+00
2.414157116103017753e+00 2.894513301538530365e+07 1.012620947428759743e+00
2.459130425468043946e+00 2.937270430680743605e+07 1.012826053530154979e+00
2.504941542174502267e+00 2.980679159357505292e+07 1.013020026146840724e+00
2.551606073727183954e+00 3.024839615682934225e+07 1.013197743510577009e+00
2.599139918382932901e+00 3.069748393198503926e+07 1.013358160663827112e+00
2.647559270567066747e+00 3.115377800594513863e+07 1.013501044130706186e+00
2.696880626390692370e+00 3.161694649358905852e+07 1.013626210456198606e+00
2.747120789270811603e+00 3.208659710148166865e+07 1.013733532033368023e+00
2.798296875655115645e+00 3.256227131510739028e+07 1.013822943371752938e+00
2.850426320853434614e+00 3.304343820351012051e+07 1.013894447835304691e+00
2.903526884977813971e+00 3.352948783936111629e+07 1.013948124880043045e+00
2.957616658993253544e+00 3.401972433763694763e+07 1.013984137823562115e+00
3.012714070881164385e+00 3.451336027422845364e+07 1.014002749069592646e+00
3.068837891917642224e+00 3.500978228247128427e+07 1.014005388007038988e+00
3.126007243068700259e+00 3.550890485956056416e+07 1.013995968703607531e+00
3.184241601504649744e+00 3.601075406582672894e+07 1.013979196727052834e+00
3.243560807235807975e+00 3.651541169146664441e+07 1.013960357216363128e+00
3.303985069871854918e+00 3.702302422144058347e+07 1.013945361357546648e+00
3.365534975507090909e+00 3.753381270473539829e+07 1.013940796366305852e+00
3.428231493733967294e+00 3.804808361225917190e+07 1.013953979316880805e+00
3.492095984787267682e+00 3.856624078020773083e+07 1.013993015203047410e+00
3.557150206821382277e+00 3.908871765214134008e+07 1.014065239679424968e+00
3.623416323323146226e+00 3.961557053661160916e+07 1.014169070510112736e+00
3.690916910662774608e+00 4.014671641829220206e+07 1.014299053894719860e+00
3.759674965785463563e+00 4.068209191578664631e+07 1.014448991921619525e+00
3.829713914046277257e+00 4.122165803778737783e+07 1.014611883910936152e+00
3.901057617190989202e+00 4.176540524618657678e+07 1.014779859377276550e+00
3.973730381485604202e+00 4.231335908177792281e+07 1.014944106802585511e+00
4.047756965997318268e+00 4.286557416568925977e+07 1.015095317864197710e+00
4.123162591029748469e+00 4.342198968490327895e+07 1.015229924521531490e+00
4.199972946715301525e+00 4.398245590736426413e+07 1.015348799915407607e+00
4.278214201767612579e+00 4.454683360808327049e+07 1.015453085519628207e+00
4.357913012397025554e+00 4.511499996821029484e+07 1.015544120597192457e+00
4.439096531392166867e+00 4.568685292637020350e+07 1.015623459270645235e+00
4.521792417370697592e+00 4.626231603085450083e+07 1.015692888801047911e+00
4.606028844202397998e+00 4.684134383407814056e+07 1.015754449162632911e+00
4.691834510607794329e+00 4.742392787418016791e+07 1.015810454008355235e+00
4.779238649935595440e+00 4.801010329269699752e+07 1.015863513130730977e+00
4.868271040122278848e+00 4.859995614194954932e+07 1.015916556532771464e+00
4.958962013837211913e+00 4.919363144138915837e+07 1.015972860235621500e+00
5.051342468816761411e+00 4.979132600864112377e+07 1.016035955052161155e+00
5.145443878390924652e+00 5.039300937245716900e+07 1.016107547468859673e+00
5.241298302206056192e+00 5.099841384446483105e+07 1.016187533546888400e+00
5.338938397147350301e+00 5.160726053943957388e+07 1.016275699074896233e+00
5.438397428464796235e+00 5.221926983808623999e+07 1.016371775615188433e+00
5.539709281106400596e+00 5.283416409709402174e+07 1.016475435485755252e+00
5.642908471262536807e+00 5.345167072744747251e+07 1.016586286374237202e+00
5.748030158125351008e+00 5.407152567089421302e+07 1.016703865560016018e+00
5.855110155867238042e+00 5.469347730614065379e+07 1.016827633719328716e+00
5.964184945842459840e+00 5.531729081816129386e+07 1.016956968286979901e+00
6.075291689016070862e+00 5.594274674690651149e+07 1.017091081803332520e+00
6.188468238624382778e+00 5.656957776348718256e+07 1.017228217678440627e+00
6.303753153071275150e+00 5.719748833563319594e+07 1.017365847242217791e+00
6.421185709064758385e+00 5.782620002713447064e+07 1.017501138780391612e+00
6.540805914998252923e+00 5.845545732134085894e+07 1.017630942177286890e+00
6.662654524581149929e+00 5.908503332511016726e+07 1.017751764035478512e+00
6.786773050723295064e+00 5.971473606524333358e+07 1.017859741231189163e+00
6.913203779678127603e+00 6.034441541963622719e+07 1.017950612844663594e+00
7.041989785449288775e+00 6.097396817786724120e+07 1.018019733350435496e+00
7.173174944465612768e+00 6.160317835682661086e+07 1.018064838878816047e+00
7.306803950529499936e+00 6.223158919777435809e+07 1.018088132654874745e+00
7.442922330043757917e+00 6.285872205528827012e+07 1.018092589510552148e+00
7.581576457522110069e+00 6.348410235951895267e+07 1.018081609237288854e+00
7.722813571388642551e+00 6.410726371992459148e+07 1.018059051499541789e+00
7.866681790071582192e+00 6.472775249522193521e+07 1.018029273254262179e+00
8.013230128396878982e+00 6.534513282612313330e+07 1.017997168552406961e+00
8.162508514287219796e+00 6.595893065810056031e+07 1.017967589971958464e+00
8.314567805772055564e+00 6.656849633805006742e+07 1.017943987311797249e+00
8.469459808314576676e+00 6.717313809257741272e+07 1.017929804965749474e+00
8.627237292461440887e+00 6.777215884776644409e+07 1.017928852694161224e+00
8.787954011821311084e+00 6.836486001891744137e+07 1.017945334171625138e+00
8.951664721378293166e+00 6.895054574307365716e+07 1.017983877666567061e+00
9.118425196146562328e+00 6.952852757793033123e+07 1.018049569041181490e+00
9.288292250172489162e+00 7.009812969041828811e+07 1.018147987282340461e+00
9.461323755890759912e+00 7.065869455785447359e+07 1.018285242799385149e+00
9.637578663841079418e+00 7.120958920414023101e+07 1.018468018753639237e+00
9.817117022752183786e+00 7.175021199301531911e+07 1.018703615717630129e+00
1.000000000000000000e+01 7.228000000000002980e+07 1.018999999999999906e+00
