# Source: PRIMAT compilation, https://doi.org/10.1016/j.physrep.2018.04.005
1.000000000000000021e-03 1.454000000000001196e-11 1.038999999999999924e+00
1.018628990244687619e-03 1.752218264178556608e-11 1.038952467383134959e+00
1.037605019766911670e-03 2.113962929185700147e-11 1.038905553706453766e+00
1.056934553557988335e-03 2.553120497118751784e-11 1.038859303880933282e+00
1.076624177045493267e-03 3.086657617669675842e-11 1.038813763600429985e+00
1.096680598336868600e-03 3.735306319344970193e-11 1.038768979280199956e+00
1.117110650504824203e-03 4.524400105450721474e-11 1.038724997987210186e+00
1.137921293915315117e-03 5.484893228531370947e-11 1.038681867361571864e+00
1.159119618598885779e-03 6.654602024362594710e-11 1.038639635528395999e+00
1.180712846666190276e-03 8.079714967156758003e-11 1.038598350999316411e+00
1.202708334768511989e-03 9.816627286282979822e-11 1.038558062562872530e+00
1.225113576604118949e-03 1.193416676228259631e-10 1.038518819162896678e+00
1.247936205471311460e-03 1.451628991002392645e-10 1.038480669763983677e+00
1.271183996869028896e-03 1.766534238157091915e-10 1.038443663203066913e+00
1.294864871145904933e-03 2.150599430421822089e-10 1.038407848026054348e+00
1.318986896198670470e-03 2.618998062530101987e-10 1.038373272308408035e+00
1.343558290220826226e-03 3.190179855858640788e-10 1.038339983458480775e+00
1.368587424502519176e-03 3.886553907280280428e-10 1.038308028002340011e+00
1.394082826282578647e-03 4.735305712756302467e-10 1.038277451348727398e+00
1.420053181653683095e-03 5.769371605750864017e-10 1.038248297532714082e+00
1.446507338521647217e-03 7.028597503023356653e-10 1.038220608936515132e+00
1.473454309619835756e-03 8.561112460926770697e-10 1.038194425985828229e+00
1.500903275579736594e-03 1.042495137111836780e-09 1.038169786819953533e+00
1.528863588058731147e-03 1.268996510116644074e-09 1.038146726933839137e+00
1.557344772926135207e-03 1.544006042406559637e-09 1.038125278790077211e+00
1.586356533508589657e-03 1.877581606575925538e-09 1.038105471398746760e+00
1.615908753895919101e-03 2.281752498913821564e-09 1.038087329862862784e+00
1.646011502308549748e-03 2.770871645959642994e-09 1.038070874887054185e+00
1.676675034527699143e-03 3.362021431511935094e-09 1.038056122246932222e+00
1.707909797389426916e-03 4.075478999895531808e-09 1.038043082216455471e+00
1.739726432343800767e-03 4.935247012038095285e-09 1.038031758950426209e+00
1.772135779080358372e-03 5.969655843883940041e-09 1.038022149819070039e+00
1.805148879221108154e-03 7.212043113889651233e-09 1.038014244691459531e+00
1.838776980082326793e-03 8.701516211522953893e-09 1.038008025164342207e+00
1.873031538506436536e-03 1.048380319321090180e-08 1.038003463732713127e+00
1.907924224765265072e-03 1.261219706248528201e-08 1.038000522898252731e+00
1.943466926536020246e-03 1.514859813736885839e-08 1.037999154211503905e+00
1.979671752951332481e-03 1.816465905452245006e-08 1.037999297243410890e+00
2.016551038724746607e-03 2.174303714586035409e-08 1.038000878481578182e+00
2.054117348353064112e-03 2.597875969672249375e-08 1.038003810146318262e+00
2.092383480396977150e-03 3.098070928410262716e-08 1.038007988921265445e+00
2.131362471841437810e-03 3.687323942345616434e-08 1.038013294593014280e+00
2.171067602537264923e-03 4.379793565894468414e-08 1.038019588593912745e+00
2.211512399725488933e-03 5.191554467830550620e-08 1.038026712441790123e+00
2.252710642645980484e-03 6.140810483167384086e-08 1.038034486070037454e+00
2.294676367231936100e-03 7.248132656894816974e-08 1.038042706041064855e+00
2.337423870891814758e-03 8.536729197712386337e-08 1.038051143635771334e+00
2.380967717380358135e-03 1.003275702532232644e-07 1.038059542811222480e+00
2.425322741760352948e-03 1.176568823867154478e-07 1.038067618018304605e+00
2.470504055456825433e-03 1.376874958070805766e-07 1.038075051870650523e+00
2.516527051405391836e-03 1.607945911859635460e-07 1.038081492655657412e+00
2.563407409296514835e-03 1.874029228085873218e-07 1.038086551677906089e+00
2.611161100917459583e-03 2.179951961384125526e-07 1.038089800424781162e+00
2.659804395593758260e-03 2.531227185653379981e-07 1.038090767543535131e+00
2.709353865732051433e-03 2.934190519297553908e-07 1.038088935618490138e+00
2.759826392466180594e-03 3.396176226001839579e-07 1.038083737736488432e+00
2.811239171408464344e-03 3.925745472779586834e-07 1.038074553828105984e+00
2.863609718508115885e-03 4.532983401921581354e-07 1.038060706771533503e+00
2.916955876018795853e-03 5.229887235169524396e-07 1.038041458245411608e+00
2.971295818577334054e-03 6.030875316756082750e-07 1.038016004316265173e+00
3.026648059395692196e-03 6.953397938020760068e-07 1.037983494745276847e+00
3.083031456568277075e-03 8.017037813134117624e-07 1.037943633974088398e+00
3.140465219496752208e-03 9.242875405382150017e-07 1.037896800578577583e+00
3.198968915434537586e-03 1.065485016229231540e-06 1.037843476850458080e+00
3.258562476153226226e-03 1.228017870406342202e-06 1.037784225202792232e+00
3.319266204733189573e-03 1.414973829763929317e-06 1.037719695023165745e+00
3.381100782480685445e-03 1.629848014681312588e-06 1.037650630009106401e+00
3.444087275973823411e-03 1.876587137727865352e-06 1.037577876018214829e+00
3.508247144239792347e-03 2.159636362329109589e-06 1.037502389467933606e+00
3.573602246065788347e-03 2.483988497297483421e-06 1.037425246322534411e+00
3.640174847446141400e-03 2.855235070176799651e-06 1.037347651707859697e+00
3.707987629168172684e-03 3.279618672710758775e-06 1.037270950197577424e+00
3.777063694539364597e-03 3.764085807384590189e-06 1.037196636818288997e+00
3.847426577258505898e-03 4.316339288647233838e-06 1.037126368824778710e+00
3.919100249433401899e-03 4.944889071748284717e-06 1.037061978301072385e+00
3.992109129748053209e-03 5.659100204015967474e-06 1.037005485647840786e+00
4.066478091781853925e-03 6.469283108837708989e-06 1.036958799345850446e+00
4.142232472483897525e-03 7.387019859881527411e-06 1.036922222962764817e+00
4.219398080805024202e-03 8.425235910344559725e-06 1.036895423109224890e+00
4.298001206490798497e-03 9.598285370493427339e-06 1.036877987214627872e+00
4.378068629038166758e-03 1.092212814236757653e-05 1.036869416790579868e+00
4.459627626819095622e-03 1.241454298188749683e-05 1.036869119635496439e+00
4.542705986374042521e-03 1.409538655304037171e-05 1.036876401472597742e+00
4.627332011878692967e-03 1.598691143225443954e-05 1.036890456985546605e+00
4.713534534786906725e-03 1.811415960209143035e-05 1.036910360214261972e+00
4.801342923653449841e-03 2.050545253622238702e-05 1.036935054271736378e+00
4.890787094139589959e-03 2.319300483100314076e-05 1.036963340340995465e+00
4.981897519205159656e-03 2.621369590863141503e-05 1.036993865909711765e+00
5.074705239490466188e-03 2.960956057957878657e-05 1.037025120093529207e+00
5.169241873891598608e-03 3.342509301805321340e-05 1.037055472536503098e+00
5.265539630332755246e-03 3.770805119851174434e-05 1.037083133623968090e+00
5.363631316739239652e-03 4.251100700351418305e-05 1.037106115936420991e+00
5.463550352214875498e-03 4.789179050894629266e-05 1.037122218751852953e+00
5.565330778427646403e-03 5.391397845362881234e-05 1.037129011669335243e+00
5.669007271207434327e-03 6.064744483067455752e-05 1.037123817193814856e+00
5.774615152359819509e-03 6.816898896846223317e-05 1.037103692234507601e+00
5.882190401699956099e-03 7.656306089610938174e-05 1.037065408469912020e+00
5.991769669310619169e-03 8.592260932432681578e-05 1.037005431533699618e+00
6.103390288028621123e-03 9.634989440429954659e-05 1.036920997932000876e+00
6.217090286163826779e-03 1.079566650752011912e-04 1.036814769177723639e+00
6.332908400455114321e-03 1.208656015109380526e-04 1.036691614161011854e+00
6.450884089267692675e-03 1.352119342928951283e-04 1.036557032955508273e+00
6.571057546036270826e-03 1.511451319652595110e-04 1.036417206818780690e+00
6.693469712958660493e-03 1.688309563335346286e-04 1.036279052505026055e+00
6.818162294944479437e-03 1.884539815670659829e-04 1.036150280700708359e+00
6.945177773823696388e-03 2.102206974868106614e-04 1.036039459000059004e+00
7.074559422819878297e-03 2.343622344663951146e-04 1.035955667817069603e+00
7.206351321293052656e-03 2.611183895221494151e-04 1.035901899090450939e+00
7.340598369757212090e-03 2.907322167626350028e-04 1.035875411022257442e+00
7.477346305177588227e-03 3.234605544698916277e-04 1.035872851197584543e+00
7.616641716552892058e-03 3.595735951365501429e-04 1.035890381310218933e+00
7.758532060787835978e-03 3.993536534212858524e-04 1.035923635324962122e+00
7.903065678861348128e-03 4.430934709688194259e-04 1.035967674775702729e+00
8.050291812295981564e-03 4.910951631686449230e-04 1.036016939166525486e+00
8.200260619934130954e-03 5.437429108965761027e-04 1.036065083925121533e+00
8.353023195026778799e-03 6.015972550368623361e-04 1.036104849513245219e+00
8.508631582640582489e-03 6.653575361321413875e-04 1.036128144898887715e+00
8.667138797389234081e-03 7.358923657964405902e-04 1.036125998004641113e+00
8.828598841495149604e-03 8.142887767236110276e-04 1.036088489007194857e+00
8.993066723187623582e-03 9.019163377773043930e-04 1.036004680222907925e+00
9.160598475443709407e-03 1.000184892505666043e-03 1.035866905663995752e+00
9.331251175078249249e-03 1.109107417796971733e-03 1.035687157548050408e+00
9.505082962189511861e-03 1.227565034472650985e-03 1.035484909041641144e+00
9.682153059967075343e-03 1.353325978330921107e-03 1.035281980349100017e+00
9.862521794868784469e-03 1.482726265397000783e-03 1.035102723254487822e+00
1.004625061717340749e-02 1.610434501309583903e-03 1.034974105654681953e+00
1.023340212191641702e-02 1.735423436474846110e-03 1.034911318927721702e+00
1.042404007021556327e-02 1.870439802300310388e-03 1.034901683811085826e+00
1.061822941099384125e-02 2.036234894401321282e-03 1.034927363725552274e+00
1.081603630310709954e-02 2.263664611481002419e-03 1.034968297108222357e+00
1.101752813788386791e-02 2.601185254662923777e-03 1.035002015935086339e+00
1.122277356208507652e-02 3.107319176894207495e-03 1.035011544264109240e+00
1.143184250129149725e-02 3.788646389289017369e-03 1.035003764958060568e+00
1.164480618372686072e-02 4.596341627583679784e-03 1.034991539687901252e+00
1.186173716452478509e-02 5.393049891421987894e-03 1.034989253258654651e+00
1.208270935044776506e-02 5.932874261114932934e-03 1.035012517229342954e+00
1.230779802506665188e-02 6.065890244508806428e-03 1.035058834079197299e+00
1.253707987440920262e-02 5.923907757854055510e-03 1.035096807024540988e+00
1.277063301308643990e-02 5.714639171598268237e-03 1.035089209772955376e+00
1.300853701090571267e-02 5.653882165649742886e-03 1.034994644087207982e+00
1.325087291997953214e-02 5.912905137421336881e-03 1.034786541550865913e+00
1.349772330233941706e-02 6.474594176742935574e-03 1.034507055442013046e+00
1.374917225806419029e-02 7.270451025873606032e-03 1.034219989540100970e+00
1.400530545393219653e-02 8.179544033724296323e-03 1.033996564654106276e+00
1.426621015260736910e-02 9.038128008183050899e-03 1.033894331009220791e+00
1.453197524236895383e-02 9.824425735353701020e-03 1.033893212900893754e+00
1.480269126739508674e-02 1.058562755655424736e-02 1.033950145137896071e+00
1.507845045861051086e-02 1.140229159651864367e-02 1.034016980423729581e+00
1.535934676510897039e-02 1.234474442450959018e-02 1.034056764194849265e+00
1.564547588616095955e-02 1.341431458898166042e-02 1.034059149046456350e+00
1.593693530381774456e-02 1.459533159618028354e-02 1.034015989170080196e+00
1.623382431612278159e-02 1.586241306085626676e-02 1.033920190071686562e+00
1.653624407094180307e-02 1.720846969974644536e-02 1.033778496945933378e+00
1.684429760042315330e-02 1.863936890392777282e-02 1.033605547916602196e+00
1.715808985610004986e-02 2.016287185232874465e-02 1.033417844479438186e+00
1.747772774464680795e-02 2.178910175044017003e-02 1.033233859222560502e+00
1.780332016430113962e-02 2.353120899999157009e-02 1.033074191892356719e+00
1.813497804196495186e-02 2.540604572697638050e-02 1.032961336904656635e+00
1.847281437099634188e-02 2.742898309578675406e-02 1.032904560112628545e+00
1.881694424970555696e-02 2.960974238314992985e-02 1.032893329961818596e+00
1.916748492056815148e-02 3.195757081401924549e-02 1.032914315114253911e+00
1.952455581016860828e-02 3.448150571885356952e-02 1.032952498600199887e+00
1.988827856988809734e-02 3.719017065676393646e-02 1.032991036913565974e+00
2.025877711735016989e-02 4.009175551201806659e-02 1.033012338490406190e+00
2.063617767863858837e-02 4.319621782464808102e-02 1.033010002243903269e+00
2.102060883130158278e-02 4.651519190997518982e-02 1.032985043371315248e+00
2.141220154815729262e-02 5.006092835313492861e-02 1.032938796729262698e+00
2.181108924191518805e-02 5.384636042541252748e-02 1.032872837351389572e+00
2.221740781062883641e-02 5.788521121022579402e-02 1.032789001030468778e+00
2.263129568399528321e-02 6.219212984927954824e-02 1.032689406338819005e+00
2.305289387051707301e-02 6.678286318674031552e-02 1.032576478191405966e+00
2.348234600554275145e-02 7.167447020802135416e-02 1.032452973066352753e+00
2.391979840020238418e-02 7.688558800856988562e-02 1.032322006009338544e+00
2.436540009125464853e-02 8.243675964910471277e-02 1.032187079561802889e+00
2.481930289186254010e-02 8.835083624031164762e-02 1.032052114768210682e+00
2.528166144331499277e-02 9.465319101252901712e-02 1.031921304753817159e+00
2.575263326771199887e-02 1.013680414705430133e-01 1.031796621005317549e+00
2.623237882163122203e-02 1.085181023750595997e-01 1.031678146920400607e+00
2.672106155079433804e-02 1.161270996041101761e-01 1.031565893624005525e+00
2.721884794575178332e-02 1.242199611080225113e-01 1.031459844709563312e+00
2.772590759860482645e-02 1.328229731338659569e-01 1.031359953320910794e+00
2.824241326078434297e-02 1.419639775359976819e-01 1.031266139009885840e+00
2.876854090190592711e-02 1.516726190223102178e-01 1.031178284354468788e+00
2.930446976972142861e-02 1.619806527204870061e-01 1.031096231321435575e+00
2.985038245118730796e-02 1.729223242534813909e-01 1.031019777356513067e+00
3.040646493467067182e-02 1.845343266134970017e-01 1.030948660962824670e+00
3.097290667331408301e-02 1.968514596463516175e-01 1.030882468138714314e+00
3.154990064958086704e-02 2.099073623865101990e-01 1.030820659498921099e+00
3.213764344100276948e-02 2.237367160475973449e-01 1.030762612320679006e+00
3.273633528715245988e-02 2.383753816843368623e-01 1.030707613958603774e+00
3.334618015786364187e-02 2.538605576875609393e-01 1.030654854251209729e+00
3.396738582272208068e-02 2.702309912058755703e-01 1.030603417398571420e+00
3.460016392185108480e-02 2.875272554013454385e-01 1.030552273279469855e+00
3.524473003801584237e-02 3.057921063271636375e-01 1.030500268175026379e+00
3.590130377007068330e-02 3.250709353726142226e-01 1.030446114864515206e+00
3.657010880777489259e-02 3.454123357179247900e-01 1.030388382057806362e+00
3.725137300800209633e-02 3.668688041631384955e-01 1.030325483127711328e+00
3.794532847236938011e-02 3.894976031534649330e-01 1.030255664104451130e+00
3.865221162631261864e-02 4.133618119681234937e-01 1.030176990893545197e+00
3.937226329963479377e-02 4.385316010685571531e-01 1.030087335677690730e+00
4.010572880855495931e-02 4.650857545439562313e-01 1.029984364203128555e+00
4.085285803928561527e-02 4.931051181607647438e-01 1.029866425119698947e+00
4.161390553316707264e-02 5.226561598038549361e-01 1.029734172910450773e+00
4.238913057338778573e-02 5.538041286741303137e-01 1.029588796900421821e+00
4.317879727332021161e-02 5.866162668780265932e-01 1.029431671415587557e+00
4.398317466650223523e-02 6.211620920178942962e-01 1.029264371246732646e+00
4.480253679829489938e-02 6.575137740537785325e-01 1.029088688194720769e+00
4.563716281924758839e-02 6.957466262645710664e-01 1.028906648774815968e+00
4.648733708020256344e-02 7.359397331322983238e-01 1.028720533164876993e+00
4.735334922917116413e-02 7.781767413881551798e-01 1.028532895490328558e+00
4.823549431001467047e-02 8.225468443825456610e-01 1.028346585547927239e+00
4.913407286296361809e-02 8.691459944924263548e-01 1.028164772080653933e+00
5.004939102700953213e-02 9.180783829140292118e-01 1.027990967639470954e+00
5.098176064420424647e-02 9.694524315726947838e-01 1.027828362629647829e+00
5.193149936590212012e-02 1.023365305814066817e+00 1.027678041345727600e+00
5.289893076098151070e-02 1.079914296446473188e+00 1.027540629477756484e+00
5.388438442608223938e-02 1.139201212278945885e+00 1.027416769954446973e+00
5.488819609789671872e-02 1.201333415920766923e+00 1.027307122977206610e+00
5.591070776755290017e-02 1.266425113476399078e+00 1.027212366015901823e+00
5.695226779712821846e-02 1.334598942357540174e+00 1.027133193762405750e+00
5.801323103833375128e-02 1.405987907940543291e+00 1.027070318037653696e+00
5.909395895340967958e-02 1.480737727471291620e+00 1.027024467647586592e+00
6.019481973827271043e-02 1.559009595837514528e+00 1.026996384235781656e+00
6.131618844795772016e-02 1.640966639489869872e+00 1.026985624620693871e+00
6.245844712439614643e-02 1.726745486443213018e+00 1.026988674901318399e+00
6.362198492657485105e-02 1.816482479515379778e+00 1.027001111934301880e+00
6.480719826311967524e-02 1.910319843831893571e+00 1.027017957817714322e+00
6.601449092734885948e-02 2.008407085884781562e+00 1.027033634550009511e+00
6.724427423484245769e-02 2.110902732652152558e+00 1.027041915820092299e+00
6.849696716357443760e-02 2.217976468536529300e+00 1.027035875848578472e+00
6.977299649665534564e-02 2.329811736064908878e+00 1.027007835218869181e+00
7.107279696773415034e-02 2.446603753059709341e+00 1.026950370699789339e+00
7.239681140910873836e-02 2.568528916083415492e+00 1.026862818218611695e+00
7.374549090259549522e-02 2.695757723774904413e+00 1.026747788076369794e+00
7.511929493320965157e-02 2.828469088412845611e+00 1.026608312642293130e+00
7.651869154570821452e-02 2.966852581557171131e+00 1.026447870341476110e+00
7.794415750404946885e-02 3.111111132888458641e+00 1.026270422144363925e+00
7.939617845382279659e-02 3.261464308885954733e+00 1.026080450643226838e+00
8.087524908770453436e-02 3.418150192279359345e+00 1.025883053004804868e+00
8.238187331399605962e-02 3.581396734827407169e+00 1.025684759621739994e+00
8.391656442830157381e-02 3.751421669753840504e+00 1.025493522015910264e+00
8.547984528840409102e-02 3.928456695407823496e+00 1.025318200023377369e+00
8.707224849239916797e-02 4.112751772348651080e+00 1.025168615638330172e+00
8.869431656014709064e-02 4.304579518534326965e+00 1.025055629426922854e+00
9.034660211810524588e-02 4.504240311256467066e+00 1.024991174937557759e+00
9.202966808760409956e-02 4.712036667532985668e+00 1.024978858121344150e+00
9.374408787662991127e-02 4.928227984977122667e+00 1.025001137391485129e+00
9.549044557518077125e-02 5.153079265537426679e+00 1.025035388882232779e+00
9.726933615426168467e-02 5.386872606116001272e+00 1.025056291056732238e+00
9.908136566858666283e-02 5.629911508891710881e+00 1.025035609323830199e+00
1.009271514630570854e-01 5.882524130122918748e+00 1.024943232467927068e+00
1.028073223830864719e-01 6.145022957620782655e+00 1.024775592710730265e+00
1.047225189888434382e-01 6.417694375938606477e+00 1.024559607830528796e+00
1.066733937734857113e-01 6.700838558584667481e+00 1.024326881478950124e+00
1.086606113854596822e-01 6.994775635966567151e+00 1.024112745811944336e+00
1.106848488549412035e-01 7.299850738571392661e+00 1.023956187688315866e+00
1.127467958244946084e-01 7.616425357473335822e+00 1.023878145977386023e+00
1.148471547840289042e-01 7.944870648395278678e+00 1.023866350333639819e+00
1.169866413101306873e-01 8.285591065222037699e+00 1.023903752706685433e+00
1.191659843098558796e-01 8.639034355132563903e+00 1.023971120781987265e+00
1.213859262690627772e-01 9.005692608386659970e+00 1.024046941832109425e+00
1.236472235053715091e-01 9.385991610857068679e+00 1.024108420780771578e+00
1.259506464258357550e-01 9.780295676683394390e+00 1.024131098301356513e+00
1.282969797894147612e-01 1.018898545235049369e+01 1.024087829439117359e+00
1.306870229743346268e-01 1.061246509866928989e+01 1.023948895892464739e+00
1.331215902504307713e-01 1.105116770974257712e+01 1.023711054769862017e+00
1.356015110565633452e-01 1.150556183824414447e+01 1.023424610793439271e+00
1.381276302832009362e-01 1.197616198552795197e+01 1.023151492159228404e+00
1.407008085602685088e-01 1.246353862113759092e+01 1.022960369443897788e+00
1.433219225503573890e-01 1.296822803604014318e+01 1.022888976832524888e+00
1.459918652473978506e-01 1.349061850651840722e+01 1.022906136936552635e+00
1.487115462808953625e-01 1.403108628753403408e+01 1.022968665604934602e+00
1.514818922258345801e-01 1.459001999264871685e+01 1.023029343739829899e+00
1.543038469183564687e-01 1.516787657369914655e+01 1.023059886621818571e+00
1.571783717773162781e-01 1.576520128354688666e+01 1.023051915923246513e+00
1.601064461318317811e-01 1.638260249769133026e+01 1.022997110945041754e+00
1.630890675549332702e-01 1.702072823078298924e+01 1.022890459431168297e+00
1.661272522034293042e-01 1.768016972683325250e+01 1.022741673657201034e+00
1.692220351641037235e-01 1.836154828116125159e+01 1.022565245987429705e+00
1.723744708063619790e-01 1.906555475820442780e+01 1.022377459880552619e+00
1.755856331414468730e-01 1.979296571397969018e+01 1.022196530661687142e+00
1.788566161883461958e-01 2.054466225466687845e+01 1.022042758774913906e+00
1.821885343465165230e-01 2.132162570965002146e+01 1.021937160936887024e+00
1.855825227755517060e-01 2.212464169028948291e+01 1.021883836920581823e+00
1.890397377819219571e-01 2.295433603848575999e+01 1.021874032904838581e+00
1.925613572129196704e-01 2.381136536632097034e+01 1.021897559126602184e+00
1.961485808579429280e-01 2.469643062705425152e+01 1.021942903891874144e+00
1.998026308572548593e-01 2.561028903176735128e+01 1.021997121929975938e+00
2.035247521183575770e-01 2.655372287588993530e+01 1.022047873481277680e+00
2.073162127401229071e-01 2.752736266401194598e+01 1.022091806000237968e+00
2.111783044448242164e-01 2.853180098707490941e+01 1.022128345325386656e+00
2.151123430182164953e-01 2.956765585492852466e+01 1.022156881554782570e+00
2.191196687578147451e-01 3.063558094437214052e+01 1.022176766574781182e+00
2.232016469295232397e-01 3.173627796520366218e+01 1.022187311852597480e+00
2.273596682327715113e-01 3.287051144379874756e+01 1.022187786108140983e+00
2.315951492743152096e-01 3.403912624981428081e+01 1.022177412859091472e+00
2.359095330508633737e-01 3.524306823052814508e+01 1.022155367832958461e+00
2.403042894406967056e-01 3.648340836273503385e+01 1.022120776239628936e+00
2.447809157044440187e-01 3.776137088569960554e+01 1.022072709897680287e+00
2.493409369951877785e-01 3.907836594257791774e+01 1.022010184207507777e+00
2.539859068780723761e-01 4.043591362519533305e+01 1.021932500027781909e+00
2.587174078595921300e-01 4.183502537593332704e+01 1.021841124446660976e+00
2.635370519267393186e-01 4.327650307800062990e+01 1.021738605317998871e+00
2.684464810961962322e-01 4.476118643974024280e+01 1.021627829874053095e+00
2.734473679737579599e-01 4.628996740354678963e+01 1.021512050541944161e+00
2.785414163241766161e-01 4.786380682187749613e+01 1.021394914280914223e+00
2.837303616516211324e-01 4.948375426950484979e+01 1.021280494040860631e+00
2.890159717909508430e-01 5.115097140736916259e+01 1.021173322520995574e+00
2.944000475100033709e-01 5.286675936290624378e+01 1.021078428428528140e+00
2.998844231231027613e-01 5.463259064936325871e+01 1.021001375461405569e+00
3.054709671159968054e-01 5.645000227545333615e+01 1.020946914341237299e+00
3.111615827824359970e-01 5.832009552603916802e+01 1.020914175407224178e+00
3.169582088726115021e-01 6.024388480534641843e+01 1.020900436321795501e+00
3.228628202536730218e-01 6.222246152459518242e+01 1.020902581276623255e+00
3.288774285825510346e-01 6.425701706118037748e+01 1.020917067310932014e+00
3.350040829913132900e-01 6.634886981768170244e+01 1.020939888304116305e+00
3.412448707852889229e-01 6.849949691136112051e+01 1.020966536550748982e+00
3.476019181541977754e-01 7.071057108734825647e+01 1.020991961818086935e+00
3.540773908965269556e-01 7.298396310273133736e+01 1.021010834260417388e+00
3.606734951574028236e-01 7.532124499404643814e+01 1.021021463269573326e+00
3.673924781802074269e-01 7.772374327235645808e+01 1.021025112011751501e+00
3.742366290721980682e-01 8.019290232134913765e+01 1.021023289385794452e+00
3.812082795843887983e-01 8.273032483106455004e+01 1.021017702816176875e+00
3.883098049059605095e-01 8.533780969623705914e+01 1.021010274464901668e+00
3.955436244734701345e-01 8.801739603750388596e+01 1.021003158593287719e+00
4.029122027951347884e-01 9.077139708288814290e+01 1.020998720655546865e+00
4.104180502904709038e-01 9.360173956903167891e+01 1.020997946172378823e+00
4.180637241455757991e-01 9.650955934877428888e+01 1.020999682320891333e+00
4.258518291843414461e-01 9.949595672405759217e+01 1.021002473228458163e+00
4.337850187558989212e-01 1.025620742147737161e+02 1.021004688426229379e+00
4.418659956385941334e-01 1.057091190905400993e+02 1.021004508867674909e+00
4.500975129608046355e-01 1.089383904019207989e+02 1.020999912021344880e+00
4.584823751389096036e-01 1.122513823158752899e+02 1.020989801480956416e+00
4.670234388327330621e-01 1.156500589890656840e+02 1.020977521872557636e+00
4.757236139187884794e-01 1.191367535285983195e+02 1.020967945867200743e+00
4.845858644816490868e-01 1.227141755263902496e+02 1.020966505457950424e+00
4.936132098237911991e-01 1.263854876818315631e+02 1.020979236453285255e+00
5.028087254942474882e-01 1.301543794967563485e+02 1.021012777873709476e+00
5.121755443364236493e-01 1.340240538137659598e+02 1.021070714413524705e+00
5.217168575554343990e-01 1.379962020544075187e+02 1.021150479814727507e+00
5.314359158053235666e-01 1.420724226527403289e+02 1.021248486448120829e+00
5.413360302965375404e-01 1.462544111112605378e+02 1.021360656919383603e+00
5.514205739240296555e-01 1.505439943625650585e+02 1.021482382687191937e+00
5.616929824163804374e-01 1.549431713717512764e+02 1.021608479916559231e+00
5.721567555063246102e-01 1.594541607646717694e+02 1.021733142462393440e+00
5.828154581230839959e-01 1.640794563536857424e+02 1.021849891889884843e+00
5.936727216069119795e-01 1.688218915317969504e+02 1.021951524454009830e+00
6.047322449462643190e-01 1.736846902206070524e+02 1.022030203131349735e+00
6.159977960380161877e-01 1.786707393693418453e+02 1.022082381661251427e+00
6.274732129711574347e-01 1.837822581131755442e+02 1.022110594101095060e+00
6.391624053343999412e-01 1.890216346176601689e+02 1.022118166037044196e+00
6.510693555481454897e-01 1.943915389343510753e+02 1.022108896733941119e+00
6.631981202212668958e-01 1.998949909184701710e+02 1.022087097959792468e+00
6.755528315331639222e-01 2.055354387242712733e+02 1.022057635607309667e+00
6.881376986415662644e-01 2.113168491639912645e+02 1.022025974356133293e+00
7.009570091165617800e-01 2.172438111212861429e+02 1.021998225095291035e+00
7.140151304013395706e-01 2.233208270499316654e+02 1.021979454655705499e+00
7.273165113001454074e-01 2.295502829349946126e+02 1.021969541226155798e+00
7.408656834939559843e-01 2.359341484518230629e+02 1.021967131642560478e+00
7.546672630843886953e-01 2.424744886038004665e+02 1.021970684524301731e+00
7.687259521663728501e-01 2.491735072808095026e+02 1.021978454485982235e+00
7.830465404301183430e-01 2.560335989490602628e+02 1.021988475263822416e+00
7.976339067929273385e-01 2.630574094829482306e+02 1.021998541697603846e+00
8.124930210614047521e-01 2.702479052193679649e+02 1.022006456885531156e+00
8.276289456246344045e-01 2.776084431012456548e+02 1.022011561116596745e+00
8.430468371788967241e-01 2.851428709942649675e+02 1.022013864614167655e+00
8.587519484845170803e-01 2.928556415989023662e+02 1.022013392092955941e+00
8.747496301554414933e-01 3.007519376512274789e+02 1.022010182222101493e+00
8.910453324821513421e-01 3.088378150559287292e+02 1.022004288992501619e+00
9.076446072885356875e-01 3.171202776573593951e+02 1.021995822189902814e+00
9.245531098233570333e-01 3.256048954622457359e+02 1.021986046261811776e+00
9.417766006869519035e-01 3.342949583703629060e+02 1.021977676142967528e+00
9.593209477938241525e-01 3.431938695730987661e+02 1.021973808726632127e+00
9.771921283717996953e-01 3.523053567661208945e+02 1.021977885502241001e+00
9.953962309984233370e-01 3.616335569567854122e+02 1.021993719733898409e+00
1.013939457675291811e+00 3.711829366833380277e+02 1.022025113094044535e+00
1.032828125941028574e+00 3.809569081380477655e+02 1.022072560897458793e+00
1.052068671023622892e+00 3.909583396330197047e+02 1.022134600717216513e+00
1.071667648032863296e+00 4.011903334540581341e+02 1.022209526667853918e+00
1.091631734193614811e+00 4.116563126543678095e+02 1.022295384478035141e+00
1.111967731120699021e+00 4.223601151380557326e+02 1.022389950308636664e+00
1.132682567136153784e+00 4.333061028958907173e+02 1.022490708101237322e+00
1.153783299629660863e+00 4.444992881755561598e+02 1.022594825379496530e+00
1.175277117462945276e+00 4.559454785662900917e+02 1.022699127425706012e+00
1.197171343418965694e+00 4.676514432065956726e+02 1.022800069755461116e+00
1.219473436696737023e+00 4.796251025911278134e+02 1.022893708815130198e+00
1.242190995452616242e+00 4.918757447678928543e+02 1.022975670829800121e+00
1.265331759388941713e+00 5.044138299445577900e+02 1.023041415990480596e+00
1.288903612390891462e+00 5.172460843698121380e+02 1.023089573861770241e+00
1.312914585212463958e+00 5.303763058021767165e+02 1.023121136999817438e+00
1.337372858212495075e+00 5.438084615097166079e+02 1.023137326685517490e+00
1.362286764141645401e+00 5.575468294628261674e+02 1.023139570079576233e+00
1.387664790981307128e+00 5.715960974314050418e+02 1.023129517809395539e+00
1.413515584835394190e+00 5.859614786086145841e+02 1.023109062795000357e+00
1.439847952876006643e+00 6.006488457276484496e+02 1.023080360403608724e+00
1.466670866343967150e+00 6.156648858477886961e+02 1.023045850030933179e+00
1.493993463605256311e+00 6.310172782255783659e+02 1.023008278216914091e+00
1.521825053264385552e+00 6.467144320817071730e+02 1.022970647311078451e+00
1.550175117335768737e+00 6.627622471963701400e+02 1.022935697868315952e+00
1.579053314474174297e+00 6.791654750479139011e+02 1.022906183105801503e+00
1.608469483265355215e+00 6.959293737539770746e+02 1.022885153859886875e+00
1.638433645577983100e+00 7.130598604029372609e+02 1.022875983599166982e+00
1.668956009978023181e+00 7.305636762673067324e+02 1.022882393563304460e+00
1.700046975206716438e+00 7.484485769672525066e+02 1.022908479757275835e+00
1.731717133723352786e+00 7.667235504625060685e+02 1.022958741960009021e+00
1.763977275314043469e+00 7.853989587480729142e+02 1.023037969489811960e+00
1.796838390767719229e+00 8.044832210483189101e+02 1.023146528617811857e+00
1.830311675620611256e+00 8.239813868471316027e+02 1.023278715294703378e+00
1.864408533970485227e+00 8.438987621270972568e+02 1.023427702734578837e+00
1.899140582361933616e+00 8.642412952949176770e+02 1.023585799686369979e+00
1.934519653744044332e+00 8.850157528085843524e+02 1.023744378971872315e+00
1.970557801501798378e+00 9.062299218006010051e+02 1.023893801677319360e+00
2.007267303562568106e+00 9.278928305393042137e+02 1.024023354206198277e+00
2.044660666579115826e+00 9.500121659342048588e+02 1.024125078777977427e+00
2.082750630190514318e+00 9.725900535619642824e+02 1.024199305021056272e+00
2.121550171362450055e+00 9.956276965912632022e+02 1.024247797761727918e+00
2.161072508808376647e+00 1.019126259146526081e+03 1.024272636005755910e+00
2.201331107493030181e+00 1.043086973201292722e+03 1.024276239793692644e+00
2.242339683219845003e+00 1.067511266560386503e+03 1.024261398936216372e+00
2.284112207303823361e+00 1.092400914393205767e+03 1.024231303771751866e+00
2.326662911331458083e+00 1.117758216997509635e+03 1.024189578104197640e+00
2.370006292009327886e+00 1.143586206712888725e+03 1.024140314496476245e+00
2.414157116103017753e+00 1.169888887170217686e+03 1.024088112116243954e+00
2.459130425468043946e+00 1.196671508364703186e+03 1.024038117353851307e+00
2.504941542174502267e+00 1.223940878867048468e+03 1.023996065846142223e+00
2.551606073727183954e+00 1.251702805982966993e+03 1.023966499287172427e+00
2.599139918382932901e+00 1.279955882846655413e+03 1.023948958253888097e+00
2.647559270567066747e+00 1.308697272778929346e+03 1.023941861590003555e+00
2.696880626390692370e+00 1.337924261924595157e+03 1.023943401567990907e+00
2.747120789270811603e+00 1.367634448962288388e+03 1.023951524691770976e+00
2.798296875655115645e+00 1.397825966822586906e+03 1.023963911173771946e+00
2.850426320853434614e+00 1.428497739751416930e+03 1.023977953015818620e+00
2.903526884977813971e+00 1.459649779332523394e+03 1.023990730622808210e+00
2.957616658993253544e+00 1.491283523394977919e+03 1.023998987878322886e+00
3.012714070881164385e+00 1.523402114644756466e+03 1.023999120509784699e+00
3.068837891917642224e+00 1.555993957539851863e+03 1.023989437869896602e+00
3.126007243068700259e+00 1.589010126316853302e+03 1.023972961626410827e+00
3.184241601504649744e+00 1.622389095358481654e+03 1.023953710142223583e+00
3.243560807235807975e+00 1.656059834980908818e+03 1.023936182369567849e+00
3.303985069871854918e+00 1.689940979731681864e+03 1.023925396256976539e+00
3.365534975507090909e+00 1.723939972366624943e+03 1.023926930026723303e+00
3.428231493733967294e+00 1.757952192455829618e+03 1.023946966586877894e+00
3.492095984787267682e+00 1.791860081051163434e+03 1.023992341376068316e+00
3.557150206821382277e+00 1.825568191715447028e+03 1.024069170922859762e+00
3.623416323323146226e+00 1.859191105597474007e+03 1.024175690988896603e+00
3.690916910662774608e+00 1.892958034761353247e+03 1.024306685256009430e+00
3.759674965785463563e+00 1.927150223773261814e+03 1.024456228296438010e+00
3.829713914046277257e+00 1.962107142117676176e+03 1.024617629495779836e+00
3.901057617190989202e+00 1.998233910194780492e+03 1.024783369310930725e+00
3.973730381485604202e+00 2.036010235814942689e+03 1.024945031528744277e+00
4.047756965997318268e+00 2.075970882753362730e+03 1.025093730624747845e+00
4.123162591029748469e+00 2.118338308175543716e+03 1.025226103031128044e+00
4.199972946715301525e+00 2.163069646979424761e+03 1.025343059977633198e+00
4.278214201767612579e+00 2.210087351814139311e+03 1.025445780267952189e+00
4.357913012397025554e+00 2.259278170412695545e+03 1.025535643333672420e+00
4.439096531392166867e+00 2.310486386963152654e+03 1.025614246497885018e+00
4.521792417370697592e+00 2.363506288786739333e+03 1.025683423461453136e+00
4.606028844202397998e+00 2.418073878997423890e+03 1.025745264100275556e+00
4.691834510607794329e+00 2.473857900077390241e+03 1.025802135670147885e+00
4.779238649935595440e+00 2.530450292583770533e+03 1.025856705525184820e+00
4.868271040122278848e+00 2.587356290209361305e+03 1.025911965466343112e+00
4.958962013837211913e+00 2.643984449667777881e+03 1.025971257848609541e+00
5.051342468816761411e+00 2.699659630625570117e+03 1.026038171869585902e+00
5.145443878390924652e+00 2.754025306293794074e+03 1.026114237633159121e+00
5.241298302206056192e+00 2.807080545908193017e+03 1.026198938435416652e+00
5.338938397147350301e+00 2.858875408128988965e+03 1.026291590727294922e+00
5.438397428464796235e+00 2.909504489177717915e+03 1.026391402657071295e+00
5.539709281106400596e+00 2.959112024563850809e+03 1.026497464732184506e+00
5.642908471262536807e+00 3.007897311394990538e+03 1.026608739821127658e+00
5.748030158125351008e+00 3.056120553356018263e+03 1.026724052455633585e+00
5.855110155867238042e+00 3.104109273144519193e+03 1.026842077391768138e+00
5.964184945842459840e+00 3.152265491095478410e+03 1.026961327387012846e+00
6.075291689016070862e+00 3.201038427294809026e+03 1.027080251528382782e+00
6.188468238624382778e+00 3.250546034474676617e+03 1.027198411550880097e+00
6.303753153071275150e+00 3.300654322509110898e+03 1.027316160250731469e+00
6.421185709064758385e+00 3.351201577338958941e+03 1.027433911725516236e+00
6.540805914998252923e+00 3.401999628990038673e+03 1.027552133520681865e+00
6.662654524581149929e+00 3.452831243992337477e+03 1.027671351055280180e+00
6.786773050723295064e+00 3.503447435132862211e+03 1.027792152359549460e+00
6.913203779678127603e+00 3.553564728397755061e+03 1.027915193145347406e+00
7.041989785449288775e+00 3.602863975531473898e+03 1.028041197075282298e+00
7.173174944465612768e+00 3.651089203166483912e+03 1.028170625568052943e+00
7.306803950529499936e+00 3.698129478227001982e+03 1.028303429337440900e+00
7.442922330043757917e+00 3.743891371855019770e+03 1.028439494203146731e+00
7.581576457522110069e+00 3.788286784101084322e+03 1.028578684938297849e+00
7.722813571388642551e+00 3.831234228634648389e+03 1.028720843457317624e+00
7.866681790071582192e+00 3.872660196187331621e+03 1.028865786875900801e+00
8.013230128396878982e+00 3.912500574660738039e+03 1.029013305475297235e+00
8.162508514287219796e+00 3.950666889363918926e+03 1.029163235093355944e+00
8.314567805772055564e+00 3.986965653316915450e+03 1.029315623784868849e+00
8.469459808314576676e+00 4.021172976766722059e+03 1.029470567686660232e+00
8.627237292461440887e+00 4.053053952852200837e+03 1.029628170239420770e+00
8.787954011821311084e+00 4.082363045324194445e+03 1.029788542740103008e+00
8.951664721378293166e+00 4.108844637290101673e+03 1.029951804932419668e+00
9.118425196146562328e+00 4.132233760129331131e+03 1.030118085637919512e+00
9.288292250172489162e+00 4.152257022252111710e+03 1.030287523430274410e+00
9.461323755890759912e+00 4.168633757594033341e+03 1.030460267355577164e+00
9.637578663841079418e+00 4.181077413572957084e+03 1.030636477701631248e+00
9.817117022752183786e+00 4.189297197596229125e+03 1.030816326819402162e+00
1.000000000000000000e+01 4.193000000000001819e+03 1.030999999999999917e+00
