# Source: PRIMAT compilation, https://doi.org/10.1016/j.physrep.2018.04.005
1.000000000000000021e-03 1.178000000000005884e-47 1.024000000000000021e+00
1.018628990244687619e-03 2.300502591965178415e-47 1.024000000000000021e+00
1.037605019766911670e-03 4.510911446200798572e-47 1.024000000000000021e+00
1.056934553557988335e-03 8.879677374279486711e-47 1.024000000000000021e+00
1.076624177045493267e-03 1.754466269904221209e-46 1.024000000000000021e+00
1.096680598336868600e-03 3.478787283125192503e-46 1.024000000000000021e+00
1.117110650504824203e-03 6.920893800814365471e-46 1.024000000000000021e+00
1.137921293915315117e-03 1.381213307862933037e-45 1.024000000000000021e+00
1.159119618598885779e-03 2.764602535932463322e-45 1.024000000000000021e+00
1.180712846666190276e-03 5.548600509379204433e-45 1.024000000000000021e+00
1.202708334768511989e-03 1.116386937831258689e-44 1.024000000000000021e+00
1.225113576604118949e-03 2.251254501440859145e-44 1.024000000000000021e+00
1.247936205471311460e-03 4.548909915238233396e-44 1.024000000000000021e+00
1.271183996869028896e-03 9.207752608783317607e-44 1.024000000000000021e+00
1.294864871145904933e-03 1.866596950674526604e-43 1.024000000000000021e+00
1.318986896198670470e-03 3.788624178781976027e-43 1.024000000000000021e+00
1.343558290220826226e-03 7.697089108156502374e-43 1.024000000000000021e+00
1.368587424502519176e-03 1.564811518459546440e-42 1.024000000000000021e+00
1.394082826282578647e-03 3.182447715879385964e-42 1.024000000000000021e+00
1.420053181653683095e-03 6.472830414309354346e-42 1.024000000000000021e+00
1.446507338521647217e-03 1.316217955664263746e-41 1.024000000000000021e+00
1.473454309619835756e-03 2.675013952886025347e-41 1.024000000000000021e+00
1.500903275579736594e-03 5.431881359713712903e-41 1.024000000000000021e+00
1.528863588058731147e-03 1.101689796919755239e-40 1.024000000000000021e+00
1.557344772926135207e-03 2.231052653620494869e-40 1.024000000000000021e+00
1.586356533508589657e-03 4.509791047513307724e-40 1.024000000000000021e+00
1.615908753895919101e-03 9.096035914231418479e-40 1.024000000000000021e+00
1.646011502308549748e-03 1.829990459026781018e-39 1.024000000000000021e+00
1.676675034527699143e-03 3.671109087591464405e-39 1.024000000000000021e+00
1.707909797389426916e-03 7.340878219662839175e-39 1.024000000000000021e+00
1.739726432343800767e-03 1.462687435607740070e-38 1.024000000000000021e+00
1.772135779080358372e-03 2.903079553325442343e-38 1.024000000000000021e+00
1.805148879221108154e-03 5.737497940960207987e-38 1.024000000000000021e+00
1.838776980082326793e-03 1.128746712652020898e-37 1.024000000000000021e+00
1.873031538506436536e-03 2.209721383639994146e-37 1.024000000000000021e+00
1.907924224765265072e-03 4.303340051291952338e-37 1.024000000000000021e+00
1.943466926536020246e-03 8.334224805714427070e-37 1.024000000000000021e+00
1.979671752951332481e-03 1.604669398044031209e-36 1.024000000000000021e+00
2.016551038724746607e-03 3.070734912705317167e-36 1.024000000000000021e+00
2.054117348353064112e-03 5.838729288507356529e-36 1.024000000000000021e+00
2.092383480396977150e-03 1.102820816345691461e-35 1.024000000000000021e+00
2.131362471841437810e-03 2.068727629681563472e-35 1.024000000000000021e+00
2.171067602537264923e-03 3.853237514029732271e-35 1.024000000000000021e+00
2.211512399725488933e-03 7.125206721890091007e-35 1.024000000000000021e+00
2.252710642645980484e-03 1.307849969370923080e-34 1.024000000000000021e+00
2.294676367231936100e-03 2.382664663616007506e-34 1.024000000000000021e+00
2.337423870891814758e-03 4.308106258339851293e-34 1.024000000000000021e+00
2.380967717380358135e-03 7.730767180160172876e-34 1.024000000000000021e+00
2.425322741760352948e-03 1.376855135256234316e-33 1.024000000000000021e+00
2.470504055456825433e-03 2.434025452571589815e-33 1.024000000000000021e+00
2.516527051405391836e-03 4.271717799880023750e-33 1.024000000000000021e+00
2.563407409296514835e-03 7.444240114059754024e-33 1.024000000000000021e+00
2.611161100917459583e-03 1.288581435928414661e-32 1.024000000000000021e+00
2.659804395593758260e-03 2.216394757303135684e-32 1.024000000000000021e+00
2.709353865732051433e-03 3.789975985076323720e-32 1.024000000000000021e+00
2.759826392466180594e-03 6.446653394278708413e-32 1.024000000000000021e+00
2.811239171408464344e-03 1.091549016450307955e-31 1.024000000000000021e+00
2.863609718508115885e-03 1.841273217240652300e-31 1.024000000000000021e+00
2.916955876018795853e-03 3.097215704823126520e-31 1.024000000000000021e+00
2.971295818577334054e-03 5.200884210233986948e-31 1.024000000000000021e+00
3.026648059395692196e-03 8.728988905798597732e-31 1.024000000000000021e+00
3.083031456568277075e-03 1.465159096671064512e-30 1.024000000000000021e+00
3.140465219496752208e-03 2.458976311015794851e-30 1.024000000000000021e+00
3.198968915434537586e-03 4.125417207356121588e-30 1.024000000000000021e+00
3.258562476153226226e-03 6.917002819450835386e-30 1.024000000000000021e+00
3.319266204733189573e-03 1.158762870420035755e-29 1.024000000000000021e+00
3.381100782480685445e-03 1.939033297990854333e-29 1.024000000000000021e+00
3.444087275973823411e-03 3.240225683434099441e-29 1.024000000000000021e+00
3.508247144239792347e-03 5.405646140351306796e-29 1.024000000000000021e+00
3.573602246065788347e-03 9.000847771112638084e-29 1.024000000000000021e+00
3.640174847446141400e-03 1.495415921715240688e-28 1.024000000000000021e+00
3.707987629168172684e-03 2.478341596665215824e-28 1.024000000000000021e+00
3.777063694539364597e-03 4.095976489135960939e-28 1.024000000000000021e+00
3.847426577258505898e-03 6.748798198608471070e-28 1.024000000000000021e+00
3.919100249433401899e-03 1.108263590818796713e-27 1.024000000000000021e+00
3.992109129748053209e-03 1.813351492154688388e-27 1.024000000000000021e+00
4.066478091781853925e-03 2.955487707682452748e-27 1.024000000000000021e+00
4.142232472483897525e-03 4.797727197404130752e-27 1.024000000000000021e+00
4.219398080805024202e-03 7.756826471761313040e-27 1.024000000000000021e+00
4.298001206490798497e-03 1.249024564541554772e-26 1.024000000000000021e+00
4.378068629038166758e-03 2.003121685187489853e-26 1.024000000000000021e+00
4.459627626819095622e-03 3.199783942049409276e-26 1.024000000000000021e+00
4.542705986374042521e-03 5.091627967375455360e-26 1.024000000000000021e+00
4.627332011878692967e-03 8.072000040158483406e-26 1.024000000000000021e+00
4.713534534786906725e-03 1.275210946152557407e-25 1.024000000000000021e+00
4.801342923653449841e-03 2.008035916931355879e-25 1.024000000000000021e+00
4.890787094139589959e-03 3.152741009614259335e-25 1.024000000000000021e+00
4.981897519205159656e-03 4.937424117390963245e-25 1.024000000000000021e+00
5.074705239490466188e-03 7.715826553497227945e-25 1.024000000000000021e+00
5.169241873891598608e-03 1.203237449883638260e-24 1.024000000000000021e+00
5.265539630332755246e-03 1.872194365876345683e-24 1.024000000000000021e+00
5.363631316739239652e-03 2.906227613770933202e-24 1.024000000000000021e+00
5.463550352214875498e-03 4.500299732389973829e-24 1.024000000000000021e+00
5.565330778427646403e-03 6.950992891127261021e-24 1.024000000000000021e+00
5.669007271207434327e-03 1.070812937863213806e-23 1.024000000000000021e+00
5.774615152359819509e-03 1.645196408914446208e-23 1.024000000000000021e+00
5.882190401699956099e-03 2.520835751871565087e-23 1.024000000000000021e+00
5.991769669310619169e-03 3.852029742220794503e-23 1.024000000000000021e+00
6.103390288028621123e-03 5.870220333234065694e-23 1.024000000000000021e+00
6.217090286163826779e-03 8.921189401984918431e-23 1.024000000000000021e+00
6.332908400455114321e-03 1.352007844687974377e-22 1.024000000000000021e+00
6.450884089267692675e-03 2.043235731532610846e-22 1.024000000000000021e+00
6.571057546036270826e-03 3.079262039392383056e-22 1.024000000000000021e+00
6.693469712958660493e-03 4.627884070228055824e-22 1.024000000000000021e+00
6.818162294944479437e-03 6.936792178663496861e-22 1.024000000000000021e+00
6.945177773823696388e-03 1.037106812502102509e-21 1.024000000000000021e+00
7.074559422819878297e-03 1.546815097603284023e-21 1.024000000000000021e+00
7.206351321293052656e-03 2.301546360093410634e-21 1.024000000000000021e+00
7.340598369757212090e-03 3.416196453883071563e-21 1.024000000000000021e+00
7.477346305177588227e-03 5.058125823447409226e-21 1.024000000000000021e+00
7.616641716552892058e-03 7.470522178169507003e-21 1.024000000000000021e+00
7.758532060787835978e-03 1.100595408362876825e-20 1.024000000000000021e+00
7.903065678861348128e-03 1.617453627575424767e-20 1.024000000000000021e+00
8.050291812295981564e-03 2.371304402504495803e-20 1.024000000000000021e+00
8.200260619934130954e-03 3.468221568185056049e-20 1.024000000000000021e+00
8.353023195026778799e-03 5.060302543969318229e-20 1.024000000000000021e+00
8.508631582640582489e-03 7.365259419375781484e-20 1.024000000000000021e+00
8.667138797389234081e-03 1.069407140294877043e-19 1.024000000000000021e+00
8.828598841495149604e-03 1.549009120091703812e-19 1.024000000000000021e+00
8.993066723187623582e-03 2.238438460676278280e-19 1.024000000000000021e+00
9.160598475443709407e-03 3.227336767398125936e-19 1.024000000000000021e+00
9.331251175078249249e-03 4.642432367208971299e-19 1.024000000000000021e+00
9.505082962189511861e-03 6.662530538256695644e-19 1.024000000000000021e+00
9.682153059967075343e-03 9.539474196212819009e-19 1.024000000000000021e+00
9.862521794868784469e-03 1.362732702531434096e-18 1.024000000000000021e+00
1.004625061717340749e-02 1.942309689025615244e-18 1.024000000000000021e+00
1.023340212191641702e-02 2.762257371880531342e-18 1.024000000000000021e+00
1.042404007021556327e-02 3.919607026666258817e-18 1.024000000000000021e+00
1.061822941099384125e-02 5.549500171992168862e-18 1.024000000000000021e+00
1.081603630310709954e-02 7.839859889059493048e-18 1.024000000000000021e+00
1.101752813788386791e-02 1.105164521356825758e-17 1.024000000000000021e+00
1.122277356208507652e-02 1.554640382853436492e-17 1.024000000000000021e+00
1.143184250129149725e-02 2.182266674242215658e-17 1.024000000000000021e+00
1.164480618372686072e-02 3.056688968628970460e-17 1.024000000000000021e+00
1.186173716452478509e-02 4.272276836955626221e-17 1.024000000000000021e+00
1.208270935044776506e-02 5.958549170608283753e-17 1.024000000000000021e+00
1.230779802506665188e-02 8.292776436727109266e-17 1.024000000000000021e+00
1.253707987440920262e-02 1.151684872759855486e-16 1.024000000000000021e+00
1.277063301308643990e-02 1.596044717649809503e-16 1.024000000000000021e+00
1.300853701090571267e-02 2.207228384213684078e-16 1.024000000000000021e+00
1.325087291997953214e-02 3.046191480625841057e-16 1.024000000000000021e+00
1.349772330233941706e-02 4.195433636081247421e-16 1.024000000000000021e+00
1.374917225806419029e-02 5.766490606765148693e-16 1.024000000000000021e+00
1.400530545393219653e-02 7.909998568400996703e-16 1.024000000000000021e+00
1.426621015260736910e-02 1.082898052382428033e-15 1.024000000000000021e+00
1.453197524236895383e-02 1.479570377222822904e-15 1.024000000000000021e+00
1.480269126739508674e-02 2.017483655860741842e-15 1.024000000000000021e+00
1.507845045861051086e-02 2.745413840438262596e-15 1.024000000000000021e+00
1.535934676510897039e-02 3.728490105840464190e-15 1.024000000000000021e+00
1.564547588616095955e-02 5.053542852296884441e-15 1.024000000000000021e+00
1.593693530381774456e-02 6.836230699114850858e-15 1.024000000000000021e+00
1.623382431612278159e-02 9.230415967638716605e-15 1.024000000000000021e+00
1.653624407094180307e-02 1.243964079899273682e-14 1.024000000000000021e+00
1.684429760042315330e-02 1.673262180970089056e-14 1.024000000000000021e+00
1.715808985610004986e-02 2.246385057786687974e-14 1.024000000000000021e+00
1.747772774464680795e-02 3.010029174262137882e-14 1.024000000000000021e+00
1.780332016430113962e-02 4.025635064900129198e-14 1.024000000000000021e+00
1.813497804196495186e-02 5.373970916937747542e-14 1.024000000000000021e+00
1.847281437099634188e-02 7.160870332175394426e-14 1.024000000000000021e+00
1.881694424970555696e-02 9.524536602000645850e-14 1.024000000000000021e+00
1.916748492056815148e-02 1.264543132777949379e-13 1.024000000000000021e+00
1.952455581016860828e-02 1.675899325353651187e-13 1.024000000000000021e+00
1.988827856988809734e-02 2.217220519186236813e-13 1.024000000000000021e+00
2.025877711735016989e-02 2.928498000986232085e-13 1.024000000000000021e+00
2.063617767863858837e-02 3.861444658091356969e-13 1.024000000000000021e+00
2.102060883130158278e-02 5.082721465029034658e-13 1.024000000000000021e+00
2.141220154815729262e-02 6.678230453203079982e-13 1.024000000000000021e+00
2.181108924191518805e-02 8.758449177371045607e-13 1.024000000000000021e+00
2.221740781062883641e-02 1.146520071590408053e-12 1.024000000000000021e+00
2.263129568399528321e-02 1.498025268342079925e-12 1.024000000000000021e+00
2.305289387051707301e-02 1.953625283955646724e-12 1.024000000000000021e+00
2.348234600554275145e-02 2.543066434872173968e-12 1.024000000000000021e+00
2.391979840020238418e-02 3.304357442293365038e-12 1.024000000000000021e+00
2.436540009125464853e-02 4.286053824179266070e-12 1.024000000000000021e+00
2.481930289186254010e-02 5.550201771182860087e-12 1.024000000000000021e+00
2.528166144331499277e-02 7.176098839555063410e-12 1.024000000000000021e+00
2.575263326771199887e-02 9.264208759574056848e-12 1.024000000000000021e+00
2.623237882163122203e-02 1.194127708653333658e-11 1.024000000000000021e+00
2.672106155079433804e-02 1.536745794359067711e-11 1.024000000000000021e+00
2.721884794575178332e-02 1.974485341769455144e-11 1.024000000000000021e+00
2.772590759860482645e-02 2.532820392266023331e-11 1.024000000000000021e+00
2.824241326078434297e-02 3.243831743704107470e-11 1.024000000000000021e+00
2.876854090190592711e-02 4.147898900707581259e-11 1.024000000000000021e+00
2.930446976972142861e-02 5.295839800739079077e-11 1.024000000000000021e+00
2.985038245118730796e-02 6.751629275052923126e-11 1.024000000000000021e+00
3.040646493467067182e-02 8.595763180790262767e-11 1.024000000000000021e+00
3.097290667331408301e-02 1.092837446249125536e-10 1.024000000000000021e+00
3.154990064958086704e-02 1.387367300942262534e-10 1.024000000000000021e+00
3.213764344100276948e-02 1.758589094427861995e-10 1.024000000000000021e+00
3.273633528715245988e-02 2.225615338259725456e-10 1.024000000000000021e+00
3.334618015786364187e-02 2.812084699760701944e-10 1.024000000000000021e+00
3.396738582272208068e-02 3.547182239151162246e-10 1.024000000000000021e+00
3.460016392185108480e-02 4.466884521956277971e-10 1.024000000000000021e+00
3.524473003801584237e-02 5.615482020215179903e-10 1.024000000000000021e+00
3.590130377007068330e-02 7.047445689803756910e-10 1.024000000000000021e+00
3.657010880777489259e-02 8.829723964275488393e-10 1.024000000000000021e+00
3.725137300800209633e-02 1.104458247903412499e-09 1.024000000000000021e+00
3.794532847236938011e-02 1.379313420116048478e-09 1.024000000000000021e+00
3.865221162631261864e-02 1.719975588795155903e-09 1.024000000000000021e+00
3.937226329963479377e-02 2.141765300318740286e-09 1.024000000000000021e+00
4.010572880855495931e-02 2.663592354657416684e-09 1.024000000000000021e+00
4.085285803928561527e-02 3.308664133303447541e-09 1.024000000000000021e+00
4.161390553316707264e-02 4.104976138986451660e-09 1.024000000000000021e+00
4.238913057338778573e-02 5.086487515343445052e-09 1.024000000000000021e+00
4.317879727332021161e-02 6.294398315284027496e-09 1.024000000000000021e+00
4.398317466650223523e-02 7.778617558396420277e-09 1.024000000000000021e+00
4.480253679829489938e-02 9.599523287953797043e-09 1.024000000000000021e+00
4.563716281924758839e-02 1.183007718560238924e-08 1.024000000000000021e+00
4.648733708020256344e-02 1.455837270964191674e-08 1.024000000000000021e+00
4.735334922917116413e-02 1.789071745066368468e-08 1.024000000000000021e+00
4.823549431001467047e-02 2.195537934896430838e-08 1.024000000000000021e+00
4.913407286296361809e-02 2.690716519635116773e-08 1.024000000000000021e+00
5.004939102700953213e-02 3.293305192413836392e-08 1.024000000000000021e+00
5.098176064420424647e-02 4.025813430464381548e-08 1.024000000000000021e+00
5.193149936590212012e-02 4.914991115271732870e-08 1.024000000000000021e+00
5.289893076098151070e-02 5.992734151037645722e-08 1.024000000000000021e+00
5.388438442608223938e-02 7.297099144860296159e-08 1.024000000000000021e+00
5.488819609789671872e-02 8.873454604754216040e-08 1.024000000000000021e+00
5.591070776755290017e-02 1.077585641822719998e-07 1.024000000000000021e+00
5.695226779712821846e-02 1.306869969132856901e-07 1.024000000000000021e+00
5.801323103833375128e-02 1.582871432146998060e-07 1.024000000000000021e+00
5.909395895340967958e-02 1.914739212719009005e-07 1.024000000000000021e+00
6.019481973827271043e-02 2.313395815785826309e-07 1.024000000000000021e+00
6.131618844795772016e-02 2.791807761654160568e-07 1.024000000000000021e+00
6.245844712439614643e-02 3.365160722043372657e-07 1.024000000000000021e+00
6.362198492657485105e-02 4.051341380272267666e-07 1.024000000000000021e+00
6.480719826311967524e-02 4.871430328426302754e-07 1.024000000000000021e+00
6.601449092734885948e-02 5.850258466976663741e-07 1.024000000000000021e+00
6.724427423484245769e-02 7.017067789353394276e-07 1.024000000000000021e+00
6.849696716357443760e-02 8.406300986954929980e-07 1.024000000000000021e+00
6.977299649665534564e-02 1.005855155771082503e-06 1.024000000000000021e+00
7.107279696773415034e-02 1.202161863557942026e-06 1.024000000000000021e+00
7.239681140910873836e-02 1.435110764340078973e-06 1.024000000000000021e+00
7.374549090259549522e-02 1.711177525819117411e-06 1.024000000000000021e+00
7.511929493320965157e-02 2.037925097020655203e-06 1.024000000000000021e+00
7.651869154570821452e-02 2.424185561054365587e-06 1.024000000000000021e+00
7.794415750404946885e-02 2.880276348924735880e-06 1.024000000000000021e+00
7.939617845382279659e-02 3.418259356552844750e-06 1.024000000000000021e+00
8.087524908770453436e-02 4.052242075490716028e-06 1.024000000000000021e+00
8.238187331399605962e-02 4.798534150004319327e-06 1.024000000000000021e+00
8.391656442830157381e-02 5.675923137276973543e-06 1.024000000000000021e+00
8.547984528840409102e-02 6.706167844119763772e-06 1.024000000000000021e+00
8.707224849239916797e-02 7.914471297886733120e-06 1.024000000000000021e+00
8.869431656014709064e-02 9.330036147213918566e-06 1.024000000000000021e+00
9.034660211810524588e-02 1.098672572353920552e-05 1.024000000000000021e+00
9.202966808760409956e-02 1.292364220639006823e-05 1.024000000000000021e+00
9.374408787662991127e-02 1.518555387989346731e-05 1.024000000000000021e+00
9.549044557518077125e-02 1.782399034187488461e-05 1.024000000000000021e+00
9.726933615426168467e-02 2.089834755994803117e-05 1.024000000000000021e+00
9.908136566858666283e-02 2.447715191190689846e-05 1.024000000000000021e+00
1.009271514630570854e-01 2.863952805770657160e-05 1.024000000000000021e+00
1.028073223830864719e-01 3.347568369877644068e-05 1.024000000000000021e+00
1.047225189888434382e-01 3.908776746415974204e-05 1.024000000000000021e+00
1.066733937734857113e-01 4.559231894585182558e-05 1.024000000000000021e+00
1.086606113854596822e-01 5.312231763420123282e-05 1.024000000000000021e+00
1.106848488549412035e-01 6.182952232079517031e-05 1.024000000000000021e+00
1.127467958244946084e-01 7.188712378990601748e-05 1.024000000000000021e+00
1.148471547840289042e-01 8.349284951433969860e-05 1.024000000000000021e+00
1.169866413101306873e-01 9.687286423630084059e-05 1.024000000000000021e+00
1.191659843098558796e-01 1.122863911318510441e-04 1.024000000000000021e+00
1.213859262690627772e-01 1.300307950621142083e-04 1.024000000000000021e+00
1.236472235053715091e-01 1.504399781581255025e-04 1.024000000000000021e+00
1.259506464258357550e-01 1.738873931168158577e-04 1.024000000000000021e+00
1.282969797894147612e-01 2.007950933884638232e-04 1.024000000000000021e+00
1.306870229743346268e-01 2.316401763892366025e-04 1.024000000000000021e+00
1.331215902504307713e-01 2.669612225312382493e-04 1.024000000000000021e+00
1.356015110565633452e-01 3.073652378954357545e-04 1.024000000000000021e+00
1.381276302832009362e-01 3.535379617613699393e-04 1.024000000000000021e+00
1.407008085602685088e-01 4.062551862931794021e-04 1.024000000000000021e+00
1.433219225503573890e-01 4.663901383028226568e-04 1.024000000000000021e+00
1.459918652473978506e-01 5.349182515482415502e-04 1.023999999999999799e+00
1.487115462808953625e-01 6.129371895309111782e-04 1.024000000000000021e+00
1.514818922258345801e-01 7.016844580055972601e-04 1.024000000000000243e+00
1.543038469183564687e-01 8.025441425994312653e-04 1.024000000000000465e+00
1.571783717773162781e-01 9.170607999156757222e-04 1.024000000000000465e+00
1.601064461318317811e-01 1.046969730884793250e-03 1.024000000000000021e+00
1.630890675549332702e-01 1.194213864335250033e-03 1.023999999999998911e+00
1.661272522034293042e-01 1.360934943443974478e-03 1.023999999999997357e+00
1.692220351641037235e-01 1.549512735570596472e-03 1.023999999999996247e+00
1.723744708063619790e-01 1.762600924769314528e-03 1.023999999999995580e+00
1.755856331414468730e-01 2.003162005749361662e-03 1.023999999999996025e+00
1.788566161883461958e-01 2.274508800684861467e-03 1.023999999999998689e+00
1.821885343465165230e-01 2.580349157223400976e-03 1.024000000000003574e+00
1.855825227755517060e-01 2.924774709139470880e-03 1.024000000000010013e+00
1.890397377819219571e-01 3.312301585208193670e-03 1.024000000000015564e+00
1.925613572129196704e-01 3.747958945427722673e-03 1.024000000000018007e+00
1.961485808579429280e-01 4.237359924886387533e-03 1.024000000000014232e+00
1.998026308572548593e-01 4.786786566097303054e-03 1.024000000000001132e+00
2.035247521183575770e-01 5.403229832486358339e-03 1.023999999999976040e+00
2.073162127401229071e-01 6.094193781375678055e-03 1.023999999999941179e+00
2.111783044448242164e-01 6.867844928700040166e-03 1.023999999999899213e+00
2.151123430182164953e-01 7.733144980088072287e-03 1.023999999999854138e+00
2.191196687578147451e-01 8.699928461745559324e-03 1.023999999999809729e+00
2.232016469295232397e-01 9.778992729709298434e-03 1.023999999999771093e+00
2.273596682327715113e-01 1.098220374605793186e-02 1.023999999999742672e+00
2.315951492743152096e-01 1.232262193003869424e-02 1.023999999999730681e+00
2.359095330508633737e-01 1.381465354612549865e-02 1.023999999999740895e+00
2.403042894406967056e-01 1.547423452466754196e-02 1.023999999999780419e+00
2.447809157044440187e-01 1.731905539549094541e-02 1.023999999999856803e+00
2.493409369951877785e-01 1.936883824507753746e-02 1.023999999999978483e+00
2.539859068780723761e-01 2.164546666242789588e-02 1.024000000000151012e+00
2.587174078595921300e-01 2.417198967987182340e-02 1.024000000000361510e+00
2.635370519267393186e-01 2.697306493001997221e-02 1.024000000000586663e+00
2.684464810961962322e-01 3.007551602562323970e-02 1.024000000000800714e+00
2.734473679737579599e-01 3.350854308331276121e-02 1.024000000000975463e+00
2.785414163241766161e-01 3.730397091614433280e-02 1.024000000001078714e+00
2.837303616516211324e-01 4.149654636219127224e-02 1.024000000001075161e+00
2.890159717909508430e-01 4.612429805449284187e-02 1.024000000000926169e+00
2.944000475100033709e-01 5.122897524972912925e-02 1.024000000000588440e+00
2.998844231231027613e-01 5.685658640892889137e-02 1.024000000000014898e+00
3.054709671159968054e-01 6.305741314257494456e-02 1.023999999999182897e+00
3.111615827824359970e-01 6.988396397445818808e-02 1.023999999998197241e+00
3.169582088726115021e-01 7.739231731238384315e-02 1.023999999997210697e+00
3.228628202536730218e-01 8.564307520074104785e-02 1.023999999996393351e+00
3.288774285825510346e-01 9.470182902921420176e-02 1.023999999995935495e+00
3.350040829913132900e-01 1.046397253136821526e-01 1.023999999996047627e+00
3.412448707852889229e-01 1.155341585366399387e-01 1.023999999996962451e+00
3.476019181541977754e-01 1.274696243942469165e-01 1.023999999998937094e+00
3.540773908965269556e-01 1.405384926156300618e-01 1.024000000002209587e+00
3.606734951574028236e-01 1.548381514062506237e-01 1.024000000006413336e+00
3.673924781802074269e-01 1.704711249980460364e-01 1.024000000010674816e+00
3.742366290721980682e-01 1.875478723262406500e-01 1.024000000014007039e+00
3.812082795843887983e-01 2.061877777842378023e-01 1.024000000015311773e+00
3.883098049059605095e-01 2.265203105466312428e-01 1.024000000013370215e+00
3.955436244734701345e-01 2.486864608493518092e-01 1.024000000006833444e+00
4.029122027951347884e-01 2.728403707356075736e-01 1.023999999994274823e+00
4.104180502904709038e-01 2.991447018169307581e-01 1.023999999976691555e+00
4.180637241455757991e-01 3.277664561761385875e-01 1.023999999958711049e+00
4.258518291843414461e-01 3.588836028146878410e-01 1.023999999945750528e+00
4.337850187558989212e-01 3.926867675357336163e-01 1.023999999943840500e+00
4.418659956385941334e-01 4.293807190453654554e-01 1.023999999959674057e+00
4.500975129608046355e-01 4.691862215015663029e-01 1.024000000000657717e+00
4.584823751389096036e-01 5.123401575563321098e-01 1.024000000069283045e+00
4.670234388327330621e-01 5.590900490999836103e-01 1.024000000145659506e+00
4.757236139187884794e-01 6.096996413976296658e-01 1.024000000201939820e+00
4.845858644816490868e-01 6.644529672952436128e-01 1.024000000207097694e+00
4.936132098237911991e-01 7.236574085568427961e-01 1.024000000126677801e+00
5.028087254942474882e-01 7.876473241669167402e-01 1.023999999922937443e+00
5.121755443364236493e-01 8.567726940511810607e-01 1.023999999585976539e+00
5.217168575554343990e-01 9.313831362448802276e-01 1.023999999160116081e+00
5.314359158053235666e-01 1.011845938366844555e+00 1.023999998700600322e+00
5.413360302965375404e-01 1.098550149984268698e+00 1.023999998269259581e+00
5.514205739240296555e-01 1.191909154361751266e+00 1.023999997935035600e+00
5.616929824163804374e-01 1.292363945071864251e+00 1.023999997774543758e+00
5.721567555063246102e-01 1.400387279384220918e+00 1.023999997872673928e+00
5.828154581230839959e-01 1.516488913807146455e+00 1.023999998323231297e+00
5.936727216069119795e-01 1.641222167051965553e+00 1.023999999229621594e+00
6.047322449462643190e-01 1.775190805845447306e+00 1.024000000700302726e+00
6.159977960380161877e-01 1.919011484028692038e+00 1.024000002672024179e+00
6.274732129711574347e-01 2.073287724718181124e+00 1.024000004844693557e+00
6.391624053343999412e-01 2.238651578405036258e+00 1.024000006868265977e+00
6.510693555481454897e-01 2.415770270330369840e+00 1.024000008352377256e+00
6.631981202212668958e-01 2.605351072605663898e+00 1.024000008863154454e+00
6.755528315331639222e-01 2.808147528293415629e+00 1.024000007919809718e+00
6.881376986415662644e-01 3.024967334043048961e+00 1.024000004991002744e+00
7.009570091165617800e-01 3.256682235411149762e+00 1.023999999491115753e+00
7.140151304013395706e-01 3.504211382708795508e+00 1.023999991275946542e+00
7.273165113001454074e-01 3.768450514241711069e+00 1.023999981843555229e+00
7.408656834939559843e-01 4.050324542758509949e+00 1.023999973211014547e+00
7.546672630843886953e-01 4.350809363059862989e+00 1.023999967628088870e+00
7.687259521663728501e-01 4.670940353877980122e+00 1.023999967595647487e+00
7.830465404301183430e-01 5.011823190762884295e+00 1.023999975885335090e+00
7.976339067929273385e-01 5.374647458099814479e+00 1.023999995560578080e+00
8.124930210614047521e-01 5.760684181607458321e+00 1.024000028677755303e+00
8.276289456246344045e-01 6.171178718612926772e+00 1.024000068624925541e+00
8.430468371788967241e-01 6.607396338089996490e+00 1.024000104340686113e+00
8.587519484845170803e-01 7.070674718335708597e+00 1.024000123476470625e+00
8.747496301554414933e-01 7.562437859506355942e+00 1.024000112304349175e+00
8.910453324821513421e-01 8.084213450949105706e+00 1.024000055608946802e+00
9.076446072885356875e-01 8.637650303629971660e+00 1.023999937701685514e+00
9.245531098233570333e-01 9.224416740728623054e+00 1.023999774077702263e+00
9.417766006869519035e-01 9.846152655842869805e+00 1.023999619804980110e+00
9.593209477938241525e-01 1.050458608401010352e+01 1.023999538385399699e+00
9.771921283717996953e-01 1.120155859333838677e+01 1.023999600464233550e+00
9.953962309984233370e-01 1.193904911758199283e+01 1.023999884391203929e+00
1.013939457675291811e+00 1.271916869434537034e+01 1.024000465125632253e+00
1.032828125941028574e+00 1.354388666156342325e+01 1.024001320601369169e+00
1.052068671023622892e+00 1.441509151883035855e+01 1.024002369715327099e+00
1.071667648032863296e+00 1.533472807523495440e+01 1.024003520666272982e+00
1.091631734193614811e+00 1.630481069365949409e+01 1.024004670542032258e+00
1.111967731120699021e+00 1.732743941053453440e+01 1.024005704427964680e+00
1.132682567136153784e+00 1.840482092966463412e+01 1.024006494454364535e+00
1.153783299629660863e+00 1.953929543233717681e+01 1.024006898778949015e+00
1.175277117462945276e+00 2.073337028528993997e+01 1.024006760500369762e+00
1.197171343418965694e+00 2.198976189095017020e+01 1.024005906498448581e+00
1.219473436696737023e+00 2.331144711734110686e+01 1.024004146196588749e+00
1.242190995452616242e+00 2.470172597709539275e+01 1.024001270241557515e+00
1.265331759388941713e+00 2.616423023123021707e+01 1.023997085728194589e+00
1.288903612390891462e+00 2.770218736991208175e+01 1.023991830029043815e+00
1.312914585212463958e+00 2.931846668672296730e+01 1.023986074336873164e+00
1.337372858212495075e+00 3.101603008334914335e+01 1.023980463892331327e+00
1.362286764141645401e+00 3.279796620298282761e+01 1.023975718683434843e+00
1.387664790981307128e+00 3.466752344411317921e+01 1.023972639370179571e+00
1.413515584835394190e+00 3.662815157257701770e+01 1.023972113620004842e+00
1.439847952876006643e+00 3.868355344576323773e+01 1.023975122882198718e+00
1.466670866343967150e+00 4.083774858277718778e+01 1.023982749631470179e+00
1.493993463605256311e+00 4.309515057428124152e+01 1.023996185113265067e+00
1.521825053264385552e+00 4.546046766259996730e+01 1.024016354174346555e+00
1.550175117335768737e+00 4.793730742313167070e+01 1.024041182071613099e+00
1.579053314474174297e+00 5.052855035258193084e+01 1.024066842532244115e+00
1.608469483265355215e+00 5.323693435697192911e+01 1.024089049557205477e+00
1.638433645577983100e+00 5.606504740551728361e+01 1.024103029490250449e+00
1.668956009978023181e+00 5.901531988745390578e+01 1.024103482859014536e+00
1.700046975206716438e+00 6.209002147374432212e+01 1.024084543912790357e+00
1.731717133723352786e+00 6.529126359326254203e+01 1.024039737800117811e+00
1.763977275314043469e+00 6.862108036718477422e+01 1.023962310444303414e+00
1.796838390767719229e+00 7.208391867968430233e+01 1.023857419002556890e+00
1.830311675620611256e+00 7.568821031384433695e+01 1.023746403960230200e+00
1.864408533970485227e+00 7.944454399756570240e+01 1.023654052875417664e+00
1.899140582361933616e+00 8.336594411427120122e+01 1.023607969680905505e+00
1.934519653744044332e+00 8.746837831141128561e+01 1.023638805250013828e+00
1.970557801501798378e+00 9.177135737360933376e+01 1.023780513518512514e+00
2.007267303562568106e+00 9.629862040116341859e+01 1.024070566405479443e+00
2.044660666579115826e+00 1.010724585589441489e+02 1.024534060447710671e+00
2.082750630190514318e+00 1.061032766612061806e+02 1.025160740464269082e+00
2.121550171362450055e+00 1.113988492913146189e+02 1.025933241746449065e+00
2.161072508808376647e+00 1.169657544742633917e+02 1.026831594675030823e+00
2.201331107493030181e+00 1.228090236257823449e+02 1.027832967336107295e+00
2.242339683219845003e+00 1.289317367257023648e+02 1.028911390908996193e+00
2.284112207303823361e+00 1.353345583194997346e+02 1.030037468510208942e+00
2.326662911331458083e+00 1.420152106481571082e+02 1.031178068744647236e+00
2.370006292009327886e+00 1.489678813217959998e+02 1.032296005920658066e+00
2.414157116103017753e+00 1.561825645946743748e+02 1.033349709751467227e+00
2.459130425468043946e+00 1.636443375888897833e+02 1.034292888415393241e+00
2.504941542174502267e+00 1.713325822013381696e+02 1.035074204966965894e+00
2.551606073727183954e+00 1.792276457720268183e+02 1.035653805886709300e+00
2.599139918382932901e+00 1.873281693246566704e+02 1.036038584281323782e+00
2.647559270567066747e+00 1.956385258697522147e+02 1.036246599238921373e+00
2.696880626390692370e+00 2.041660501488817374e+02 1.036298874741592657e+00
2.747120789270811603e+00 2.129217765098435393e+02 1.036219612774540222e+00
2.798296875655115645e+00 2.219212831482325043e+02 1.036036421813032682e+00
2.850426320853434614e+00 2.311856590598004004e+02 1.035780563756292683e+00
2.903526884977813971e+00 2.407426148997597011e+02 1.035487223133353174e+00
2.957616658993253544e+00 2.506277654590514601e+02 1.035195803316580454e+00
3.012714070881164385e+00 2.608860188269338209e+02 1.034950139227974963e+00
3.068837891917642224e+00 2.715570887005561076e+02 1.034780984480274668e+00
3.126007243068700259e+00 2.826533596147622234e+02 1.034684343725240430e+00
3.184241601504649744e+00 2.941825152008331088e+02 1.034650669444231230e+00
3.243560807235807975e+00 3.061509284806311371e+02 1.034669060299501675e+00
3.303985069871854918e+00 3.185634237382250262e+02 1.034727140640432586e+00
3.365534975507090909e+00 3.314230150742244518e+02 1.034810932206460921e+00
3.428231493733967294e+00 3.447306208631075606e+02 1.034904718046671945e+00
3.492095984787267682e+00 3.584847535947015444e+02 1.034990898815630445e+00
3.557150206821382277e+00 3.726832337401652921e+02 1.035052610485246660e+00
3.623416323323146226e+00 3.873340300232854361e+02 1.035087606795053183e+00
3.690916910662774608e+00 4.024506181423715248e+02 1.035099582019586073e+00
3.759674965785463563e+00 4.180486938304873661e+02 1.035092765604590737e+00
3.829713914046277257e+00 4.341466806469248922e+02 1.035071958030611805e+00
3.901057617190989202e+00 4.507663258206781620e+02 1.035042577121422669e+00
3.973730381485604202e+00 4.679333905160202107e+02 1.035010707752267667e+00
4.047756965997318268e+00 4.856774067781960866e+02 1.034982805509985893e+00
4.123162591029748469e+00 5.040192699765750604e+02 1.034961503808123462e+00
4.199972946715301525e+00 5.229722432363564621e+02 1.034946495805230349e+00
4.278214201767612579e+00 5.425498526355906961e+02 1.034937348223438081e+00
4.357913012397025554e+00 5.627662216074548951e+02 1.034933553495634095e+00
4.439096531392166867e+00 5.836362755007307896e+02 1.034934523261320516e+00
4.521792417370697592e+00 6.051759886450184922e+02 1.034939581399160868e+00
4.606028844202397998e+00 6.274026799032960753e+02 1.034947956567441540e+00
4.691834510607794329e+00 6.503353634107834296e+02 1.034958774222292543e+00
4.779238649935595440e+00 6.739951620262213510e+02 1.034971048082127698e+00
4.868271040122278848e+00 6.984057919873214360e+02 1.034983671005387462e+00
4.958962013837211913e+00 7.235941284015771089e+02 1.034995405247316036e+00
5.051342468816761411e+00 7.495903693483953703e+02 1.035004921278458001e+00
5.145443878390924652e+00 7.764196501153776353e+02 1.035011659483799251e+00
5.241298302206056192e+00 8.041011350085791491e+02 1.035015825413229784e+00
5.338938397147350301e+00 8.326548210198520792e+02 1.035017687205056713e+00
5.438397428464796235e+00 8.621020912059445891e+02 1.035017553670982027e+00
5.539709281106400596e+00 8.924660844884616608e+02 1.035015777741906451e+00
5.642908471262536807e+00 9.237721331719537829e+02 1.035012760156243550e+00
5.748030158125351008e+00 9.560482773539469008e+02 1.035008953406777454e+00
5.855110155867238042e+00 9.893258665675160728e+02 1.035004865963199183e+00
5.964184945842459840e+00 1.023640260366857092e+03 1.035001066788652890e+00
6.075291689016070862e+00 1.059030650377950678e+03 1.034998148594412637e+00
6.188468238624382778e+00 1.095529878575521025e+03 1.034996288788208041e+00
6.303753153071275150e+00 1.133166379458027222e+03 1.034995369739673654e+00
6.421185709064758385e+00 1.171970697102256963e+03 1.034995251264783755e+00
6.540805914998252923e+00 1.211976103160749744e+03 1.034995773572326749e+00
6.662654524581149929e+00 1.253219201159339718e+03 1.034996755628196263e+00
6.786773050723295064e+00 1.295740632242310539e+03 1.034997993405706751e+00
6.913203779678127603e+00 1.339585896023920441e+03 1.034999258014744461e+00
7.041989785449288775e+00 1.384806137954622272e+03 1.035000295625220001e+00
7.173174944465612768e+00 1.431448168471909639e+03 1.035000950618167215e+00
7.306803950529499936e+00 1.479545192679876436e+03 1.035001258171755811e+00
7.442922330043757917e+00 1.529130195831967512e+03 1.035001277954423760e+00
7.581576457522110069e+00 1.580237695334767295e+03 1.035001077769420297e+00
7.722813571388642551e+00 1.632904162382877530e+03 1.035000734228517461e+00
7.866681790071582192e+00 1.687168525682372319e+03 1.035000333472646084e+00
8.013230128396878982e+00 1.743072767138103700e+03 1.034999971927435869e+00
8.162508514287219796e+00 1.800659790013245356e+03 1.034999729332331198e+00
8.314567805772055564e+00 1.859967144465793353e+03 1.034999606681333395e+00
8.469459808314576676e+00 1.921032945795919431e+03 1.034999587412617661e+00
8.627237292461440887e+00 1.983897918197146964e+03 1.034999652612400123e+00
8.787954011821311084e+00 2.048606074789346621e+03 1.034999780818160575e+00
8.951664721378293166e+00 2.115205518820776433e+03 1.034999947808116438e+00
9.118425196146562328e+00 2.183749382078819508e+03 1.035000126376066643e+00
9.288292250172489162e+00 2.254296918526923491e+03 1.035000286090673516e+00
9.461323755890759912e+00 2.326914773489510026e+03 1.035000393038191469e+00
9.637578663841079418e+00 2.401678451415869404e+03 1.035000409547588207e+00
9.817117022752183786e+00 2.478674008465917268e+03 1.035000293896952694e+00
1.000000000000000000e+01 2.558000000000000455e+03 1.034999999999999920e+00
