# Source: PRIMAT compilation, https://doi.org/10.1016/j.physrep.2018.04.005
1.000000000000000021e-03 3.496000000000001947e-19 1.016999999999999904e+00
1.018628990244687619e-03 5.061347732634159685e-19 1.017026515260345709e+00
1.037605019766911670e-03 7.343989563736154640e-19 1.017052160856460663e+00
1.056934553557988335e-03 1.067895120334762105e-18 1.017076889417246166e+00
1.076624177045493267e-03 1.556013727444124087e-18 1.017100652669924887e+00
1.096680598336868600e-03 2.271653717607401258e-18 1.017123401488469803e+00
1.117110650504824203e-03 3.322525537542853168e-18 1.017145085949139993e+00
1.137921293915315117e-03 4.867921918357325336e-18 1.017165655393705626e+00
1.159119618598885779e-03 7.143606217147120217e-18 1.017185058500971184e+00
1.180712846666190276e-03 1.049874868088393476e-17 1.017203243367262422e+00
1.202708334768511989e-03 1.545073537757101018e-17 1.017220157596575802e+00
1.225113576604118949e-03 2.276647285729445427e-17 1.017235748401142503e+00
1.247936205471311460e-03 3.358293807130053982e-17 1.017249962713206113e+00
1.271183996869028896e-03 4.958579613288413300e-17 1.017262747308866677e+00
1.294864871145904933e-03 7.327382665787414057e-17 1.017274048944902143e+00
1.318986896198670470e-03 1.083499631751035214e-16 1.017283814509535755e+00
1.343558290220826226e-03 1.602988340590596291e-16 1.017291991188181699e+00
1.368587424502519176e-03 2.372384876759730378e-16 1.017298526645272094e+00
1.394082826282578647e-03 3.511743304328954132e-16 1.017303369223332865e+00
1.420053181653683095e-03 5.198416610198896477e-16 1.017306468160562805e+00
1.446507338521647217e-03 7.694072547273296504e-16 1.017307773828238115e+00
1.473454309619835756e-03 1.138421057726238873e-15 1.017307237989362179e+00
1.500903275579736594e-03 1.683581280635553679e-15 1.017304814080062236e+00
1.528863588058731147e-03 2.488120925766130786e-15 1.017300457515336820e+00
1.557344772926135207e-03 3.673969754028533637e-15 1.017294126020856337e+00
1.586356533508589657e-03 5.419332033895392069e-15 1.017285779992629591e+00
1.615908753895919101e-03 7.984000012714267209e-15 1.017275382886466017e+00
1.646011502308549748e-03 1.174566675501132686e-14 1.017262901639278905e+00
1.676675034527699143e-03 1.725180378262708600e-14 1.017248307124414497e+00
1.707909797389426916e-03 2.529345225389009127e-14 1.017231574643320924e+00
1.739726432343800767e-03 3.700970165954394211e-14 1.017212684456020089e+00
1.772135779080358372e-03 5.403490350480669540e-14 1.017191622353005531e+00
1.805148879221108154e-03 7.870505169815839882e-14 1.017168380271344708e+00
1.838776980082326793e-03 1.143455869247109946e-13 1.017142956957946209e+00
1.873031538506436536e-03 1.656705613349334611e-13 1.017115358683138515e+00
1.907924224765265072e-03 2.393331421300423478e-13 1.017085600007899604e+00
1.943466926536020246e-03 3.446804644766882419e-13 1.017053704608288811e+00
1.979671752951332481e-03 4.947826333010433441e-13 1.017019706160860348e+00
2.016551038724746607e-03 7.078271624776493636e-13 1.016983649293066616e+00
2.054117348353064112e-03 1.008997495354564396e-12 1.016945590602918337e+00
2.092383480396977150e-03 1.432988938035014532e-12 1.016905599752434997e+00
2.131362471841437810e-03 2.027359237968470510e-12 1.016863760639706626e+00
2.171067602537264923e-03 2.856966636566796250e-12 1.016820172654689047e+00
2.211512399725488933e-03 4.009818883880887857e-12 1.016774952024184664e+00
2.252710642645980484e-03 5.604747124008917144e-12 1.016728233251803282e+00
2.294676367231936100e-03 7.801435446186291586e-12 1.016680170659068905e+00
2.337423870891814758e-03 1.081348997831174540e-11 1.016630940034232378e+00
2.380967717380358135e-03 1.492543495562754576e-11 1.016580740395769844e+00
2.425322741760352948e-03 2.051479831878629884e-11 1.016529795878003295e+00
2.470504055456825433e-03 2.808082734907950560e-11 1.016478357746752437e+00
2.516527051405391836e-03 3.828190208702689215e-11 1.016426706553452242e+00
2.563407409296514835e-03 5.198445997049257450e-11 1.016375154436718553e+00
2.611161100917459583e-03 7.032731258371534439e-11 1.016324047580940970e+00
2.659804395593758260e-03 9.480677969124361374e-11 1.016273768842116398e+00
2.709353865732051433e-03 1.273903211480534488e-10 1.016224740551825878e+00
2.759826392466180594e-03 1.706696709851075835e-10 1.016177427510992715e+00
2.811239171408464344e-03 2.280694201436452854e-10 1.016132340185851080e+00
2.863609718508115885e-03 3.041344127177623000e-10 1.016090038119416672e+00
2.916955876018795853e-03 4.049305701264503996e-10 1.016051133572674292e+00
2.971295818577334054e-03 5.386110089549946241e-10 1.016016295410689940e+00
3.026648059395692196e-03 7.162139498071901640e-10 1.015986236688245281e+00
3.083031456568277075e-03 9.524093777734857528e-10 1.015961300898320152e+00
3.140465219496752208e-03 1.266399172039869902e-09 1.015941380538448513e+00
3.198968915434537586e-03 1.683548449266650377e-09 1.015926311760049439e+00
3.258562476153226226e-03 2.237325375094499534e-09 1.015915891723507380e+00
3.319266204733189573e-03 2.971804571663898105e-09 1.015909875008170760e+00
3.381100782480685445e-03 3.944905269077007057e-09 1.015907969760618368e+00
3.444087275973823411e-03 5.232563542137761877e-09 1.015909833564278442e+00
3.508247144239792347e-03 6.934085575465597452e-09 1.015915069012543581e+00
3.573602246065788347e-03 9.178985415380142336e-09 1.015923218966543029e+00
3.640174847446141400e-03 1.213567686047897447e-08 1.015933761477724184e+00
3.707987629168172684e-03 1.602246548789182346e-08 1.015946104354352730e+00
3.777063694539364597e-03 2.112137332479826187e-08 1.015959579349979380e+00
3.847426577258505898e-03 2.779542471509124833e-08 1.015973435950836778e+00
3.919100249433401899e-03 3.651012598014357025e-08 1.015986834738030753e+00
3.992109129748053209e-03 4.785998090156375710e-08 1.015998840299292549e+00
4.066478091781853925e-03 6.260189555134955770e-08 1.016008561244314601e+00
4.142232472483897525e-03 8.170173914107908676e-08 1.016015849647035951e+00
4.219398080805024202e-03 1.063885565425798630e-07 1.016020846304988900e+00
4.298001206490798497e-03 1.382218494486405164e-07 1.016023718130610654e+00
4.378068629038166758e-03 1.791774179252886214e-07 1.016024660179149386e+00
4.459627626819095622e-03 2.317556957081481374e-07 1.016023898085403498e+00
4.542705986374042521e-03 2.991190203189771360e-07 1.016021690673122535e+00
4.627332011878692967e-03 3.852664464480909974e-07 1.016018332748403141e+00
4.713534534786906725e-03 4.952577235521705092e-07 1.016014158089175057e+00
4.801342923653449841e-03 6.355022798667996272e-07 1.016009542643676600e+00
4.890787094139589959e-03 8.141350136792811672e-07 1.016004907951696623e+00
4.981897519205159656e-03 1.041509166461183505e-06 1.016000724803293620e+00
5.074705239490466188e-03 1.330805471802546008e-06 1.015997461033796290e+00
5.169241873891598608e-03 1.698478581449171448e-06 1.015995213816218712e+00
5.265539630332755246e-03 2.165049057676841153e-06 1.015993895175129058e+00
5.363631316739239652e-03 2.756183479596463100e-06 1.015993402194093731e+00
5.463550352214875498e-03 3.503924696357839061e-06 1.015993616599466964e+00
5.565330778427646403e-03 4.448203209774608376e-06 1.015994403459943296e+00
5.669007271207434327e-03 5.638694207056919512e-06 1.015995609794853705e+00
5.774615152359819509e-03 7.137100063645886916e-06 1.015997063085405161e+00
5.882190401699956099e-03 9.019958581770951209e-06 1.015998569682717845e+00
5.991769669310619169e-03 1.138210399254498684e-05 1.015999913106162778e+00
6.103390288028621123e-03 1.434085291816210928e-05 1.016000892084806262e+00
6.217090286163826779e-03 1.804070579211193600e-05 1.016001488308058809e+00
6.332908400455114321e-03 2.265953725958589799e-05 1.016001748658849291e+00
6.450884089267692675e-03 2.841621318244883312e-05 1.016001726881371914e+00
6.571057546036270826e-03 3.557985613295660784e-05 1.016001484136688005e+00
6.693469712958660493e-03 4.448128817110495590e-05 1.016001089618785436e+00
6.818162294944479437e-03 5.552723300134422384e-05 1.016000621213589694e+00
6.945177773823696388e-03 6.921804553044691249e-05 1.016000166203698374e+00
7.074559422819878297e-03 8.616955785497772819e-05 1.015999818016310341e+00
7.206351321293052656e-03 1.071320303576053898e-04 1.015999612144090625e+00
7.340598369757212090e-03 1.330151263194608046e-04 1.015999529676237190e+00
7.477346305177588227e-03 1.649254270240567237e-04 1.015999547213939813e+00
7.616641716552892058e-03 2.042078942539403798e-04 1.015999638220653978e+00
7.758532060787835978e-03 2.524960109799736065e-04 1.015999772763212183e+00
7.903065678861348128e-03 3.117728503966240325e-04 1.015999917234951866e+00
8.050291812295981564e-03 3.844456203768024699e-04 1.016000034389082929e+00
8.200260619934130954e-03 4.734244902766092541e-04 1.016000102171180863e+00
8.353023195026778799e-03 5.822102656492171395e-04 1.016000126615457022e+00
8.508631582640582489e-03 7.150231414229003693e-04 1.016000117270947634e+00
8.667138797389234081e-03 8.769500243990008704e-04 1.016000084939160830e+00
8.828598841495149604e-03 1.074122397271517169e-03 1.016000041776821572e+00
8.993066723187623582e-03 1.313933828064355784e-03 1.016000001405740649e+00
9.160598475443709407e-03 1.605284318433206243e-03 1.015999976157538898e+00
9.331251175078249249e-03 1.958778791608341372e-03 1.015999966354575346e+00
9.505082962189511861e-03 2.387077881324829124e-03 1.015999968394794895e+00
9.682153059967075343e-03 2.905314394966350411e-03 1.015999978206968191e+00
9.862521794868784469e-03 3.531571068105451242e-03 1.015999991212525710e+00
1.004625061717340749e-02 4.287457148779891779e-03 1.016000002302786642e+00
1.023340212191641702e-02 5.198699823731419215e-03 1.016000008053679737e+00
1.042404007021556327e-02 6.295737860800408418e-03 1.016000009203791077e+00
1.061822941099384125e-02 7.614684208801746762e-03 1.016000007133054384e+00
1.081603630310709954e-02 9.198393723781035994e-03 1.016000003395750806e+00
1.101752813788386791e-02 1.109772644636305289e-02 1.015999999734424897e+00
1.122277356208507652e-02 1.337292823548153625e-02 1.015999997590322890e+00
1.143184250129149725e-02 1.609493643375541766e-02 1.015999996961423069e+00
1.164480618372686072e-02 1.934747711341153545e-02 1.015999997521138676e+00
1.186173716452478509e-02 2.322947229952703613e-02 1.015999998899925094e+00
1.208270935044776506e-02 2.785786122552283764e-02 1.016000000680748139e+00
1.230779802506665188e-02 3.337019595363732716e-02 1.016000002348512732e+00
1.253707987440920262e-02 3.992745717746844919e-02 1.016000003259767137e+00
1.277063301308643990e-02 4.771880946342051122e-02 1.016000002693504767e+00
1.300853701090571267e-02 5.696671383982092329e-02 1.015999999850175639e+00
1.325087291997953214e-02 6.793195038955025800e-02 1.015999994680207408e+00
1.349772330233941706e-02 8.091641185181787377e-02 1.015999990222858695e+00
1.374917225806419029e-02 9.627084702523358573e-02 1.015999990583003498e+00
1.400530545393219653e-02 1.144031607793475902e-01 1.016000000327039743e+00
1.426621015260736910e-02 1.357885228880790218e-01 1.016000020563009976e+00
1.453197524236895383e-02 1.609848617803308901e-01 1.016000037189458638e+00
1.480269126739508674e-02 1.906466200934188726e-01 1.016000030771646578e+00
1.507845045861051086e-02 2.255422890319486451e-01 1.015999980069805186e+00
1.535934676510897039e-02 2.665638741978306192e-01 1.015999896440610950e+00
1.564547588616095955e-02 3.147285349387341502e-01 1.015999856464808282e+00
1.593693530381774456e-02 3.712089980252566424e-01 1.015999952260392636e+00
1.623382431612278159e-02 4.373583218772232328e-01 1.016000266185633327e+00
1.653624407094180307e-02 5.147360942746775914e-01 1.016000730324420065e+00
1.684429760042315330e-02 6.051394284714921579e-01 1.016001192016845911e+00
1.715808985610004986e-02 7.106394178419523922e-01 1.016001480314189687e+00
1.747772774464680795e-02 8.336239441594170962e-01 1.016001404949636644e+00
1.780332016430113962e-02 9.768486074461674162e-01 1.016000754819566865e+00
1.813497804196495186e-02 1.143497113943892973e+00 1.015999306702064953e+00
1.847281437099634188e-02 1.337222008419679975e+00 1.015997216257695346e+00
1.881694424970555696e-02 1.562189801788776533e+00 1.015995189923353470e+00
1.916748492056815148e-02 1.823185017190072754e+00 1.015994052261518732e+00
1.952455581016860828e-02 2.125710605401000652e+00 1.015994720813693686e+00
1.988827856988809734e-02 2.476106201686367747e+00 1.015998213419987195e+00
2.025877711735016989e-02 2.881674372819083008e+00 1.016005534112499831e+00
2.063617767863858837e-02 3.350646784840808579e+00 1.016016479441052667e+00
2.102060883130158278e-02 3.892289386776982330e+00 1.016030006005551600e+00
2.141220154815729262e-02 4.517114861338583864e+00 1.016044927467468106e+00
2.181108924191518805e-02 5.237043730552284337e+00 1.016059913523383651e+00
2.221740781062883641e-02 6.065587716888811265e+00 1.016073478332822688e+00
2.263129568399528321e-02 7.018061685866659793e+00 1.016083968171523688e+00
2.305289387051707301e-02 8.111830820413061360e+00 1.016089548268169329e+00
2.348234600554275145e-02 9.366601619761157238e+00 1.016088188781624435e+00
2.391979840020238418e-02 1.080476782513367695e+01 1.016077649875015920e+00
2.436540009125464853e-02 1.245182561440828195e+01 1.016055465842526706e+00
2.481930289186254010e-02 1.433687659410074033e+01 1.016018928244689867e+00
2.528166144331499277e-02 1.649317873018972591e+01 1.015965258320173481e+00
2.575263326771199887e-02 1.895782347874499862e+01 1.015894267252326122e+00
2.623237882163122203e-02 2.177197863169286762e+01 1.015808023606843635e+00
2.672106155079433804e-02 2.498193094519740853e+01 1.015708951233944557e+00
2.721884794575178332e-02 2.863975356337374478e+01 1.015599804122176542e+00
2.772590759860482645e-02 3.280406743704821793e+01 1.015483693283206756e+00
2.824241326078434297e-02 3.754093804350660690e+01 1.015364115554754587e+00
2.876854090190592711e-02 4.292494163066628943e+01 1.015244984477044810e+00
2.930446976972142861e-02 4.904044488490492171e+01 1.015130663415803269e+00
2.985038245118730796e-02 5.598315431670287268e+01 1.015026001125048483e+00
3.040646493467067182e-02 6.386155007830996766e+01 1.014935965833154707e+00
3.097290667331408301e-02 7.279434769230256563e+01 1.014862165388732640e+00
3.154990064958086704e-02 8.291162411356177131e+01 1.014804154958623528e+00
3.213764344100276948e-02 9.435777552004643098e+01 1.014761351205662132e+00
3.273633528715245988e-02 1.072929812511423080e+02 1.014733041350676546e+00
3.334618015786364187e-02 1.218948257941190292e+02 1.014718371252399942e+00
3.396738582272208068e-02 1.383601401252223582e+02 1.014716332610454019e+00
3.460016392185108480e-02 1.569071160927350093e+02 1.014725749236529806e+00
3.524473003801584237e-02 1.777777632415153448e+02 1.014745262336608667e+00
3.590130377007068330e-02 2.012407973252552438e+02 1.014773314744934041e+00
3.657010880777489259e-02 2.275950747534892855e+02 1.014808134048462485e+00
3.725137300800209633e-02 2.571737186819525505e+02 1.014847714538801515e+00
3.794532847236938011e-02 2.903491220756371263e+02 1.014889797927211124e+00
3.865221162631261864e-02 3.275390630894233368e+02 1.014931852757235964e+00
3.937226329963479377e-02 3.692142314995966217e+02 1.014971052449019417e+00
4.010572880855495931e-02 4.159075202161143920e+02 1.015004253969086445e+00
4.085285803928561527e-02 4.682106909275268549e+02 1.015029043702692091e+00
4.161390553316707264e-02 5.267490968918142471e+02 1.015045652175495583e+00
4.238913057338778573e-02 5.922047359621431042e+02 1.015054852011686659e+00
4.317879727332021161e-02 6.653267669546277148e+02 1.015057536436372754e+00
4.398317466650223523e-02 7.469380682194247356e+02 1.015054729502775865e+00
4.480253679829489938e-02 8.379427640582059666e+02 1.015047597041123906e+00
4.563716281924758839e-02 9.393349655254716026e+02 1.015037458379434598e+00
4.648733708020256344e-02 1.052209039387041457e+03 1.015025798890525799e+00
4.735334922917116413e-02 1.177771802634334335e+03 1.015014283424184649e+00
4.823549431001467047e-02 1.317357143893094644e+03 1.015004770688542557e+00
4.913407286296361809e-02 1.472443702375123166e+03 1.014999328650400434e+00
5.004939102700953213e-02 1.644676393215537701e+03 1.015000250908187907e+00
5.098176064420424647e-02 1.835865808981843884e+03 1.015009113335223923e+00
5.193149936590212012e-02 2.047926338313045107e+03 1.015024277022121613e+00
5.289893076098151070e-02 2.282928582875839766e+03 1.015043149510530096e+00
5.388438442608223938e-02 2.543130650562494793e+03 1.015062820557391943e+00
5.488819609789671872e-02 2.830997375805190131e+03 1.015080036464924174e+00
5.591070776755290017e-02 3.149223055020817355e+03 1.015091172739959191e+00
5.695226779712821846e-02 3.500758623507580069e+03 1.015092205011390192e+00
5.801323103833375128e-02 3.888844432989683355e+03 1.015078678137922630e+00
5.909395895340967958e-02 4.317050075887639650e+03 1.015045673443366825e+00
6.019481973827271043e-02 4.789322798192619302e+03 1.014987783797290710e+00
6.131618844795772016e-02 5.309960103238303418e+03 1.014902041613398032e+00
6.245844712439614643e-02 5.883484364683039530e+03 1.014792546286980457e+00
6.362198492657485105e-02 6.514783505513937598e+03 1.014665064647840564e+00
6.480719826311967524e-02 7.209176173525413105e+03 1.014526102764681470e+00
6.601449092734885948e-02 7.972461730529995293e+03 1.014382964983945534e+00
6.724427423484245769e-02 8.810980645349467522e+03 1.014243817439302697e+00
6.849696716357443760e-02 9.731687934196042988e+03 1.014117756495236611e+00
6.977299649665534564e-02 1.074224291923118653e+04 1.014014882658118788e+00
7.107279696773415034e-02 1.185105159205097880e+04 1.013944814809470962e+00
7.239681140910873836e-02 1.306690771565959585e+04 1.013907145098649654e+00
7.374549090259549522e-02 1.439914418576082062e+04 1.013896545790840653e+00
7.511929493320965157e-02 1.585785016855409231e+04 1.013906943553388951e+00
7.651869154570821452e-02 1.745395171742256935e+04 1.013931472031568193e+00
7.794415750404946885e-02 1.919930819305742261e+04 1.013962405522349064e+00
7.939617845382279659e-02 2.110682923922253758e+04 1.013991088483716663e+00
8.087524908770453436e-02 2.319059115525297966e+04 1.014008366293301933e+00
8.238187331399605962e-02 2.546556115539892198e+04 1.014012166263282166e+00
8.391656442830157381e-02 2.794761900866242286e+04 1.014006823411292668e+00
8.547984528840409102e-02 3.065393056573949798e+04 1.013997402297085237e+00
8.707224849239916797e-02 3.360311459686922171e+04 1.013989576364842549e+00
8.869431656014709064e-02 3.681543703508116596e+04 1.013989676650394856e+00
9.034660211810524588e-02 4.031304648932708369e+04 1.014004713072301556e+00
9.202966808760409956e-02 4.411971149525450164e+04 1.014036333854438032e+00
9.374408787662991127e-02 4.826009393727836868e+04 1.014072587355475230e+00
9.549044557518077125e-02 5.276059140276556718e+04 1.014098244003658111e+00
9.726933615426168467e-02 5.764967542007447628e+04 1.014096332565208369e+00
9.908136566858666283e-02 6.295815024985389755e+04 1.014048005930460850e+00
1.009271514630570854e-01 6.871944663841179863e+04 1.013933387153540977e+00
1.028073223830864719e-01 7.496942417073897377e+04 1.013753853707913155e+00
1.047225189888434382e-01 8.174648309064062778e+04 1.013535157113093055e+00
1.066733937734857113e-01 8.909237669917248422e+04 1.013307262626716776e+00
1.086606113854596822e-01 9.705274546439769620e+04 1.013103643592185188e+00
1.106848488549412035e-01 1.056777044356422557e+05 1.012961177606534147e+00
1.127467958244946084e-01 1.150198242934532755e+05 1.012897582646636208e+00
1.148471547840289042e-01 1.251317103876260080e+05 1.012895638847580493e+00
1.169866413101306873e-01 1.360688640670038585e+05 1.012932667531821096e+00
1.191659843098558796e-01 1.478902107141902379e+05 1.012983183756297256e+00
1.213859262690627772e-01 1.606585013913733710e+05 1.013020134215337320e+00
1.236472235053715091e-01 1.744423994703048666e+05 1.013034117465257067e+00
1.259506464258357550e-01 1.893174187325705134e+05 1.013030228042542502e+00
1.282969797894147612e-01 2.053659569228446926e+05 1.013014587566863467e+00
1.306870229743346268e-01 2.226783762293546170e+05 1.012994076024396728e+00
1.331215902504307713e-01 2.413495242589063128e+05 1.012975959493275901e+00
1.356015110565633452e-01 2.614734763777585467e+05 1.012967550973384645e+00
1.381276302832009362e-01 2.831492127076402539e+05 1.012976897828663736e+00
1.407008085602685088e-01 3.064818489545102348e+05 1.013012751046146853e+00
1.433219225503573890e-01 3.315842840506231878e+05 1.013067423113976018e+00
1.459918652473978506e-01 3.585795035712672980e+05 1.013099477620035715e+00
1.487115462808953625e-01 3.876007570580360480e+05 1.013059100405925061e+00
1.514818922258345801e-01 4.187926950711345999e+05 1.012894155594866730e+00
1.543038469183564687e-01 4.523065947339466657e+05 1.012612276187111249e+00
1.571783717773162781e-01 4.882995633949255571e+05 1.012284119140806071e+00
1.601064461318317811e-01 5.269403229009219212e+05 1.011991050632887523e+00
1.630890675549332702e-01 5.684086046046076808e+05 1.011802485397324647e+00
1.661272522034293042e-01 6.128886450579654193e+05 1.011717137369186004e+00
1.692220351641037235e-01 6.605746879618198145e+05 1.011715116149905835e+00
1.723744708063619790e-01 7.116740831776550040e+05 1.011773897426909707e+00
1.755856331414468730e-01 7.664090725206265924e+05 1.011868088026776080e+00
1.788566161883461958e-01 8.250189912695193198e+05 1.011969178888879828e+00
1.821885343465165230e-01 8.877617632405712502e+05 1.012047094725160967e+00
1.855825227755517060e-01 9.549016396070912015e+05 1.012090888370573483e+00
1.890397377819219571e-01 1.026710544331219280e+06 1.012103918514813516e+00
1.925613572129196704e-01 1.103477810078365728e+06 1.012090351834529667e+00
1.961485808579429280e-01 1.185512753943208372e+06 1.012054950563310740e+00
1.998026308572548593e-01 1.273147659721512115e+06 1.012003120993324012e+00
2.035247521183575770e-01 1.366734531504272483e+06 1.011940162910701657e+00
2.073162127401229071e-01 1.466617801969355438e+06 1.011868161527777144e+00
2.111783044448242164e-01 1.573148598252081079e+06 1.011788309958198129e+00
2.151123430182164953e-01 1.686693754253778141e+06 1.011701968565482002e+00
2.191196687578147451e-01 1.807637373739484698e+06 1.011610678896263327e+00
2.232016469295232397e-01 1.936382858001359273e+06 1.011516178442195546e+00
2.273596682327715113e-01 2.073355510368584190e+06 1.011420416441555670e+00
2.315951492743152096e-01 2.219005848371355329e+06 1.011325570797051210e+00
2.359095330508633737e-01 2.373813777169465553e+06 1.011234066193475112e+00
2.403042894406967056e-01 2.538293804487212095e+06 1.011148593506899340e+00
2.447809157044440187e-01 2.713001508659367450e+06 1.011072130606135211e+00
2.493409369951877785e-01 2.898541508684255183e+06 1.011007964657414160e+00
2.539859068780723761e-01 3.095560178769984283e+06 1.010959185246844250e+00
2.587174078595921300e-01 3.304652384671180043e+06 1.010925811404199681e+00
2.635370519267393186e-01 3.526396588156929705e+06 1.010906482009168661e+00
2.684464810961962322e-01 3.761389391451489646e+06 1.010899618076913864e+00
2.734473679737579599e-01 4.010247580991763622e+06 1.010903406435894603e+00
2.785414163241766161e-01 4.273610869339664467e+06 1.010915779684612437e+00
2.837303616516211324e-01 4.552145589113729075e+06 1.010934394753410182e+00
2.890159717909508430e-01 4.846549549870024435e+06 1.010956609996644939e+00
2.944000475100033709e-01 5.157558302170462906e+06 1.010979460740081048e+00
2.998844231231027613e-01 5.485953091299426742e+06 1.010999633208625959e+00
3.054709671159968054e-01 5.832542890971462242e+06 1.011014156662216390e+00
3.111615827824359970e-01 6.198064357071292587e+06 1.011022887446893836e+00
3.169582088726115021e-01 6.583238992038733326e+06 1.011026551045170807e+00
3.228628202536730218e-01 6.988802458592872135e+06 1.011025978344680887e+00
3.288774285825510346e-01 7.415508712735909037e+06 1.011022114449910525e+00
3.350040829913132900e-01 7.864135726644739509e+06 1.011016028121647370e+00
3.412448707852889229e-01 8.335493120862665586e+06 1.011008921880360401e+00
3.476019181541977754e-01 8.830432068793948740e+06 1.011002142819988903e+00
3.540773908965269556e-01 9.349847007498791441e+06 1.010997112421203381e+00
3.606734951574028236e-01 9.894539261926913634e+06 1.010994281121191607e+00
3.673924781802074269e-01 1.046521515714786947e+07 1.010993311324012600e+00
3.742366290721980682e-01 1.106257527846215852e+07 1.010993799879844612e+00
3.812082795843887983e-01 1.168732219355084561e+07 1.010995290645506195e+00
3.883098049059605095e-01 1.234016839499630965e+07 1.010997270128328518e+00
3.955436244734701345e-01 1.302184696853740513e+07 1.010999162829906872e+00
4.029122027951347884e-01 1.373312338043960929e+07 1.011000336852884374e+00
4.104180502904709038e-01 1.447472353639333323e+07 1.011000530120253149e+00
4.180637241455757991e-01 1.524728590696235560e+07 1.011000053554944378e+00
4.258518291843414461e-01 1.605145991837540083e+07 1.010999299498363202e+00
4.337850187558989212e-01 1.688793001495667174e+07 1.010998707313453204e+00
4.418659956385941334e-01 1.775743701624692976e+07 1.010998767148092004e+00
4.500975129608046355e-01 1.866080442868911847e+07 1.011000023958383620e+00
4.584823751389096036e-01 1.959885521652444825e+07 1.011002772036904140e+00
4.670234388327330621e-01 2.057204876441246644e+07 1.011006104459348354e+00
4.757236139187884794e-01 2.158072388355346397e+07 1.011008700740942290e+00
4.845858644816490868e-01 2.262520413520641625e+07 1.011009088776169129e+00
4.936132098237911991e-01 2.370581516003317386e+07 1.011005632878205107e+00
5.028087254942474882e-01 2.482290426860002428e+07 1.010996540183316528e+00
5.121755443364236493e-01 2.597667962891678885e+07 1.010981311418254425e+00
5.217168575554343990e-01 2.716703325068449602e+07 1.010961970030577639e+00
5.314359158053235666e-01 2.839377556684735790e+07 1.010941043464483879e+00
5.413360302965375404e-01 2.965667924756369740e+07 1.010921360413017167e+00
5.514205739240296555e-01 3.095550155051064491e+07 1.010906074873539229e+00
5.616929824163804374e-01 3.229001207689607516e+07 1.010898691946625405e+00
5.721567555063246102e-01 3.366002653578587621e+07 1.010903095521736850e+00
5.828154581230839959e-01 3.506544715891392529e+07 1.010923578008851687e+00
5.936727216069119795e-01 3.650631045740500093e+07 1.010964872293290684e+00
6.047322449462643190e-01 3.798282460464463383e+07 1.011032050845463104e+00
6.159977960380161877e-01 3.949478454241627455e+07 1.011126012590134016e+00
6.274732129711574347e-01 4.104126668851391226e+07 1.011241829046662710e+00
6.391624053343999412e-01 4.262125736213555187e+07 1.011373549308331565e+00
6.510693555481454897e-01 4.423372471543915570e+07 1.011514464417665460e+00
6.631981202212668958e-01 4.587765422756178677e+07 1.011657044637262137e+00
6.755528315331639222e-01 4.755209072561782598e+07 1.011792872829138101e+00
6.881376986415662644e-01 4.925618748267170787e+07 1.011912573884784727e+00
7.009570091165617800e-01 5.098926288123070449e+07 1.012005741334582209e+00
7.140151304013395706e-01 5.275057165056631714e+07 1.012064452244012092e+00
7.273165113001454074e-01 5.453859660653371364e+07 1.012091850103979507e+00
7.408656834939559843e-01 5.635166072835011035e+07 1.012094014399491648e+00
7.546672630843886953e-01 5.818813726527636498e+07 1.012077839721222450e+00
7.687259521663728501e-01 6.004649999141958356e+07 1.012051101320414537e+00
7.830465404301183430e-01 6.192538064886359125e+07 1.012022525616276258e+00
7.976339067929273385e-01 6.382363404294285923e+07 1.012001866180066489e+00
8.124930210614047521e-01 6.574026878039014339e+07 1.011998133266417854e+00
8.276289456246344045e-01 6.767365496325387061e+07 1.012008906824894083e+00
8.430468371788967241e-01 6.962195001256936789e+07 1.012026309503931687e+00
8.587519484845170803e-01 7.158348796753634512e+07 1.012041501355647855e+00
8.747496301554414933e-01 7.355684608644759655e+07 1.012044616073753955e+00
8.910453324821513421e-01 7.554091803006346524e+07 1.012024680328190485e+00
9.076446072885356875e-01 7.753491753172712028e+07 1.011970195613479673e+00
9.245531098233570333e-01 7.953622212305685878e+07 1.011887805448126398e+00
9.417766006869519035e-01 8.153956481279599667e+07 1.011807218523446128e+00
9.593209477938241525e-01 8.353906401598165929e+07 1.011762799720047346e+00
9.771921283717996953e-01 8.552833620437045395e+07 1.011792789422838679e+00
9.953962309984233370e-01 8.750049140006162226e+07 1.011939629286598308e+00
1.013939457675291811e+00 8.944851772078657150e+07 1.012245776640918082e+00
1.032828125941028574e+00 9.136849231915757060e+07 1.012717387387368051e+00
1.052068671023622892e+00 9.325868045207589865e+07 1.013339181778800446e+00
1.071667648032863296e+00 9.511810619046531618e+07 1.014093339428809193e+00
1.091631734193614811e+00 9.694665784943270683e+07 1.014959426000191955e+00
1.111967731120699021e+00 9.874521390603774786e+07 1.015914139256729021e+00
1.132682567136153784e+00 1.005157764185942709e+08 1.016931038825744427e+00
1.153783299629660863e+00 1.022616128793397695e+08 1.017980260512601820e+00
1.175277117462945276e+00 1.039874079364720434e+08 1.019028216593318659e+00
1.197171343418965694e+00 1.056994270796765685e+08 1.020037284234913022e+00
1.219473436696737023e+00 1.074056952297316641e+08 1.020965485076384516e+00
1.242190995452616242e+00 1.091161942508465648e+08 1.021766160069048190e+00
1.265331759388941713e+00 1.108422103639449179e+08 1.022391015608044684e+00
1.288903612390891462e+00 1.125864478506864756e+08 1.022828044565385675e+00
1.312914585212463958e+00 1.143447892581191808e+08 1.023092521492228402e+00
1.337372858212495075e+00 1.161123574682821929e+08 1.023202843365520476e+00
1.362286764141645401e+00 1.178835693884460777e+08 1.023180279336801002e+00
1.387664790981307128e+00 1.196520736995879114e+08 1.023049179010696808e+00
1.413515584835394190e+00 1.214106870497845858e+08 1.022837196655407066e+00
1.439847952876006643e+00 1.231513295496406555e+08 1.022575534469475800e+00
1.466670866343967150e+00 1.248649606717164069e+08 1.022299208774071211e+00
1.493993463605256311e+00 1.265415169394907951e+08 1.022047343896618221e+00
1.521825053264385552e+00 1.281707442034049183e+08 1.021859077114061209e+00
1.550175117335768737e+00 1.297486491231493652e+08 1.021742308046819980e+00
1.579053314474174297e+00 1.312749288858438581e+08 1.021688396041873892e+00
1.608469483265355215e+00 1.327500539462680072e+08 1.021687350594892907e+00
1.638433645577983100e+00 1.341753359285157472e+08 1.021727811151491361e+00
1.668956009978023181e+00 1.355530177965544760e+08 1.021796927282694778e+00
1.700046975206716438e+00 1.368863684234344363e+08 1.021880231407691575e+00
1.731717133723352786e+00 1.381797822852409482e+08 1.021961504151429168e+00
1.763977275314043469e+00 1.394387664728523195e+08 1.022022970552428855e+00
1.796838390767719229e+00 1.406661362425175309e+08 1.022056180289354854e+00
1.830311675620611256e+00 1.418605692140488625e+08 1.022065755368633200e+00
1.864408533970485227e+00 1.430206395873013139e+08 1.022057800963774854e+00
1.899140582361933616e+00 1.441451092103750706e+08 1.022039207736681776e+00
1.934519653744044332e+00 1.452329567865845263e+08 1.022017714898408203e+00
1.970557801501798378e+00 1.462834088563928008e+08 1.022001978091439334e+00
2.007267303562568106e+00 1.472959708718189001e+08 1.022001626372989413e+00
2.044660666579115826e+00 1.482700716210114360e+08 1.022023655835522682e+00
2.082750630190514318e+00 1.492045239143483639e+08 1.022067224653819162e+00
2.121550171362450055e+00 1.500982170521875918e+08 1.022130103780421573e+00
2.161072508808376647e+00 1.509502559886747003e+08 1.022209729030259640e+00
2.201331107493030181e+00 1.517599891987928450e+08 1.022303172096389989e+00
2.242339683219845003e+00 1.525270379554331899e+08 1.022407109543245651e+00
2.284112207303823361e+00 1.532513270239785910e+08 1.022517789676780531e+00
2.326662911331458083e+00 1.539331167929602563e+08 1.022630997192982338e+00
2.370006292009327886e+00 1.545730368762516975e+08 1.022742015510063718e+00
2.414157116103017753e+00 1.551721212460469604e+08 1.022845586695588338e+00
2.459130425468043946e+00 1.557318449882026315e+08 1.022935868908253276e+00
2.504941542174502267e+00 1.562541621631576419e+08 1.023006393400487157e+00
2.551606073727183954e+00 1.567408059163796008e+08 1.023052415203855370e+00
2.599139918382932901e+00 1.571917552967931628e+08 1.023075918836050979e+00
2.647559270567066747e+00 1.576068071913948357e+08 1.023080550700980806e+00
2.696880626390692370e+00 1.579859626739446521e+08 1.023070461003750431e+00
2.747120789270811603e+00 1.583294473124821782e+08 1.023050344828983604e+00
2.798296875655115645e+00 1.586377324321240187e+08 1.023025486203632095e+00
2.850426320853434614e+00 1.589115573683546484e+08 1.023001805410933995e+00
2.903526884977813971e+00 1.591519527600708902e+08 1.022985909857301534e+00
2.957616658993253544e+00 1.593602649500030279e+08 1.022985148834696822e+00
3.012714070881164385e+00 1.595381764840603471e+08 1.023007649422635001e+00
3.068837891917642224e+00 1.596869483473269343e+08 1.023058822127793865e+00
3.126007243068700259e+00 1.598064752906557322e+08 1.023137032419360271e+00
3.184241601504649744e+00 1.598965756241276860e+08 1.023239392935948899e+00
3.243560807235807975e+00 1.599571912000357211e+08 1.023362586034836319e+00
3.303985069871854918e+00 1.599883992343409359e+08 1.023502826446359038e+00
3.365534975507090909e+00 1.599904246891567707e+08 1.023655821333578464e+00
3.428231493733967294e+00 1.599636532319535315e+08 1.023816727639427882e+00
3.492095984787267682e+00 1.599086447916612029e+08 1.023980106609992724e+00
3.557150206821382277e+00 1.598260856756921709e+08 1.024140532608506904e+00
3.623416323323146226e+00 1.597164891283431351e+08 1.024295875302746905e+00
3.690916910662774608e+00 1.595804030321510434e+08 1.024445227145966086e+00
3.759674965785463563e+00 1.594185445792751610e+08 1.024587605986273076e+00
3.829713914046277257e+00 1.592318134920594990e+08 1.024721948066067645e+00
3.901057617190989202e+00 1.590213056930859387e+08 1.024847102437737245e+00
3.973730381485604202e+00 1.587883276371842325e+08 1.024961825040397123e+00
4.047756965997318268e+00 1.585343388835527897e+08 1.025064899323811174e+00
4.123162591029748469e+00 1.582600892527594864e+08 1.025156671977109468e+00
4.199972946715301525e+00 1.579658137491152287e+08 1.025238748981996295e+00
4.278214201767612579e+00 1.576518254177688062e+08 1.025312991108416893e+00
4.357913012397025554e+00 1.573185344699746072e+08 1.025381512268875195e+00
4.439096531392166867e+00 1.569664556626922488e+08 1.025446700378948472e+00
4.521792417370697592e+00 1.565962160333244503e+08 1.025511239709395950e+00
4.606028844202397998e+00 1.562085630106977224e+08 1.025578134845102296e+00
4.691834510607794329e+00 1.558043729277627468e+08 1.025650736377950567e+00
4.779238649935595440e+00 1.553846599667674303e+08 1.025732768474177714e+00
4.868271040122278848e+00 1.549505855741237402e+08 1.025828358472064439e+00
4.958962013837211913e+00 1.545034683900113702e+08 1.025942068683268982e+00
5.051342468816761411e+00 1.540447397691051066e+08 1.026078700078614681e+00
5.145443878390924652e+00 1.535749837971593142e+08 1.026239240598099345e+00
5.241298302206056192e+00 1.530939573335869610e+08 1.026420867625768896e+00
5.338938397147350301e+00 1.526013831824213564e+08 1.026620217823911441e+00
5.438397428464796235e+00 1.520969782143074572e+08 1.026833468498220991e+00
5.539709281106400596e+00 1.515804533386576772e+08 1.027056298768976195e+00
5.642908471262536807e+00 1.510515134852694869e+08 1.027283848133917488e+00
5.748030158125351008e+00 1.505098575963616669e+08 1.027510672318193041e+00
5.855110155867238042e+00 1.499551786300385892e+08 1.027730696316052184e+00
5.964184945842459840e+00 1.493871635762626827e+08 1.027937164541742110e+00
6.075291689016070862e+00 1.488055596793451607e+08 1.028123103889347023e+00
6.188468238624382778e+00 1.482108775741966069e+08 1.028286780999277950e+00
6.303753153071275150e+00 1.476041942705833912e+08 1.028430222972418040e+00
6.421185709064758385e+00 1.469867209428294599e+08 1.028555846461114864e+00
6.540805914998252923e+00 1.463598035726495683e+08 1.028666430408163635e+00
6.662654524581149929e+00 1.457249311976630688e+08 1.028765146308285638e+00
6.786773050723295064e+00 1.450837446705676317e+08 1.028855590633944495e+00
6.913203779678127603e+00 1.444380459978707433e+08 1.028941819600383001e+00
7.041989785449288775e+00 1.437897899610634446e+08 1.029028377262785288e+00
7.173174944465612768e+00 1.431399032914687693e+08 1.029119735991902429e+00
7.306803950529499936e+00 1.424874252817481160e+08 1.029219885181511085e+00
7.442922330043757917e+00 1.418311132489488125e+08 1.029333161251970274e+00
7.581576457522110069e+00 1.411695976589928567e+08 1.029464362827500201e+00
7.722813571388642551e+00 1.405013738952496648e+08 1.029618787209986452e+00
7.866681790071582192e+00 1.398247937668903768e+08 1.029802269652752456e+00
8.013230128396878982e+00 1.391380571717345715e+08 1.030021224034159300e+00
8.162508514287219796e+00 1.384398858916559219e+08 1.030279614387871856e+00
8.314567805772055564e+00 1.377310350375930369e+08 1.030572036447142237e+00
8.469459808314576676e+00 1.370127607080619633e+08 1.030890420976727784e+00
8.627237292461440887e+00 1.362864450222834349e+08 1.031225652101584789e+00
8.787954011821311084e+00 1.355536032657608092e+08 1.031567479202399884e+00
8.951664721378293166e+00 1.348158914791305959e+08 1.031904423451171171e+00
9.118425196146562328e+00 1.340751145563583225e+08 1.032223678991438520e+00
9.288292250172489162e+00 1.333332349313081950e+08 1.032511008850176770e+00
9.461323755890759912e+00 1.325923819469436854e+08 1.032750635770288028e+00
9.637578663841079418e+00 1.318548620192941576e+08 1.032925128277236038e+00
9.817117022752183786e+00 1.311231697292697579e+08 1.033015282444095462e+00
1.000000000000000000e+01 1.304000000000001490e+08 1.032999999999999918e+00
