# Source: PRIMAT compilation, https://doi.org/10.1016/j.physrep.2018.04.005
1.000000000000000021e-03 6.799299999999988079e+08 1.013400000000000079e+00
1.018628990244687619e-03 6.798492062513064146e+08 1.013400874583304301e+00
1.037605019766911670e-03 6.797672859778780937e+08 1.013401624039483417e+00
1.056934553557988335e-03 6.796842300151913166e+08 1.013402242840890644e+00
1.076624177045493267e-03 6.796000293369101286e+08 1.013402725357547940e+00
1.096680598336868600e-03 6.795146750614861250e+08 1.013403065862146901e+00
1.117110650504824203e-03 6.794281584585942030e+08 1.013403258535792384e+00
1.137921293915315117e-03 6.793404709554026127e+08 1.013403297474555043e+00
1.159119618598885779e-03 6.792516041426005363e+08 1.013403176696890506e+00
1.180712846666190276e-03 6.791615497801654339e+08 1.013402890151999580e+00
1.202708334768511989e-03 6.790702998028068542e+08 1.013402431729200748e+00
1.225113576604118949e-03 6.789778463250495195e+08 1.013401795268396688e+00
1.247936205471311460e-03 6.788841816458752155e+08 1.013400974571713853e+00
1.271183996869028896e-03 6.787892982529219389e+08 1.013399963416411254e+00
1.294864871145904933e-03 6.786931888260536194e+08 1.013398755569149712e+00
1.318986896198670470e-03 6.785958462404392958e+08 1.013397344801725053e+00
1.343558290220826226e-03 6.784972635687794685e+08 1.013395724908375595e+00
1.368587424502519176e-03 6.783974340828993320e+08 1.013393889724777841e+00
1.394082826282578647e-03 6.782963512543861866e+08 1.013391833148855614e+00
1.420053181653683095e-03 6.781940087543047667e+08 1.013389549163533632e+00
1.446507338521647217e-03 6.780904004518364668e+08 1.013387031861577414e+00
1.473454309619835756e-03 6.779855204117677212e+08 1.013384275472666740e+00
1.500903275579736594e-03 6.778793628906557560e+08 1.013381274392864517e+00
1.528863588058731147e-03 6.777719223316017389e+08 1.013378023216648272e+00
1.557344772926135207e-03 6.776631933574776649e+08 1.013374516771686551e+00
1.586356533508589657e-03 6.775531707624224424e+08 1.013370750156551869e+00
1.615908753895919101e-03 6.774418495014896393e+08 1.013366718781573139e+00
1.646011502308549748e-03 6.773292246783181429e+08 1.013362418413047417e+00
1.676675034527699143e-03 6.772152915305204391e+08 1.013357845221039888e+00
1.707909797389426916e-03 6.771000454127168655e+08 1.013352995831020120e+00
1.739726432343800767e-03 6.769834817769728899e+08 1.013347867379594369e+00
1.772135779080358372e-03 6.768655961503806114e+08 1.013342457574613054e+00
1.805148879221108154e-03 6.767463841095962524e+08 1.013336764759948494e+00
1.838776980082326793e-03 6.766258412520375252e+08 1.013330787985258441e+00
1.873031538506436536e-03 6.765039631635359526e+08 1.013324527081066684e+00
1.907924224765265072e-03 6.763807453820381165e+08 1.013317982739518452e+00
1.943466926536020246e-03 6.762561833572130203e+08 1.013311156601186758e+00
1.979671752951332481e-03 6.761302724054605961e+08 1.013304051348328017e+00
2.016551038724746607e-03 6.760030076600772142e+08 1.013296670805018840e+00
2.054117348353064112e-03 6.758743840162031651e+08 1.013289020044617184e+00
2.092383480396977150e-03 6.757443960700638294e+08 1.013281105505037027e+00
2.131362471841437810e-03 6.756130380521793365e+08 1.013272935112339512e+00
2.171067602537264923e-03 6.754803037540163994e+08 1.013264518413187432e+00
2.211512399725488933e-03 6.753461864476184845e+08 1.013255866716734843e+00
2.252710642645980484e-03 6.752106787977063656e+08 1.013246993246563310e+00
2.294676367231936100e-03 6.750737727656497955e+08 1.013237913303314697e+00
2.337423870891814758e-03 6.749354595047998428e+08 1.013228644438706416e+00
2.380967717380358135e-03 6.747957292464525700e+08 1.013219206641661652e+00
2.425322741760352948e-03 6.746545711758804321e+08 1.013209622537330157e+00
2.470504055456825433e-03 6.745119732976039648e+08 1.013199917599821642e+00
2.516527051405391836e-03 6.743679222892822027e+08 1.013190120379528159e+00
2.563407409296514835e-03 6.742224033432557583e+08 1.013180262745960514e+00
2.611161100917459583e-03 6.740753999950457811e+08 1.013170380147085714e+00
2.659804395593758260e-03 6.739268939377657175e+08 1.013160511886208814e+00
2.709353865732051433e-03 6.737768648215284348e+08 1.013150701417509847e+00
2.759826392466180594e-03 6.736252900368512869e+08 1.013140996661411997e+00
2.811239171408464344e-03 6.734721444808576107e+08 1.013131450341030915e+00
2.863609718508115885e-03 6.733174003052353859e+08 1.013122120341030774e+00
2.916955876018795853e-03 6.731610266446121931e+08 1.013113070090295942e+00
2.971295818577334054e-03 6.730029893240704536e+08 1.013104368969910851e+00
3.026648059395692196e-03 6.728432512930635214e+08 1.013096090819435524e+00
3.083031456568277075e-03 6.726817911852054596e+08 1.013088265702900559e+00
3.140465219496752208e-03 6.725186068253204823e+08 1.013080870366602326e+00
3.198968915434537586e-03 6.723536972095339298e+08 1.013073874137420338e+00
3.258562476153226226e-03 6.721870615335965157e+08 1.013067240884504061e+00
3.319266204733189573e-03 6.720186991521432400e+08 1.013060928538327632e+00
3.381100782480685445e-03 6.718486095326161385e+08 1.013054888575393608e+00
3.444087275973823411e-03 6.716767922034156322e+08 1.013049065466364418e+00
3.508247144239792347e-03 6.715032466957868338e+08 1.013043396085264281e+00
3.573602246065788347e-03 6.713279724790067673e+08 1.013037809077251383e+00
3.640174847446141400e-03 6.711509688882901669e+08 1.013032224182316643e+00
3.707987629168172684e-03 6.709722350448790789e+08 1.013026551512093087e+00
3.777063694539364597e-03 6.707917697677131891e+08 1.013020690776809563e+00
3.847426577258505898e-03 6.706095714760061502e+08 1.013014530459229290e+00
3.919100249433401899e-03 6.704256380821238756e+08 1.013007946932240166e+00
3.992109129748053209e-03 6.702399668739081621e+08 1.013000803516560078e+00
4.066478091781853925e-03 6.700525535261486769e+08 1.012992981113361113e+00
4.142232472483897525e-03 6.698633878406268358e+08 1.012984528803700268e+00
4.219398080805024202e-03 6.696724561966840029e+08 1.012975567051449088e+00
4.298001206490798497e-03 6.694797428617923260e+08 1.012966232153265755e+00
4.378068629038166758e-03 6.692852297412989140e+08 1.012956677475213008e+00
4.459627626819095622e-03 6.690888961061722040e+08 1.012947074831629157e+00
4.542705986374042521e-03 6.688907182987031937e+08 1.012937615959121462e+00
4.627332011878692967e-03 6.686906694147483110e+08 1.012928514091829157e+00
4.713534534786906725e-03 6.684887189608213902e+08 1.012920005644506460e+00
4.801342923653449841e-03 6.682848324843862057e+08 1.012912352010395312e+00
4.890787094139589959e-03 6.680789711755272150e+08 1.012905841481317237e+00
4.981897519205159656e-03 6.678710914380493164e+08 1.012900791297897340e+00
5.074705239490466188e-03 6.676611486650236845e+08 1.012897496114721685e+00
5.169241873891598608e-03 6.674491248055126667e+08 1.012895874307217836e+00
5.265539630332755246e-03 6.672350141188477278e+08 1.012895643785775901e+00
5.363631316739239652e-03 6.670188100913078785e+08 1.012896483029664951e+00
5.463550352214875498e-03 6.668005052243105173e+08 1.012898028641505466e+00
5.565330778427646403e-03 6.665800908690187931e+08 1.012899871914634709e+00
5.669007271207434327e-03 6.663575570459920168e+08 1.012901555163978395e+00
5.774615152359819509e-03 6.661328922488452196e+08 1.012902567805887832e+00
5.882190401699956099e-03 6.659060832307717800e+08 1.012902342171662307e+00
5.991769669310619169e-03 6.656771147727085352e+08 1.012900249038690026e+00
6.103390288028621123e-03 6.654459706233700514e+08 1.012895711944302946e+00
6.217090286163826779e-03 6.652126382954468727e+08 1.012888709054118541e+00
6.332908400455114321e-03 6.649771053035805225e+08 1.012879422075466440e+00
6.450884089267692675e-03 6.647393571643455029e+08 1.012868062790906798e+00
6.571057546036270826e-03 6.644993771363737583e+08 1.012854875580477598e+00
6.693469712958660493e-03 6.642571459392840862e+08 1.012840140186438420e+00
6.818162294944479437e-03 6.640126414493519068e+08 1.012824174672424915e+00
6.945177773823696388e-03 6.637658383703395128e+08 1.012807338589789774e+00
7.074559422819878297e-03 6.635167099149116278e+08 1.012790035478812856e+00
7.206351321293052656e-03 6.632652604047393799e+08 1.012772702140059655e+00
7.340598369757212090e-03 6.630115234315809011e+08 1.012755813099887048e+00
7.477346305177588227e-03 6.627555364524893761e+08 1.012739895589440664e+00
7.616641716552892058e-03 6.624973401011096239e+08 1.012725534052612897e+00
7.758532060787835978e-03 6.622369783126000166e+08 1.012713374587439485e+00
7.903065678861348128e-03 6.619744984517954588e+08 1.012704129692252542e+00
8.050291812295981564e-03 6.617099500359144211e+08 1.012698570725377278e+00
8.200260619934130954e-03 6.614433029867938757e+08 1.012696800097758310e+00
8.353023195026778799e-03 6.611743913684840202e+08 1.012697750299271782e+00
8.508631582640582489e-03 6.609030172747975588e+08 1.012700117151884127e+00
8.667138797389234081e-03 6.606289590739101171e+08 1.012702438195669519e+00
8.828598841495149604e-03 6.603519694306762218e+08 1.012703079963490849e+00
8.993066723187623582e-03 6.600717731920287609e+08 1.012700224406380300e+00
9.160598475443709407e-03 6.597881437384204865e+08 1.012692263346720134e+00
9.331251175078249249e-03 6.595011970287684202e+08 1.012679326706273697e+00
9.505082962189511861e-03 6.592111708108855486e+08 1.012662134146190773e+00
9.682153059967075343e-03 6.589183309794201851e+08 1.012641505893217886e+00
9.862521794868784469e-03 6.586229736729148626e+08 1.012618371037149023e+00
1.004625061717340749e-02 6.583254260266690254e+08 1.012593776866387074e+00
1.023340212191641702e-02 6.580258647890790701e+08 1.012568950330144046e+00
1.042404007021556327e-02 6.577241139382622242e+08 1.012545366284778092e+00
1.061822941099384125e-02 6.574199304792616367e+08 1.012524678615048579e+00
1.081603630310709954e-02 6.571130411953983307e+08 1.012508722427364338e+00
1.101752813788386791e-02 6.568031401842172146e+08 1.012499527596337989e+00
1.122277356208507652e-02 6.564900090760746002e+08 1.012498058247095045e+00
1.143184250129149725e-02 6.561737957783877850e+08 1.012501301593282887e+00
1.164480618372686072e-02 6.558547424193694592e+08 1.012505068980060097e+00
1.186173716452478509e-02 6.555331177011196613e+08 1.012504679235996186e+00
1.208270935044776506e-02 6.552092133431537151e+08 1.012495009193689732e+00
1.230779802506665188e-02 6.548830912883493900e+08 1.012474623513047733e+00
1.253707987440920262e-02 6.545544435751203299e+08 1.012448070888360530e+00
1.277063301308643990e-02 6.542228954916205406e+08 1.012420923558137176e+00
1.300853701090571267e-02 6.538880277950484753e+08 1.012399406915577282e+00
1.325087291997953214e-02 6.535494913415367603e+08 1.012388589002800821e+00
1.349772330233941706e-02 6.532073350353559256e+08 1.012387202539431819e+00
1.374917225806419029e-02 6.528617151275006533e+08 1.012392204060855727e+00
1.400530545393219653e-02 6.525128059323016405e+08 1.012400168555335211e+00
1.426621015260736910e-02 6.521607933221111298e+08 1.012407514401291175e+00
1.453197524236895383e-02 6.518058529240099192e+08 1.012411233283915468e+00
1.480269126739508674e-02 6.514481709769060612e+08 1.012408218419410533e+00
1.507845045861051086e-02 6.510879491854879856e+08 1.012395056780891700e+00
1.535934676510897039e-02 6.507251498946363926e+08 1.012370804861348894e+00
1.564547588616095955e-02 6.503592552442425489e+08 1.012339619419263981e+00
1.593693530381774456e-02 6.499896360959081650e+08 1.012306716467119339e+00
1.623382431612278159e-02 6.496156716995477676e+08 1.012277389170870956e+00
1.653624407094180307e-02 6.492373101540712118e+08 1.012253254130881741e+00
1.684429760042315330e-02 6.488548013524267673e+08 1.012234044783855813e+00
1.715808985610004986e-02 6.484684269127507210e+08 1.012219431308197137e+00
1.747772774464680795e-02 6.480785008281968832e+08 1.012209026492774999e+00
1.780332016430113962e-02 6.476853718364660740e+08 1.012202380702456495e+00
1.813497804196495186e-02 6.472894192367011309e+08 1.012198974220543946e+00
1.847281437099634188e-02 6.468908010507607460e+08 1.012198125477577593e+00
1.881694424970555696e-02 6.464893451500287056e+08 1.012198946825512591e+00
1.916748492056815148e-02 6.460848322642738819e+08 1.012200432230314862e+00
1.952455581016860828e-02 6.456770144484672546e+08 1.012201455252816018e+00
1.988827856988809734e-02 6.452656126291286945e+08 1.012200759413945717e+00
2.025877711735016989e-02 6.448503341324993372e+08 1.012197046219474927e+00
2.063617767863858837e-02 6.444310683475697041e+08 1.012189933268418995e+00
2.102060883130158278e-02 6.440078238050668240e+08 1.012179653339691399e+00
2.141220154815729262e-02 6.435806110164864063e+08 1.012166487523658009e+00
2.181108924191518805e-02 6.431494407055066824e+08 1.012150760795932358e+00
2.221740781062883641e-02 6.427143236452808380e+08 1.012132845748092036e+00
2.263129568399528321e-02 6.422752704775761366e+08 1.012113166581005697e+00
2.305289387051707301e-02 6.418322915124374628e+08 1.012092203378151645e+00
2.348234600554275145e-02 6.413853965068874359e+08 1.012070496677527798e+00
2.391979840020238418e-02 6.409345944210848808e+08 1.012048652362051548e+00
2.436540009125464853e-02 6.404798931502782106e+08 1.012027346889765367e+00
2.481930289186254010e-02 6.400212992308806181e+08 1.012007332886708522e+00
2.528166144331499277e-02 6.395588165331940651e+08 1.011989404102715095e+00
2.575263326771199887e-02 6.390924320496608019e+08 1.011973824213741713e+00
2.623237882163122203e-02 6.386221171747317314e+08 1.011960400768651791e+00
2.672106155079433804e-02 6.381478370462088585e+08 1.011948897594639352e+00
2.721884794575178332e-02 6.376695501110731363e+08 1.011939042788998044e+00
2.772590759860482645e-02 6.371872073760045767e+08 1.011930525677620318e+00
2.824241326078434297e-02 6.367007515992301702e+08 1.011922993559800199e+00
2.876854090190592711e-02 6.362101164198977947e+08 1.011916048225932174e+00
2.930446976972142861e-02 6.357152254208004475e+08 1.011909242233960393e+00
2.985038245118730796e-02 6.352159911200882196e+08 1.011902074929694972e+00
3.040646493467067182e-02 6.347123214687628746e+08 1.011894030726927518e+00
3.097290667331408301e-02 6.342041846624412537e+08 1.011884945156040105e+00
3.154990064958086704e-02 6.336915839438797235e+08 1.011874867111413945e+00
3.213764344100276948e-02 6.331745211048859358e+08 1.011863857131123368e+00
3.273633528715245988e-02 6.326529957323436737e+08 1.011851986111565793e+00
3.334618015786364187e-02 6.321270047985978127e+08 1.011839336202791984e+00
3.396738582272208068e-02 6.315965422155251503e+08 1.011826001767141658e+00
3.460016392185108480e-02 6.310615983495976925e+08 1.011812090405293407e+00
3.524473003801584237e-02 6.305221594953633547e+08 1.011797724054093628e+00
3.590130377007068330e-02 6.299782073043667078e+08 1.011783040160810332e+00
3.657010880777489259e-02 6.294297181665173769e+08 1.011768192938752309e+00
3.725137300800209633e-02 6.288766625406770706e+08 1.011753354709505670e+00
3.794532847236938011e-02 6.283190042309234142e+08 1.011738717337381965e+00
3.865221162631261864e-02 6.277566996050330400e+08 1.011724493762024002e+00
3.937226329963479377e-02 6.271896967511233091e+08 1.011710919635506301e+00
4.010572880855495931e-02 6.266179346041340828e+08 1.011698254890133652e+00
4.085285803928561527e-02 6.260413604897422791e+08 1.011686691750208089e+00
4.161390553316707264e-02 6.254599625320575237e+08 1.011676186590952486e+00
4.238913057338778573e-02 6.248737324654766321e+08 1.011666643848149638e+00
4.317879727332021161e-02 6.242826575871429443e+08 1.011657952564035012e+00
4.398317466650223523e-02 6.236867201318342686e+08 1.011649985059210222e+00
4.480253679829489938e-02 6.230858965949567556e+08 1.011642595510580778e+00
4.563716281924758839e-02 6.224801570001580715e+08 1.011635618429303607e+00
4.648733708020256344e-02 6.218694641077899933e+08 1.011628867032388301e+00
4.735334922917116413e-02 6.212537725603281260e+08 1.011622131501219268e+00
4.823549431001467047e-02 6.206330279604747295e+08 1.011615177119883802e+00
4.913407286296361809e-02 6.200071658776237965e+08 1.011607742285780542e+00
5.004939102700953213e-02 6.193761107809414864e+08 1.011599536397474575e+00
5.098176064420424647e-02 6.187397991471807957e+08 1.011590338920223875e+00
5.193149936590212012e-02 6.180982415387521982e+08 1.011580262238590100e+00
5.289893076098151070e-02 6.174514643515003920e+08 1.011569512715530639e+00
5.388438442608223938e-02 6.167994927474517822e+08 1.011558323121715119e+00
5.488819609789671872e-02 6.161423502417246103e+08 1.011546954781947560e+00
5.591070776755290017e-02 6.154800582504074574e+08 1.011535699870235172e+00
5.695226779712821846e-02 6.148126355968242884e+08 1.011524883863210045e+00
5.801323103833375128e-02 6.141400979731279612e+08 1.011514868162245673e+00
5.909395895340967958e-02 6.134624573541104794e+08 1.011506052895312147e+00
6.019481973827271043e-02 6.127797213203972578e+08 1.011498879349175040e+00
6.131618844795772016e-02 6.120918803571991920e+08 1.011493662928535819e+00
6.245844712439614643e-02 6.113988882825928926e+08 1.011490328504497160e+00
6.362198492657485105e-02 6.107006832508924007e+08 1.011488721480100939e+00
6.480719826311967524e-02 6.099971904851783514e+08 1.011488662223490209e+00
6.601449092734885948e-02 6.092883209233237505e+08 1.011489943909137823e+00
6.724427423484245769e-02 6.085739697625553608e+08 1.011492330206406276e+00
6.849696716357443760e-02 6.078540148959332705e+08 1.011495552805737219e+00
6.977299649665534564e-02 6.071283152341041565e+08 1.011499308772217720e+00
7.107279696773415034e-02 6.063967316056771278e+08 1.011503253305475525e+00
7.239681140910873836e-02 6.056592641724612713e+08 1.011506969583464199e+00
7.374549090259549522e-02 6.049159768476909399e+08 1.011509979653125946e+00
7.511929493320965157e-02 6.041669355860593319e+08 1.011511752469105963e+00
7.651869154570821452e-02 6.034122079353483915e+08 1.011511699792987384e+00
7.794415750404946885e-02 6.026518627746418715e+08 1.011509171773491422e+00
7.939617845382279659e-02 6.018859700217818022e+08 1.011503452233010192e+00
8.087524908770453436e-02 6.011145983498365879e+08 1.011493814102467415e+00
8.238187331399605962e-02 6.003377852076263428e+08 1.011480430249187323e+00
8.391656442830157381e-02 5.995555389056853056e+08 1.011464297114290645e+00
8.547984528840409102e-02 5.987678599272795916e+08 1.011446560258489225e+00
8.707224849239916797e-02 5.979747405906710625e+08 1.011428504993790556e+00
8.869431656014709064e-02 5.971761639886442423e+08 1.011411567603576644e+00
9.034660211810524588e-02 5.963721028735281229e+08 1.011397344974577450e+00
9.202966808760409956e-02 5.955625242433588505e+08 1.011387141961913372e+00
9.374408787662991127e-02 5.947473958821363449e+08 1.011381351707595355e+00
9.549044557518077125e-02 5.939266750635572672e+08 1.011380253683499486e+00
9.726933615426168467e-02 5.931003055851452351e+08 1.011384141433110173e+00
9.908136566858666283e-02 5.922682162912076712e+08 1.011393323256155830e+00
1.009271514630570854e-01 5.914303257334718704e+08 1.011408073692328102e+00
1.028073223830864719e-01 5.905866824462629557e+08 1.011427513637493503e+00
1.047225189888434382e-01 5.897374829140286446e+08 1.011449446103197980e+00
1.066733937734857113e-01 5.888829423486039639e+08 1.011471354064891637e+00
1.086606113854596822e-01 5.880232890558185577e+08 1.011490426464779269e+00
1.106848488549412035e-01 5.871587605768239498e+08 1.011503568370267336e+00
1.127467958244946084e-01 5.862893471553770304e+08 1.011509368661614117e+00
1.148471547840289042e-01 5.854146132891575098e+08 1.011509477883488550e+00
1.169866413101306873e-01 5.845340279386401176e+08 1.011506042422184448e+00
1.191659843098558796e-01 5.836469916696043015e+08 1.011501474033425385e+00
1.213859262690627772e-01 5.827528964245390892e+08 1.011498324587013053e+00
1.236472235053715091e-01 5.818519823438997269e+08 1.011497369873136432e+00
1.259506464258357550e-01 5.809451956812213659e+08 1.011497923099535123e+00
1.282969797894147612e-01 5.800335922887901068e+08 1.011499175374451109e+00
1.306870229743346268e-01 5.791183216840635538e+08 1.011500225559604837e+00
1.331215902504307713e-01 5.781999017984247208e+08 1.011500535835392567e+00
1.356015110565633452e-01 5.772775490273338556e+08 1.011500356412216028e+00
1.381276302832009362e-01 5.763502359044551849e+08 1.011500057534662211e+00
1.407008085602685088e-01 5.754168133963209391e+08 1.011500050073768753e+00
1.433219225503573890e-01 5.744765855154751539e+08 1.011500464542993472e+00
1.459918652473978506e-01 5.735298831470168829e+08 1.011500827217638676e+00
1.487115462808953625e-01 5.725771861736403704e+08 1.011500541011020049e+00
1.514818922258345801e-01 5.716190071582494974e+08 1.011499010014954125e+00
1.543038469183564687e-01 5.706557292644162178e+08 1.011496970359942571e+00
1.571783717773162781e-01 5.696876004411805868e+08 1.011496565287353322e+00
1.601064461318317811e-01 5.687148736615052223e+08 1.011500232798485888e+00
1.630890675549332702e-01 5.677377621391265392e+08 1.011509866792823953e+00
1.661272522034293042e-01 5.667562985138361454e+08 1.011524556079021142e+00
1.692220351641037235e-01 5.657704580740351677e+08 1.011542570398564989e+00
1.723744708063619790e-01 5.647801952849709988e+08 1.011561964234479083e+00
1.755856331414468730e-01 5.637854415417029858e+08 1.011580559351233033e+00
1.788566161883461958e-01 5.627861027558619976e+08 1.011595926172460302e+00
1.821885343465165230e-01 5.617820709016444683e+08 1.011605570041962388e+00
1.855825227755517060e-01 5.607733847515861988e+08 1.011609300308106363e+00
1.890397377819219571e-01 5.597601898709381819e+08 1.011608689455171461e+00
1.925613572129196704e-01 5.587426314869679213e+08 1.011605544291187542e+00
1.961485808579429280e-01 5.577208515841379166e+08 1.011601893194049584e+00
1.998026308572548593e-01 5.566949879393960238e+08 1.011600003929899128e+00
2.035247521183575770e-01 5.556651794449117184e+08 1.011601978239475175e+00
2.073162127401229071e-01 5.546315899861316681e+08 1.011608098537697398e+00
2.111783044448242164e-01 5.535943890241273642e+08 1.011618045752077810e+00
2.151123430182164953e-01 5.525537422755262852e+08 1.011631448542169132e+00
2.191196687578147451e-01 5.515098106423656940e+08 1.011647878858802807e+00
2.232016469295232397e-01 5.504627490498721600e+08 1.011666847109066403e+00
2.273596682327715113e-01 5.494127051846956015e+08 1.011687796981551868e+00
2.315951492743152096e-01 5.483598181268130541e+08 1.011710099910845484e+00
2.359095330508633737e-01 5.473042168678719997e+08 1.011733049159180498e+00
2.403042894406967056e-01 5.462460187083393335e+08 1.011755853492095181e+00
2.447809157044440187e-01 5.451853275253360271e+08 1.011777630423868146e+00
2.493409369951877785e-01 5.441222319024964571e+08 1.011797399007413167e+00
2.539859068780723761e-01 5.430568235869441032e+08 1.011814234547292912e+00
2.587174078595921300e-01 5.419893067073185444e+08 1.011828147343477369e+00
2.635370519267393186e-01 5.409199302455251217e+08 1.011839565241937189e+00
2.684464810961962322e-01 5.398489413758753538e+08 1.011848977459670840e+00
2.734473679737579599e-01 5.387765843001935482e+08 1.011856938911405823e+00
2.785414163241766161e-01 5.377030990786411762e+08 1.011864075625767523e+00
2.837303616516211324e-01 5.366287203567720056e+08 1.011871090540630291e+00
2.890159717909508430e-01 5.355536759814060926e+08 1.011878769703269176e+00
2.944000475100033709e-01 5.344781854977530837e+08 1.011887988902823610e+00
2.998844231231027613e-01 5.334024585194329023e+08 1.011899720764653843e+00
3.054709671159968054e-01 5.323267203480128646e+08 1.011914814812682195e+00
3.111615827824359970e-01 5.312513052084079385e+08 1.011933211139842692e+00
3.169582088726115021e-01 5.301765799543812275e+08 1.011954557841380664e+00
3.228628202536730218e-01 5.291029137403648496e+08 1.011978450878739499e+00
3.288774285825510346e-01 5.280306770929183960e+08 1.012004429671408579e+00
3.350040829913132900e-01 5.269602408902655840e+08 1.012031972377911648e+00
3.412448707852889229e-01 5.258919752430065274e+08 1.012060490848971650e+00
3.476019181541977754e-01 5.248262482685812712e+08 1.012089325232780945e+00
3.540773908965269556e-01 5.237634250441148877e+08 1.012117778394130641e+00
3.606734951574028236e-01 5.227038699153002501e+08 1.012145629662831725e+00
3.673924781802074269e-01 5.216479442582108974e+08 1.012173044902546559e+00
3.742366290721980682e-01 5.205960021947361231e+08 1.012200221392326460e+00
3.812082795843887983e-01 5.195483887085583210e+08 1.012227381578627794e+00
3.883098049059605095e-01 5.185054376630774736e+08 1.012254775136812945e+00
3.955436244734701345e-01 5.174674696502634287e+08 1.012282681176227772e+00
4.029122027951347884e-01 5.164347924894279242e+08 1.012311406124188462e+00
4.104180502904709038e-01 5.154078139000915289e+08 1.012341103779880847e+00
4.180637241455757991e-01 5.143870932560695410e+08 1.012371689667317387e+00
4.258518291843414461e-01 5.133732078018475175e+08 1.012403049174914971e+00
4.337850187558989212e-01 5.123667416536534429e+08 1.012435052420642245e+00
4.418659956385941334e-01 5.113682848705753088e+08 1.012467553004930076e+00
4.500975129608046355e-01 5.103784324233285189e+08 1.012500386677706699e+00
4.584823751389096036e-01 5.093977671722779274e+08 1.012533450312129713e+00
4.670234388327330621e-01 5.084268098865458369e+08 1.012566948300374969e+00
4.757236139187884794e-01 5.074660584386571646e+08 1.012601187809498704e+00
4.845858644816490868e-01 5.065159995745618343e+08 1.012636510435433568e+00
4.936132098237911991e-01 5.055771064231921434e+08 1.012673294922238565e+00
5.028087254942474882e-01 5.046498368282721043e+08 1.012711958087316733e+00
5.121755443364236493e-01 5.037347098439484835e+08 1.012752806435234465e+00
5.217168575554343990e-01 5.028323691776416302e+08 1.012795910764919594e+00
5.314359158053235666e-01 5.019434701481101513e+08 1.012841316878468678e+00
5.413360302965375404e-01 5.010686656035515666e+08 1.012889068584455599e+00
5.514205739240296555e-01 5.002086039244899154e+08 1.012939207382492546e+00
5.616929824163804374e-01 4.993639268348330855e+08 1.012991772121567990e+00
5.721567555063246102e-01 4.985352670055817962e+08 1.013046798630332646e+00
5.828154581230839959e-01 4.977232454342432022e+08 1.013104319317390312e+00
5.936727216069119795e-01 4.969284685820198059e+08 1.013164362739523927e+00
6.047322449462643190e-01 4.961515258166833520e+08 1.013226951634246920e+00
6.159977960380161877e-01 4.953930050634405017e+08 1.013292051913853964e+00
6.274732129711574347e-01 4.946534960174849629e+08 1.013359553340668295e+00
6.391624053343999412e-01 4.939335660014141798e+08 1.013429321834979246e+00
6.510693555481454897e-01 4.932337546079111695e+08 1.013501201309323196e+00
6.631981202212668958e-01 4.925545693457192183e+08 1.013575011789966229e+00
6.755528315331639222e-01 4.918964809015493393e+08 1.013650547406216740e+00
6.881376986415662644e-01 4.912599179871993065e+08 1.013727574239167373e+00
7.009570091165617800e-01 4.906452617710229754e+08 1.013805828047074975e+00
7.140151304013395706e-01 4.900529395903995037e+08 1.013885093615604971e+00
7.273165113001454074e-01 4.894836581288476586e+08 1.013965399447549931e+00
7.408656834939559843e-01 4.889381715863885283e+08 1.014046831964674045e+00
7.546672630843886953e-01 4.884172175259803534e+08 1.014129486499768973e+00
7.687259521663728501e-01 4.879215131493338346e+08 1.014213468011244901e+00
7.830465404301183430e-01 4.874517512182018161e+08 1.014298891847467354e+00
7.976339067929273385e-01 4.870085955910137296e+08 1.014385884564070084e+00
8.124930210614047521e-01 4.865926649650205970e+08 1.014474575508709453e+00
8.276289456246344045e-01 4.862044614648520947e+08 1.014565043715728310e+00
8.430468371788967241e-01 4.858444011516259313e+08 1.014657348360912259e+00
8.587519484845170803e-01 4.855128346919046640e+08 1.014751551856778677e+00
8.747496301554414933e-01 4.852100393521102667e+08 1.014847720129999908e+00
8.910453324821513421e-01 4.849362102063596249e+08 1.014945922849517457e+00
9.076446072885356875e-01 4.846914602856933475e+08 1.015046228874505907e+00
9.245531098233570333e-01 4.844760831236742139e+08 1.015148571606647288e+00
9.417766006869519035e-01 4.842906141018328071e+08 1.015252713019848541e+00
9.593209477938241525e-01 4.841355517777833939e+08 1.015358375471128172e+00
9.771921283717996953e-01 4.840113351218340397e+08 1.015465246826692924e+00
9.953962309984233370e-01 4.839183357116103768e+08 1.015572977705595292e+00
1.013939457675291811e+00 4.838568829933461547e+08 1.015681202277405992e+00
1.032828125941028574e+00 4.838275272369843721e+08 1.015789726551026284e+00
1.052068671023622892e+00 4.838309217443672419e+08 1.015898449379215585e+00
1.071667648032863296e+00 4.838676746734841466e+08 1.016007262262246913e+00
1.091631734193614811e+00 4.839383409453621507e+08 1.016116047967353220e+00
1.111967731120699021e+00 4.840434147208187580e+08 1.016224679972068667e+00
1.132682567136153784e+00 4.841833211756342649e+08 1.016333021874464837e+00
1.153783299629660863e+00 4.843584075151669979e+08 1.016440926768385600e+00
1.175277117462945276e+00 4.845689331654287577e+08 1.016548236581680920e+00
1.197171343418965694e+00 4.848150590729618669e+08 1.016654781375322614e+00
1.219473436696737023e+00 4.850968360414550304e+08 1.016760378601183401e+00
1.242190995452616242e+00 4.854141920282700062e+08 1.016864832316125788e+00
1.265331759388941713e+00 4.857669709924350977e+08 1.016967953439071204e+00
1.288903612390891462e+00 4.861555157472053766e+08 1.017069798009214932e+00
1.312914585212463958e+00 4.865805178989304900e+08 1.017170611770055189e+00
1.337372858212495075e+00 4.870426310384128094e+08 1.017270680674608352e+00
1.362286764141645401e+00 4.875424567693009973e+08 1.017370331316159504e+00
1.387664790981307128e+00 4.880805370124937296e+08 1.017469934374250373e+00
1.413515584835394190e+00 4.886573455733494163e+08 1.017569908304846837e+00
1.439847952876006643e+00 4.892732789087952971e+08 1.017670723290965196e+00
1.466670866343967150e+00 4.899286460268979073e+08 1.017772905471162836e+00
1.493993463605256311e+00 4.906236574465456009e+08 1.017877041464516408e+00
1.521825053264385552e+00 4.913584659037197232e+08 1.017983673498982888e+00
1.550175117335768737e+00 4.921335315002017021e+08 1.018092519928447848e+00
1.579053314474174297e+00 4.929494399236984253e+08 1.018202834864941675e+00
1.608469483265355215e+00 4.938067121906482577e+08 1.018313780705314642e+00
1.638433645577983100e+00 4.947057943512378335e+08 1.018424423286495184e+00
1.668956009978023181e+00 4.956470474155582786e+08 1.018533724273501084e+00
1.700046975206716438e+00 4.966307363288144469e+08 1.018640533039217422e+00
1.731717133723352786e+00 4.976570179165813923e+08 1.018743578007123674e+00
1.763977275314043469e+00 4.987259375171174407e+08 1.018841486790983630e+00
1.796838390767719229e+00 4.998377352572970390e+08 1.018933734625793397e+00
1.830311675620611256e+00 5.009929479123468995e+08 1.019020973500526894e+00
1.864408533970485227e+00 5.021920639847969413e+08 1.019104029142591905e+00
1.899140582361933616e+00 5.034354921348209381e+08 1.019183844469511158e+00
1.934519653744044332e+00 5.047235505773600936e+08 1.019261489400936416e+00
1.970557801501798378e+00 5.060564554798767567e+08 1.019338171365293588e+00
2.007267303562568106e+00 5.074343092163454294e+08 1.019415244102339413e+00
2.044660666579115826e+00 5.088573001389883757e+08 1.019493663873614064e+00
2.082750630190514318e+00 5.103259980170974731e+08 1.019573204345120665e+00
2.121550171362450055e+00 5.118409746029836535e+08 1.019653429459949523e+00
2.161072508808376647e+00 5.134027326873281002e+08 1.019733852422923359e+00
2.201331107493030181e+00 5.150116965154632330e+08 1.019813931698914988e+00
2.242339683219845003e+00 5.166682012886645198e+08 1.019893066741421439e+00
2.284112207303823361e+00 5.183724816741925478e+08 1.019970593435232553e+00
2.326662911331458083e+00 5.201246592425890565e+08 1.020045779236252059e+00
2.370006292009327886e+00 5.219247287451280355e+08 1.020117817990717546e+00
2.414157116103017753e+00 5.237725431390194297e+08 1.020185824415275500e+00
2.459130425468043946e+00 5.256677972620531917e+08 1.020248828218544679e+00
2.504941542174502267e+00 5.276100102636603117e+08 1.020305768181431816e+00
2.551606073727183954e+00 5.295987461026858687e+08 1.020355868153636880e+00
2.599139918382932901e+00 5.316341046521995664e+08 1.020399436715505814e+00
2.647559270567066747e+00 5.337162085105373859e+08 1.020437059920885181e+00
2.696880626390692370e+00 5.358450728394165635e+08 1.020469417937633683e+00
2.747120789270811603e+00 5.380205929508119822e+08 1.020497293105610881e+00
2.798296875655115645e+00 5.402425307991434336e+08 1.020521578564870468e+00
2.850426320853434614e+00 5.425105002959386110e+08 1.020543287493064000e+00
2.903526884977813971e+00 5.448239513596664667e+08 1.020563562994089235e+00
2.957616658993253544e+00 5.471821526089010239e+08 1.020583688683363688e+00
3.012714070881164385e+00 5.495841746117813587e+08 1.020605095580893407e+00
3.068837891917642224e+00 5.520291798509011269e+08 1.020628692033605844e+00
3.126007243068700259e+00 5.545167927628241777e+08 1.020654033818693796e+00
3.184241601504649744e+00 5.570465886858646870e+08 1.020680435030329569e+00
3.243560807235807975e+00 5.596180074400330782e+08 1.020707126189554614e+00
3.303985069871854918e+00 5.622303400267205238e+08 1.020733247524846288e+00
3.365534975507090909e+00 5.648827142741975784e+08 1.020757841797687249e+00
3.428231493733967294e+00 5.675740793593282700e+08 1.020779846646616029e+00
3.492095984787267682e+00 5.703031891335510015e+08 1.020798086422159523e+00
3.557150206821382277e+00 5.730686672579180002e+08 1.020811456990813770e+00
3.623416323323146226e+00 5.758694132794854641e+08 1.020819897715499414e+00
3.690916910662774608e+00 5.787043365619958639e+08 1.020823786792287580e+00
3.759674965785463563e+00 5.815721815842887163e+08 1.020823565644260800e+00
3.829713914046277257e+00 5.844715139801431894e+08 1.020819743806710589e+00
3.901057617190989202e+00 5.874007058507357836e+08 1.020812904705847401e+00
3.973730381485604202e+00 5.903579200810853243e+08 1.020803711844686879e+00
4.047756965997318268e+00 5.933411432722028494e+08 1.020792880216091270e+00
4.123162591029748469e+00 5.963487757475008965e+08 1.020780755537659124e+00
4.199972946715301525e+00 5.993795116758164167e+08 1.020767404387817656e+00
4.278214201767612579e+00 6.024319367756899595e+08 1.020752898943583009e+00
4.357913012397025554e+00 6.055045136342669725e+08 1.020737323847339173e+00
4.439096531392166867e+00 6.085955749957181215e+08 1.020720777285329506e+00
4.521792417370697592e+00 6.117033167937920094e+08 1.020703372142410137e+00
4.606028844202397998e+00 6.148257909281975031e+08 1.020685237238024401e+00
4.691834510607794329e+00 6.179608977859153748e+08 1.020666518648661203e+00
4.779238649935595440e+00 6.211063785100947618e+08 1.020647381122405051e+00
4.868271040122278848e+00 6.242598070207220316e+08 1.020628009591542318e+00
4.958962013837211913e+00 6.274185817933261395e+08 1.020608610789565107e+00
5.051342468816761411e+00 6.305799447991337776e+08 1.020589404388494215e+00
5.145443878390924652e+00 6.337414617446534634e+08 1.020570437042793044e+00
5.241298302206056192e+00 6.369010300085570812e+08 1.020551582859130280e+00
5.338938397147350301e+00 6.400564926602313519e+08 1.020532693969462779e+00
5.438397428464796235e+00 6.432056275950100422e+08 1.020513604587062639e+00
5.539709281106400596e+00 6.463461512264602184e+08 1.020494129560812313e+00
5.642908471262536807e+00 6.494757228719662428e+08 1.020474062830273532e+00
5.748030158125351008e+00 6.525919498904386759e+08 1.020453175775327459e+00
5.855110155867238042e+00 6.556923936335937977e+08 1.020431215453829088e+00
5.964184945842459840e+00 6.587745762755080462e+08 1.020407902720346982e+00
6.075291689016070862e+00 6.618359919026089907e+08 1.020382975756111144e+00
6.188468238624382778e+00 6.648741509592013359e+08 1.020356674458096302e+00
6.303753153071275150e+00 6.678865817782042027e+08 1.020329612408905628e+00
6.421185709064758385e+00 6.708708207349052429e+08 1.020302482399362054e+00
6.540805914998252923e+00 6.738244249647535086e+08 1.020276057462624841e+00
6.662654524581149929e+00 6.767449868144652843e+08 1.020251197221786699e+00
6.786773050723295064e+00 6.796301497597661018e+08 1.020228854677460273e+00
6.913203779678127603e+00 6.824776258818540573e+08 1.020210083465576290e+00
7.041989785449288775e+00 6.852852124151366949e+08 1.020196034628047643e+00
7.173174944465612768e+00 6.880506436280646324e+08 1.020187248932306279e+00
7.306803950529499936e+00 6.907714817375329733e+08 1.020183123614758713e+00
7.442922330043757917e+00 6.934453586223357916e+08 1.020182858263931402e+00
7.581576457522110069e+00 6.960700202057609558e+08 1.020185543408511863e+00
7.722813571388642551e+00 6.986433500011365414e+08 1.020190151448657323e+00
7.866681790071582192e+00 7.011633946431182623e+08 1.020195526962401456e+00
8.013230128396878982e+00 7.036283913747196198e+08 1.020200376552490074e+00
8.162508514287219796e+00 7.060365417693195343e+08 1.020203630618086388e+00
8.314567805772055564e+00 7.083854577510094643e+08 1.020205275809658474e+00
8.469459808314576676e+00 7.106727416632686853e+08 1.020205534272786707e+00
8.627237292461440887e+00 7.128961520978248119e+08 1.020204659708313422e+00
8.787954011821311084e+00 7.150536309121168852e+08 1.020202940008552162e+00
8.951664721378293166e+00 7.171433323414977789e+08 1.020200700078087941e+00
9.118425196146562328e+00 7.191636543082748652e+08 1.020198304851296589e+00
9.288292250172489162e+00 7.211132720341588259e+08 1.020196162519527050e+00
9.461323755890759912e+00 7.229911740681176186e+08 1.020194727981772242e+00
9.637578663841079418e+00 7.247967008488055468e+08 1.020194506533598666e+00
9.817117022752183786e+00 7.265295859289450645e+08 1.020196057810131895e+00
1.000000000000000000e+01 7.281900000000010729e+08 1.020199999999999996e+00
