# Source: PRIMAT compilation, https://doi.org/10.1016/j.physrep.2018.04.005
1.000000000000000021e-03 1.254600000000001516e-26 1.050999999999999934e+00
1.018628990244687619e-03 1.945012312354251735e-26 1.050995927235174543e+00
1.037605019766911670e-03 3.023372798851810801e-26 1.050991798722622717e+00
1.056934553557988335e-03 4.711567992075714070e-26 1.050987613776540153e+00
1.076624177045493267e-03 7.360265165104036869e-26 1.050983371688614110e+00
1.096680598336868600e-03 1.152452859791971007e-25 1.050979071725931524e+00
1.117110650504824203e-03 1.808421624382529528e-25 1.050974713128706384e+00
1.137921293915315117e-03 2.843581839018824547e-25 1.050970295107821917e+00
1.159119618598885779e-03 4.479830536312079456e-25 1.050965816842167833e+00
1.180712846666190276e-03 7.070092968633802589e-25 1.050961277475759958e+00
1.202708334768511989e-03 1.117613890609798396e-24 1.050956676114630062e+00
1.225113576604118949e-03 1.769271976029720300e-24 1.050952011823464094e+00
1.247936205471311460e-03 2.804556161772318692e-24 1.050947283621975981e+00
1.271183996869028896e-03 4.450702924013830584e-24 1.050942490480995861e+00
1.294864871145904933e-03 7.069908655440234261e-24 1.050937631318254128e+00
1.318986896198670470e-03 1.123940155600037705e-23 1.050932704993840838e+00
1.343558290220826226e-03 1.787878151587511127e-23 1.050927710305315843e+00
1.368587424502519176e-03 2.845226837113311856e-23 1.050922645982449222e+00
1.394082826282578647e-03 4.528942931477045318e-23 1.050917510681563583e+00
1.420053181653683095e-03 7.209288287182298251e-23 1.050912302979453150e+00
1.446507338521647217e-03 1.147403422813510750e-22 1.050907021366852101e+00
1.473454309619835756e-03 1.825487262625149624e-22 1.050901664241417954e+00
1.500903275579736594e-03 2.902614308666576388e-22 1.050896229900202483e+00
1.528863588058731147e-03 4.611636102973096329e-22 1.050890716531572400e+00
1.557344772926135207e-03 7.319505746492207311e-22 1.050885122206544287e+00
1.586356533508589657e-03 1.160310136255615356e-21 1.050879444869496915e+00
1.615908753895919101e-03 1.836688606506790025e-21 1.050873682328215875e+00
1.646011502308549748e-03 2.902476903002087169e-21 1.050867832243230549e+00
1.676675034527699143e-03 4.578001341218630504e-21 1.050861892116396135e+00
1.707909797389426916e-03 7.205411495712289859e-21 1.050855859278668536e+00
1.739726432343800767e-03 1.131408029959841824e-20 1.050849730877023491e+00
1.772135779080358372e-03 1.771983129907504179e-20 1.050843503860463768e+00
1.805148879221108154e-03 2.767469308998458622e-20 1.050837174965051579e+00
1.838776980082326793e-03 4.309165851451040590e-20 1.050830740697908938e+00
1.873031538506436536e-03 6.688007005593674653e-20 1.050824197320114894e+00
1.907924224765265072e-03 1.034430916779341195e-19 1.050817540828432817e+00
1.943466926536020246e-03 1.594110576119160495e-19 1.050810766935788676e+00
1.979671752951332481e-03 2.447157200480259543e-19 1.050803871050423721e+00
2.016551038724746607e-03 3.741537615774157613e-19 1.050796848253637394e+00
2.054117348353064112e-03 5.696476548456849028e-19 1.050789693276027448e+00
2.092383480396977150e-03 8.634936837633470919e-19 1.050782400472136446e+00
2.131362471841437810e-03 1.302998174705226297e-18 1.050774963793400740e+00
2.171067602537264923e-03 1.957053715148384839e-18 1.050767376759296212e+00
2.211512399725488933e-03 2.925410834522197779e-18 1.050759632426568002e+00
2.252710642645980484e-03 4.351675712358891403e-18 1.050751723356421863e+00
2.294676367231936100e-03 6.441436592797254456e-18 1.050743641579551246e+00
2.337423870891814758e-03 9.487427048441176375e-18 1.050735378558864230e+00
2.380967717380358135e-03 1.390432549951577799e-17 1.050726925149767288e+00
2.425322741760352948e-03 2.027674448542056238e-17 1.050718271557852912e+00
2.470504055456825433e-03 2.942529491373093663e-17 1.050709407293829889e+00
2.516527051405391836e-03 4.249749310958732370e-17 1.050700321125526804e+00
2.563407409296514835e-03 6.109297603836359938e-17 1.050691001026784921e+00
2.611161100917459583e-03 8.743640876260299231e-17 1.050681434123051261e+00
2.659804395593758260e-03 1.246172380599485782e-16 1.050671606633466482e+00
2.709353865732051433e-03 1.769240529113582081e-16 1.050661503809231290e+00
2.759826392466180594e-03 2.503143131028990572e-16 1.050651109868026234e+00
2.811239171408464344e-03 3.530800862731690860e-16 1.050640407924237296e+00
2.863609718508115885e-03 4.968012042664875349e-16 1.050629379914736150e+00
2.916955876018795853e-03 6.977254773331994296e-16 1.050618006519939085e+00
2.971295818577334054e-03 9.787921857549040684e-16 1.050606267079859935e+00
3.026648059395692196e-03 1.372610804804567881e-15 1.050594140591978309e+00
3.083031456568277075e-03 1.924959355917032010e-15 1.050581633066421938e+00
3.140465219496752208e-03 2.699336363192349357e-15 1.050568783081497148e+00
3.198968915434537586e-03 3.784295843515601558e-15 1.050555636099740342e+00
3.258562476153226226e-03 5.303167868622228532e-15 1.050542243563184819e+00
3.319266204733189573e-03 7.427382284720388241e-15 1.050528663378747618e+00
3.381100782480685445e-03 1.039471448977413850e-14 1.050514960437046064e+00
3.444087275973823411e-03 1.453417853421834781e-14 1.050501207166780970e+00
3.508247144239792347e-03 2.029985283757884762e-14 1.050487484126953808e+00
3.573602246065788347e-03 2.831664524649023398e-14 1.050473880639330782e+00
3.640174847446141400e-03 3.944192467016572637e-14 1.050460495463715116e+00
3.707987629168172684e-03 5.484810887324482704e-14 1.050447437518744920e+00
3.777063694539364597e-03 7.613274910992323929e-14 1.050434826651112097e+00
3.847426577258505898e-03 1.054644414647818647e-13 1.050422794456266296e+00
3.919100249433401899e-03 1.457750708433537529e-13 1.050411485153875057e+00
3.992109129748053209e-03 2.010115006419929541e-13 1.050401056521500287e+00
4.066478091781853925e-03 2.764675465596966935e-13 1.050391642774172185e+00
4.142232472483897525e-03 3.792459135736666903e-13 1.050383172900114959e+00
4.219398080805024202e-03 5.188478185771718681e-13 1.050375487024062915e+00
4.298001206490798497e-03 7.079441452550248116e-13 1.050368403057828193e+00
4.378068629038166758e-03 9.633968167702895112e-13 1.050361714918004230e+00
4.459627626819095622e-03 1.307605425649229651e-12 1.050355190551368390e+00
4.542705986374042521e-03 1.770286363228651045e-12 1.050348569823629452e+00
4.627332011878692967e-03 2.390830604246529347e-12 1.050341562262965933e+00
4.713534534786906725e-03 3.221441274342350198e-12 1.050333844649316895e+00
4.801342923653449841e-03 4.331330591836845569e-12 1.050325058439885550e+00
4.890787094139589959e-03 5.812368887229788170e-12 1.050314807020796826e+00
4.981897519205159656e-03 7.786743072079358701e-12 1.050302652774304235e+00
5.074705239490466188e-03 1.041702736260115250e-11 1.050288181275523147e+00
5.169241873891598608e-03 1.391643930398024126e-11 1.050271444112341745e+00
5.265539630332755246e-03 1.856401554886590443e-11 1.050252738083091275e+00
5.363631316739239652e-03 2.472528168710734488e-11 1.050232402886994709e+00
5.463550352214875498e-03 3.287803406940818529e-11 1.050210823652420578e+00
5.565330778427646403e-03 4.364551666865043571e-11 1.050188434666683213e+00
5.669007271207434327e-03 5.783907550268139339e-11 1.050165723365530601e+00
5.774615152359819509e-03 7.651296481527560405e-11 1.050143234599520969e+00
5.882190401699956099e-03 1.010347620050570025e-10 1.050121575195691603e+00
5.991769669310619169e-03 1.331758855950507738e-10 1.050101418834227252e+00
6.103390288028621123e-03 1.752266075775621751e-10 1.050083382866565440e+00
6.217090286163826779e-03 2.301356271737068256e-10 1.050067487296264090e+00
6.332908400455114321e-03 3.016943818237383357e-10 1.050053533425702401e+00
6.450884089267692675e-03 3.947726878745872423e-10 1.050041290961762686e+00
6.571057546036270826e-03 5.156178357341952717e-10 1.050030495368544425e+00
6.693469712958660493e-03 6.722371319357382725e-10 1.050020844963767797e+00
6.818162294944479437e-03 8.748886736752114743e-10 1.050011997811519215e+00
6.945177773823696388e-03 1.136713459105582842e-09 1.050003568398557574e+00
7.074559422819878297e-03 1.474545109691859477e-09 1.049995125441025579e+00
7.206351321293052656e-03 1.909787158082714085e-09 1.049986210122463515e+00
7.340598369757212090e-03 2.469537341168629059e-09 1.049976331128781526e+00
7.477346305177588227e-03 3.188145055964845793e-09 1.049964943675120832e+00
7.616641716552892058e-03 4.109096799850374628e-09 1.049951444755768515e+00
7.758532060787835978e-03 5.287385873247953508e-09 1.049935168653414852e+00
7.903065678861348128e-03 6.792501689894246764e-09 1.049915382150314214e+00
8.050291812295981564e-03 8.712207003522385189e-09 1.049891292522861397e+00
8.200260619934130954e-03 1.115692710787934880e-08 1.049862803635406294e+00
8.353023195026778799e-03 1.426493953533115499e-08 1.049831036323240152e+00
8.508631582640582489e-03 1.820953744944814933e-08 1.049797359100340222e+00
8.667138797389234081e-03 2.320772796351276646e-08 1.049763306815528097e+00
8.828598841495149604e-03 2.953107509655837343e-08 1.049730593981994087e+00
8.993066723187623582e-03 3.751931250277075927e-08 1.049701129046937353e+00
9.160598475443709407e-03 4.759678593555753874e-08 1.049676552746278357e+00
9.331251175078249249e-03 6.028979012958261920e-08 1.049656454143524931e+00
9.505082962189511861e-03 7.625123227503152535e-08 1.049639708187882770e+00
9.682153059967075343e-03 9.629116130340986207e-08 1.049625044158228437e+00
9.862521794868784469e-03 1.214139495331263534e-07 1.049611033755416090e+00
1.004625061717340749e-02 1.528645401420680303e-07 1.049596084046863220e+00
1.023340212191641702e-02 1.921812049289666471e-07 1.049579128181864052e+00
1.042404007021556327e-02 2.412546334114729266e-07 1.049560398173891462e+00
1.061822941099384125e-02 3.024118059257205634e-07 1.049540326800494805e+00
1.081603630310709954e-02 3.785158643516294846e-07 1.049519402025261838e+00
1.101752813788386791e-02 4.730886408198925820e-07 1.049498171393514090e+00
1.122277356208507652e-02 5.904530702857392747e-07 1.049477076531047937e+00
1.143184250129149725e-02 7.358834370595476565e-07 1.049456067520261993e+00
1.164480618372686072e-02 9.158222009715940565e-07 1.049434980041662691e+00
1.186173716452478509e-02 1.138139556346271387e-06 1.049413630019486732e+00
1.208270935044776506e-02 1.412447186192648414e-06 1.049391814368578313e+00
1.230779802506665188e-02 1.750441377937457594e-06 1.049369418064726833e+00
1.253707987440920262e-02 2.166300276155255274e-06 1.049346473360013299e+00
1.277063301308643990e-02 2.677238577107635478e-06 1.049323029743852054e+00
1.300853701090571267e-02 3.304157097684614134e-06 1.049299143546299717e+00
1.325087291997953214e-02 4.072390531295705793e-06 1.049274861383251434e+00
1.349772330233941706e-02 5.012475930831349717e-06 1.049250172666478687e+00
1.374917225806419029e-02 6.161266910954639399e-06 1.049225051589667723e+00
1.400530545393219653e-02 7.563264088137936175e-06 1.049199470046034088e+00
1.426621015260736910e-02 9.272111312952264169e-06 1.049173401337553768e+00
1.453197524236895383e-02 1.135207808634919572e-05 1.049146831564253590e+00
1.480269126739508674e-02 1.388026515857169720e-05 1.049119749764464204e+00
1.507845045861051086e-02 1.694921690981287518e-05 1.049092144777258762e+00
1.535934676510897039e-02 2.066982009892188581e-05 1.049064016675132383e+00
1.564547588616095955e-02 2.517463262986143675e-05 1.049035387610637304e+00
1.593693530381774456e-02 3.062234768905158723e-05 1.049006285412698025e+00
1.623382431612278159e-02 3.720283642536343315e-05 1.048976733503670822e+00
1.653624407094180307e-02 4.514122664620781719e-05 1.048946692011149429e+00
1.684429760042315330e-02 5.470438470234818715e-05 1.048916085218176697e+00
1.715808985610004986e-02 6.620924312154145613e-05 1.048884829395459350e+00
1.747772774464680795e-02 8.003207981012993579e-05 1.048852832355014142e+00
1.780332016430113962e-02 9.661965822090496378e-05 1.048819992797882517e+00
1.813497804196495186e-02 1.165026149064721527e-04 1.048786204055798033e+00
1.847281437099634188e-02 1.403082083742322424e-04 1.048751521902871353e+00
1.881694424970555696e-02 1.687747867741675790e-04 1.048716238300872128e+00
1.916748492056815148e-02 2.027744606639706674e-04 1.048680695682760788e+00
1.952455581016860828e-02 2.433380266003503745e-04 1.048645276148171490e+00
1.988827856988809734e-02 2.916848872902653034e-04 1.048610404590628820e+00
2.025877711735016989e-02 3.492572067713166557e-04 1.048576513537419208e+00
2.063617767863858837e-02 4.177350271891986711e-04 1.048543667190933615e+00
2.102060883130158278e-02 4.990713056934851935e-04 1.048511678551609316e+00
2.141220154815729262e-02 5.955460098666627913e-04 1.048480330609923517e+00
2.181108924191518805e-02 7.098182755234724991e-04 1.048449377182052444e+00
2.221740781062883641e-02 8.449869978041534739e-04 1.048418540489060025e+00
2.263129568399528321e-02 1.004661806600705290e-03 1.048387508567987236e+00
2.305289387051707301e-02 1.193046729571643890e-03 1.048355932504339894e+00
2.348234600554275145e-02 1.415039518163707351e-03 1.048323423474889937e+00
2.391979840020238418e-02 1.676350500518817861e-03 1.048289549589105141e+00
2.436540009125464853e-02 1.983646000208671555e-03 1.048253832516901740e+00
2.481930289186254010e-02 2.344722915872544944e-03 1.048215743889760576e+00
2.528166144331499277e-02 2.768709790239916313e-03 1.048174734849829148e+00
2.575263326771199887e-02 3.266099026726365651e-03 1.048130702020540372e+00
2.623237882163122203e-02 3.848893199901484187e-03 1.048083928440139756e+00
2.672106155079433804e-02 4.530939205240085664e-03 1.048034749122042530e+00
2.721884794575178332e-02 5.328210148876492622e-03 1.047983545849829001e+00
2.772590759860482645e-02 6.259131861264194754e-03 1.047930751040873742e+00
2.824241326078434297e-02 7.344967957202462247e-03 1.047876851879048665e+00
2.876854090190592711e-02 8.610277575032243558e-03 1.047822394734305496e+00
2.930446976972142861e-02 1.008346410934577234e-02 1.047767989888185758e+00
2.985038245118730796e-02 1.179743873521356054e-02 1.047714316585651728e+00
3.040646493467067182e-02 1.379031598852224413e-02 1.047662070924574973e+00
3.097290667331408301e-02 1.610515642139813755e-02 1.047611470554535629e+00
3.154990064958086704e-02 1.879057806820270612e-02 1.047562440642067827e+00
3.213764344100276948e-02 2.190190191049880969e-02 1.047514886236748932e+00
3.273633528715245988e-02 2.550200466273437952e-02 1.047468693555825725e+00
3.334618015786364187e-02 2.966227853241688167e-02 1.047423728285300726e+00
3.396738582272208068e-02 3.446372459180432196e-02 1.047379833758457668e+00
3.460016392185108480e-02 3.999820793609163566e-02 1.047336829003904901e+00
3.524473003801584237e-02 4.636991115522758750e-02 1.047294506654755875e+00
3.590130377007068330e-02 5.369703351257653495e-02 1.047252630710079346e+00
3.657010880777489259e-02 6.211379731283127315e-02 1.047210934139236604e+00
3.725137300800209633e-02 7.177284117267804242e-02 1.047169116319198068e+00
3.794532847236938011e-02 8.284810348404644809e-02 1.047126840294362982e+00
3.865221162631261864e-02 9.553832987535920696e-02 1.047083729847838818e+00
3.937226329963479377e-02 1.100713780671949138e-01 1.047039366372525926e+00
4.010572880855495931e-02 1.267095356910696857e-01 1.046993285808527352e+00
4.085285803928561527e-02 1.457505405918275432e-01 1.046945120010634778e+00
4.161390553316707264e-02 1.675200124273274749e-01 1.046894855631687271e+00
4.238913057338778573e-02 1.923816227466309259e-01 1.046842549278688805e+00
4.317879727332021161e-02 2.207433312466932362e-01 1.046788270207255955e+00
4.398317466650223523e-02 2.530625002590140560e-01 1.046732101444917573e+00
4.480253679829489938e-02 2.898517177938955691e-01 1.046674140994252822e+00
4.563716281924758839e-02 3.316854884261043468e-01 1.046614503121055639e+00
4.648733708020256344e-02 3.792079975268581316e-01 1.046553319733027676e+00
4.735334922917116413e-02 4.331422134823580405e-01 1.046490741854860351e+00
4.823549431001467047e-02 4.943006680103547712e-01 1.046426941205939487e+00
4.913407286296361809e-02 5.635983509083318799e-01 1.046362111887299884e+00
5.004939102700953213e-02 6.420682769401153678e-01 1.046296472175908931e+00
5.098176064420424647e-02 7.308682727756427022e-01 1.046230195979252375e+00
5.193149936590212012e-02 8.312596406019930884e-01 1.046163230439474789e+00
5.289893076098151070e-02 9.446362212658566682e-01 1.046095462554328837e+00
5.388438442608223938e-02 1.072546227710807099e+00 1.046026766613213255e+00
5.488819609789671872e-02 1.216710031463379638e+00 1.045957003174511124e+00
5.591070776755290017e-02 1.379040949863743926e+00 1.045886017972564863e+00
5.695226779712821846e-02 1.561669808271730853e+00 1.045813640749868156e+00
5.801323103833375128e-02 1.766974265900107754e+00 1.045739684009789672e+00
5.909395895340967958e-02 1.997614164462128361e+00 1.045663941684883635e+00
6.019481973827271043e-02 2.256574338346963859e+00 1.045586188176388154e+00
6.131618844795772016e-02 2.547161541089633108e+00 1.045506316626346077e+00
6.245844712439614643e-02 2.872934848926774087e+00 1.045424557349325267e+00
6.362198492657485105e-02 3.237802249177391456e+00 1.045341223563588162e+00
6.480719826311967524e-02 3.646074424384241564e+00 1.045256667993285760e+00
6.601449092734885948e-02 4.102510735500893624e+00 1.045171286033022229e+00
6.724427423484245769e-02 4.612373597938844938e+00 1.045085519129883123e+00
6.849696716357443760e-02 5.181493452739049488e+00 1.044999858397198444e+00
6.977299649665534564e-02 5.816347118291837148e+00 1.044914848475283931e+00
7.107279696773415034e-02 6.524116644911921448e+00 1.044830999503691293e+00
7.239681140910873836e-02 7.312532945170556964e+00 1.044748224698157646e+00
7.374549090259549522e-02 8.189985427124200967e+00 1.044666140355322126e+00
7.511929493320965157e-02 9.165679323689667868e+00 1.044584311020184009e+00
7.651869154570821452e-02 1.024972989762429876e+01 1.044502246148190316e+00
7.794415750404946885e-02 1.145327469614872307e+01 1.044419395603147338e+00
7.939617845382279659e-02 1.278860899030448373e+01 1.044335144846299412e+00
8.087524908770453436e-02 1.426932520843842411e+01 1.044248834110428792e+00
8.238187331399605962e-02 1.591007331675641367e+01 1.044160121304408495e+00
8.391656442830157381e-02 1.772658239460860585e+01 1.044068947611385800e+00
8.547984528840409102e-02 1.973602659914085677e+01 1.043975262400858917e+00
8.707224849239916797e-02 2.195720016263253882e+01 1.043879015369566732e+00
8.869431656014709064e-02 2.441071919324017614e+01 1.043780156677139193e+00
9.034660211810524588e-02 2.711926489179302280e+01 1.043678638318391583e+00
9.202966808760409956e-02 3.010750034052341206e+01 1.043574654058176288e+00
9.374408787662991127e-02 3.340165188450725253e+01 1.043468965745001586e+00
9.549044557518077125e-02 3.703016426287294394e+01 1.043362499780738251e+00
9.726933615426168467e-02 4.102405026447341641e+01 1.043256289506060863e+00
9.908136566858666283e-02 4.541721185459471144e+01 1.043151483606242103e+00
1.009271514630570854e-01 5.024679085727863992e+01 1.043049312263365058e+00
1.028073223830864719e-01 5.555259947589835434e+01 1.042950121912870287e+00
1.047225189888434382e-01 6.137697667961849390e+01 1.042853242556698756e+00
1.066733937734857113e-01 6.776581290888123021e+01 1.042757866546278445e+00
1.086606113854596822e-01 7.476901299869095396e+01 1.042663082283857401e+00
1.106848488549412035e-01 8.244100269185206287e+01 1.042567861083376402e+00
1.127467958244946084e-01 9.084040271406125555e+01 1.042470773043874921e+00
1.148471547840289042e-01 1.000295782104367248e+02 1.042369783653297688e+00
1.169866413101306873e-01 1.100760808916600553e+02 1.042262593856666086e+00
1.191659843098558796e-01 1.210534355698828080e+02 1.042146656738393018e+00
1.213859262690627772e-01 1.330417828463980072e+02 1.042019454010641111e+00
1.236472235053715091e-01 1.461258856277626137e+02 1.041882383314592264e+00
1.259506464258357550e-01 1.603953336887655041e+02 1.041740151363097944e+00
1.282969797894147612e-01 1.759467770368619313e+02 1.041598099983443326e+00
1.306870229743346268e-01 1.928848274835644361e+02 1.041462145069297129e+00
1.331215902504307713e-01 2.113216744130419329e+02 1.041335096425706652e+00
1.356015110565633452e-01 2.313762256216816127e+02 1.041213227765745764e+00
1.381276302832009362e-01 2.531766444479206655e+02 1.041091638959997567e+00
1.407008085602685088e-01 2.768618017800578741e+02 1.040964889595162202e+00
1.433219225503573890e-01 3.025800343876715033e+02 1.040830696379592579e+00
1.459918652473978506e-01 3.304866924822632654e+02 1.040693660785954044e+00
1.487115462808953625e-01 3.607483891533786959e+02 1.040559711774857510e+00
1.514818922258345801e-01 3.935448300129011727e+02 1.040435129227910593e+00
1.543038469183564687e-01 4.290676672595826631e+02 1.040320307740789652e+00
1.571783717773162781e-01 4.675212362648526891e+02 1.040209437093741363e+00
1.601064461318317811e-01 5.091265348353787203e+02 1.040095772832125620e+00
1.630890675549332702e-01 5.541201330993176271e+02 1.039973472835221013e+00
1.661272522034293042e-01 6.027442863811751295e+02 1.039842253034077402e+00
1.692220351641037235e-01 6.552545334381126168e+02 1.039703258578933420e+00
1.723744708063619790e-01 7.119239211752047822e+02 1.039557793374244143e+00
1.755856331414468730e-01 7.730452723200234004e+02 1.039407333084368945e+00
1.788566161883461958e-01 8.389340134168536451e+02 1.039253539049477260e+00
1.821885343465165230e-01 9.099305459183152607e+02 1.039098175095704901e+00
1.855825227755517060e-01 9.863896935841235063e+02 1.038941986262303718e+00
1.890397377819219571e-01 1.068682884095826012e+03 1.038784963365009029e+00
1.925613572129196704e-01 1.157208767591499964e+03 1.038627077643156760e+00
1.961485808579429280e-01 1.252397560687189298e+03 1.038468294176977169e+00
1.998026308572548593e-01 1.354716253383922549e+03 1.038308571272948289e+00
2.035247521183575770e-01 1.464664168008990373e+03 1.038147871998761795e+00
2.073162127401229071e-01 1.582730139630871236e+03 1.037986211542354376e+00
2.111783044448242164e-01 1.709414156241319915e+03 1.037823622048597239e+00
2.151123430182164953e-01 1.845241445875385352e+03 1.037660136673539624e+00
2.191196687578147451e-01 1.990765015209949524e+03 1.037495789534373047e+00
2.232016469295232397e-01 2.146568924714791592e+03 1.037330615653542232e+00
2.273596682327715113e-01 2.313272485208936359e+03 1.037164650894188522e+00
2.315951492743152096e-01 2.491535593055915797e+03 1.036997931886201485e+00
2.359095330508633737e-01 2.682065461222903650e+03 1.036830495942110408e+00
2.403042894406967056e-01 2.885625050620402362e+03 1.036662380961983709e+00
2.447809157044440187e-01 3.103043562343100803e+03 1.036493625326462276e+00
2.493409369951877785e-01 3.335229419067318759e+03 1.036324267776975505e+00
2.539859068780723761e-01 3.583162988098775713e+03 1.036154346048274499e+00
2.587174078595921300e-01 3.847771181929675549e+03 1.035983889983695727e+00
2.635370519267393186e-01 4.129974966492551175e+03 1.035812925241055948e+00
2.684464810961962322e-01 4.430738085436222718e+03 1.035641475747898443e+00
2.734473679737579599e-01 4.751072392981651319e+03 1.035469563393613290e+00
2.785414163241766161e-01 5.092044623893628341e+03 1.035297207688371968e+00
2.837303616516211324e-01 5.454785047714154643e+03 1.035124425392490721e+00
2.890159717909508430e-01 5.840498417209272702e+03 1.034951230114125265e+00
2.944000475100033709e-01 6.250477691896970100e+03 1.034777631873069037e+00
2.998844231231027613e-01 6.686121101167404049e+03 1.034603636628281809e+00
3.054709671159968054e-01 7.148908993489960267e+03 1.034429206429833048e+00
3.111615827824359970e-01 7.640249489298855224e+03 1.034254121577754759e+00
3.169582088726115021e-01 8.161570786155535643e+03 1.034078085404338765e+00
3.228628202536730218e-01 8.714372088213065581e+03 1.033900763554835400e+00
3.288774285825510346e-01 9.300235790156020812e+03 1.033721780867751905e+00
3.350040829913132900e-01 9.920842942841851254e+03 1.033540718038886030e+00
3.412448707852889229e-01 1.057799266460288891e+04 1.033357108056163876e+00
3.476019181541977754e-01 1.127362627166398670e+04 1.033170432391267157e+00
3.540773908965269556e-01 1.200983903668126186e+04 1.032980182894109422e+00
3.606734951574028236e-01 1.278866287334399749e+04 1.032786710628480931e+00
3.673924781802074269e-01 1.361206633511481414e+04 1.032591083461416037e+00
3.742366290721980682e-01 1.448210830326300311e+04 1.032394509197764876e+00
3.812082795843887983e-01 1.540095934820894581e+04 1.032198332084632408e+00
3.883098049059605095e-01 1.637092441490320743e+04 1.032004043425406525e+00
3.955436244734701345e-01 1.739447118879978007e+04 1.031813292930484849e+00
4.029122027951347884e-01 1.847426000190421837e+04 1.031627869994954594e+00
4.104180502904709038e-01 1.961295988556939847e+04 1.031448458284760727e+00
4.180637241455757991e-01 2.081311443978277384e+04 1.031274041749628001e+00
4.258518291843414461e-01 2.207737346082732256e+04 1.031103336306647078e+00
4.337850187558989212e-01 2.340853723808765426e+04 1.030934887248241338e+00
4.418659956385941334e-01 2.480959010265855250e+04 1.030767055132485455e+00
4.500975129608046355e-01 2.628374204821250896e+04 1.030598000715805540e+00
4.584823751389096036e-01 2.783437070380105433e+04 1.030426172595016787e+00
4.670234388327330621e-01 2.946469536977829557e+04 1.030251842517547534e+00
4.757236139187884794e-01 3.117802094355016015e+04 1.030075812869961638e+00
4.845858644816490868e-01 3.297786335057397082e+04 1.029898979169710405e+00
4.936132098237911991e-01 3.486799866213456698e+04 1.029722337347044991e+00
5.028087254942474882e-01 3.685251811030869430e+04 1.029546986398154340e+00
5.121755443364236493e-01 3.893547519826715870e+04 1.029373744574036520e+00
5.217168575554343990e-01 4.112047238528095477e+04 1.029202825586267522e+00
5.314359158053235666e-01 4.341117046304386167e+04 1.029034384877414388e+00
5.413360302965375404e-01 4.581137868488829554e+04 1.028868579669574235e+00
5.514205739240296555e-01 4.832509530843781249e+04 1.028705568658372371e+00
5.616929824163804374e-01 5.095655863910738844e+04 1.028545511671637325e+00
5.721567555063246102e-01 5.371031038854820508e+04 1.028388569289990784e+00
5.828154581230839959e-01 5.659127341872259422e+04 1.028234902426403252e+00
5.936727216069119795e-01 5.960484624420115870e+04 1.028084671861566379e+00
6.047322449462643190e-01 6.275698769278928376e+04 1.027938035494231128e+00
6.159977960380161877e-01 6.605330742817417195e+04 1.027795072532653675e+00
6.274732129711574347e-01 6.949854321780630562e+04 1.027655754974420077e+00
6.391624053343999412e-01 7.309753532199595065e+04 1.027520025807754811e+00
6.510693555481454897e-01 7.685534524344003876e+04 1.027387801960943925e+00
6.631981202212668958e-01 8.077732132039793942e+04 1.027258971721548564e+00
6.755528315331639222e-01 8.486917999817116652e+04 1.027133391962333109e+00
6.881376986415662644e-01 8.913710532409799634e+04 1.027010885161141696e+00
7.009570091165617800e-01 9.358786940376623534e+04 1.026891236211370906e+00
7.140151304013395706e-01 9.822845032124234422e+04 1.026774220876008448e+00
7.273165113001454074e-01 1.030647420005472377e+05 1.026659678970140099e+00
7.408656834939559843e-01 1.081025857552544039e+05 1.026547439012288399e+00
7.546672630843886953e-01 1.133481399195003323e+05 1.026437296037898905e+00
7.687259521663728501e-01 1.188079778074718488e+05 1.026329008578112489e+00
7.830465404301183430e-01 1.244892074421041616e+05 1.026222295420611719e+00
7.976339067929273385e-01 1.303996164070029190e+05 1.026116832138583401e+00
8.124930210614047521e-01 1.365475393587789149e+05 1.026012391114860645e+00
8.276289456246344045e-01 1.429401284904086497e+05 1.025909673493031748e+00
8.430468371788967241e-01 1.495841498389520275e+05 1.025809848326762141e+00
8.587519484845170803e-01 1.564867767459729803e+05 1.025714206823864938e+00
8.747496301554414933e-01 1.636557212930248643e+05 1.025624170618877118e+00
8.910453324821513421e-01 1.710993912240022910e+05 1.025541301663507099e+00
9.076446072885356875e-01 1.788270333788516582e+05 1.025467265165874053e+00
9.245531098233570333e-01 1.868476242753005936e+05 1.025402500812181650e+00
9.417766006869519035e-01 1.951694592724914255e+05 1.025345875948825869e+00
9.593209477938241525e-01 2.038014520202501153e+05 1.025296005780024000e+00
9.771921283717996953e-01 2.127533966473476612e+05 1.025251315051020295e+00
9.953962309984233370e-01 2.220361980097699852e+05 1.025210022125862874e+00
1.013939457675291811e+00 2.316616838721780223e+05 1.025170300224140796e+00
1.032828125941028574e+00 2.416389527713825810e+05 1.025131696167552953e+00
1.052068671023622892e+00 2.519754111378645757e+05 1.025094542089073579e+00
1.071667648032863296e+00 2.626786404758635326e+05 1.025059208911631270e+00
1.091631734193614811e+00 2.737565310070333071e+05 1.025026102317204701e+00
1.111967731120699021e+00 2.852174278300614096e+05 1.024995665297071756e+00
1.132682567136153784e+00 2.970703096600088174e+05 1.024968380871912332e+00
1.153783299629660863e+00 3.093250047789709643e+05 1.024944774992830876e+00
1.175277117462945276e+00 3.219924493807638064e+05 1.024925419635139390e+00
1.197171343418965694e+00 3.350849941372337053e+05 1.024910936097550351e+00
1.219473436696737023e+00 3.486167655798129854e+05 1.024901998520322266e+00
1.242190995452616242e+00 3.626040898116729222e+05 1.024899337636856478e+00
1.265331759388941713e+00 3.770653691529330681e+05 1.024903685806061393e+00
1.288903612390891462e+00 3.920142501948252320e+05 1.024915112697019959e+00
1.312914585212463958e+00 4.074604494283038657e+05 1.024933182440765478e+00
1.337372858212495075e+00 4.234140235652057454e+05 1.024957373763053514e+00
1.362286764141645401e+00 4.398856358780371374e+05 1.024987080956352603e+00
1.387664790981307128e+00 4.568867841371204704e+05 1.025021606573218724e+00
1.413515584835394190e+00 4.744300742369291256e+05 1.025060153602395774e+00
1.439847952876006643e+00 4.925295457225518767e+05 1.025101817095931844e+00
1.466670866343967150e+00 5.112010561837702408e+05 1.025145575214168048e+00
1.493993463605256311e+00 5.304627323766923510e+05 1.025190279654030867e+00
1.521825053264385552e+00 5.503345391261960613e+05 1.025234790591477374e+00
1.550175117335768737e+00 5.708316089629905764e+05 1.025279003877843875e+00
1.579053314474174297e+00 5.919667700317789568e+05 1.025323370525706768e+00
1.608469483265355215e+00 6.137538973707761616e+05 1.025368398998505626e+00
1.638433645577983100e+00 6.362082649370603031e+05 1.025414656564983984e+00
1.668956009978023181e+00 6.593469395501257386e+05 1.025462773984301190e+00
1.700046975206716438e+00 6.831892440769991372e+05 1.025513450516383873e+00
1.731717133723352786e+00 7.077572989645738853e+05 1.025567459279478566e+00
1.763977275314043469e+00 7.330764803029551404e+05 1.025625632544282961e+00
1.796838390767719229e+00 7.591703026843381813e+05 1.025688201036409009e+00
1.830311675620611256e+00 7.860580680109102977e+05 1.025754564236625477e+00
1.864408533970485227e+00 8.137607574780345894e+05 1.025823987543928562e+00
1.899140582361933616e+00 8.423019065066209296e+05 1.025895640668980757e+00
1.934519653744044332e+00 8.717081921112568816e+05 1.025968589791023344e+00
1.970557801501798378e+00 9.020101158285054844e+05 1.026041789177769115e+00
2.007267303562568106e+00 9.332427696531260153e+05 1.026114073820107331e+00
2.044660666579115826e+00 9.654408062093278859e+05 1.026184509447445548e+00
2.082750630190514318e+00 9.986296488332170993e+05 1.026252898540758851e+00
2.121550171362450055e+00 1.032835039211380878e+06 1.026319148980025187e+00
2.161072508808376647e+00 1.068085131102269283e+06 1.026383169071016344e+00
2.201331107493030181e+00 1.104411040388970869e+06 1.026444867872866817e+00
2.242339683219845003e+00 1.141847487268845318e+06 1.026504155557293796e+00
2.284112207303823361e+00 1.180433542883898597e+06 1.026560943801778203e+00
2.326662911331458083e+00 1.220213494388501626e+06 1.026615146219153729e+00
2.370006292009327886e+00 1.261237844468578929e+06 1.026666678826215096e+00
2.414157116103017753e+00 1.303564463750904426e+06 1.026715460554125103e+00
2.459130425468043946e+00 1.347259917475133203e+06 1.026761413803571221e+00
2.504941542174502267e+00 1.392400985140490113e+06 1.026804464892178581e+00
2.551606073727183954e+00 1.439069108245296869e+06 1.026844368208851277e+00
2.599139918382932901e+00 1.487335264131881995e+06 1.026880334819163076e+00
2.647559270567066747e+00 1.537274568776701810e+06 1.026911402109332183e+00
2.696880626390692370e+00 1.588970921898743836e+06 1.026936515477983702e+00
2.747120789270811603e+00 1.642518426382760983e+06 1.026954521572090329e+00
2.798296875655115645e+00 1.698023021754064132e+06 1.026964161092478900e+00
2.850426320853434614e+00 1.755604363937519258e+06 1.026964061145820173e+00
2.903526884977813971e+00 1.815397989234765060e+06 1.026952727119300635e+00
2.957616658993253544e+00 1.877557807399893878e+06 1.026928534053512809e+00
3.012714070881164385e+00 1.942258855783339124e+06 1.026889721523886578e+00
3.068837891917642224e+00 2.009681289466962451e+06 1.026835004211593461e+00
3.126007243068700259e+00 2.079986131294154329e+06 1.026764327609662519e+00
3.184241601504649744e+00 2.153344789690263104e+06 1.026677858988370495e+00
3.243560807235807975e+00 2.229945328258541878e+06 1.026575844945416094e+00
3.303985069871854918e+00 2.309994667436292861e+06 1.026458618958946856e+00
3.365534975507090909e+00 2.393721109667125624e+06 1.026326609479953467e+00
3.428231493733967294e+00 2.481377239419469144e+06 1.026180348599143866e+00
3.492095984787267682e+00 2.573243258542466909e+06 1.026020481325925049e+00
3.557150206821382277e+00 2.669609159824928734e+06 1.025847742653203110e+00
3.623416323323146226e+00 2.770661014704428148e+06 1.025662801583776984e+00
3.690916910662774608e+00 2.876531304169213399e+06 1.025466373679770005e+00
3.759674965785463563e+00 2.987333978580045048e+06 1.025259295305679608e+00
3.829713914046277257e+00 3.103159196428742260e+06 1.025042533951335599e+00
3.901057617190989202e+00 3.224067158283718396e+06 1.024817199180747540e+00
3.973730381485604202e+00 3.350081008081185631e+06 1.024584554342548914e+00
4.047756965997318268e+00 3.481188363083947916e+06 1.024345974573072304e+00
4.123162591029748469e+00 3.617455744607288390e+06 1.024102297842199860e+00
4.199972946715301525e+00 3.759019716651934665e+06 1.023853967892201400e+00
4.278214201767612579e+00 3.906014294105710462e+06 1.023601478355448569e+00
4.357913012397025554e+00 4.058568415429797489e+06 1.023345386563133452e+00
4.439096531392166867e+00 4.216804893423756585e+06 1.023086318600912925e+00
4.521792417370697592e+00 4.380839302983229980e+06 1.022824974709418466e+00
4.606028844202397998e+00 4.550778810302331112e+06 1.022562135052549781e+00
4.691834510607794329e+00 4.726720949612505734e+06 1.022298665878147883e+00
4.779238649935595440e+00 4.908752355390591547e+06 1.022035526097476055e+00
4.868271040122278848e+00 5.096947460016625002e+06 1.021773774311949046e+00
4.958962013837211913e+00 5.291367169115152210e+06 1.021514576317737788e+00
5.051342468816761411e+00 5.492058063214332797e+06 1.021259175960121945e+00
5.145443878390924652e+00 5.699061001038134098e+06 1.021008244925127206e+00
5.241298302206056192e+00 5.912411858126802370e+06 1.020761887386101074e+00
5.338938397147350301e+00 6.132134067780581303e+06 1.020520171084309480e+00
5.438397428464796235e+00 6.358238126812332310e+06 1.020283144194050307e+00
5.539709281106400596e+00 6.590721571442421526e+06 1.020050833037576377e+00
5.642908471262536807e+00 6.829569199617183767e+06 1.019823239619491506e+00
5.748030158125351008e+00 7.074753582136649638e+06 1.019600338968268405e+00
5.855110155867238042e+00 7.326235908414589241e+06 1.019382076271759363e+00
5.964184945842459840e+00 7.583967216151444241e+06 1.019168363792775311e+00
6.075291689016070862e+00 7.847886657781406306e+06 1.018959088798724322e+00
6.188468238624382778e+00 8.117885498434791341e+06 1.018754230145235251e+00
6.303753153071275150e+00 8.393812852213792503e+06 1.018553823277491333e+00
6.421185709064758385e+00 8.675497339956194162e+06 1.018357883930105068e+00
6.540805914998252923e+00 8.962748693889098242e+06 1.018166404588150442e+00
6.662654524581149929e+00 9.255359507464004681e+06 1.017979351977893909e+00
6.786773050723295064e+00 9.553107541135383770e+06 1.017796664363897152e+00
6.913203779678127603e+00 9.855758642895020545e+06 1.017618248639439171e+00
7.041989785449288775e+00 1.016307003803094663e+07 1.017443982083164000e+00
7.173174944465612768e+00 1.047477408338155039e+07 1.017274027306277029e+00
7.306803950529499936e+00 1.079056423948566988e+07 1.017109069363546281e+00
7.442922330043757917e+00 1.111012391532317735e+07 1.016949895231164192e+00
7.581576457522110069e+00 1.143313418643135950e+07 1.016797354646146845e+00
7.722813571388642551e+00 1.175927974705561809e+07 1.016652364374954987e+00
7.866681790071582192e+00 1.208825577275677584e+07 1.016515912760279416e+00
8.013230128396878982e+00 1.241977572648976371e+07 1.016389064352332339e+00
8.162508514287219796e+00 1.275353333218624443e+07 1.016272572500562354e+00
8.314567805772055564e+00 1.308909739271975122e+07 1.016165996195023791e+00
8.469459808314576676e+00 1.342600956857329048e+07 1.016068557267504779e+00
8.627237292461440887e+00 1.376381551944915764e+07 1.015979347126261256e+00
8.787954011821311084e+00 1.410207233102346398e+07 1.015897315338787354e+00
8.951664721378293166e+00 1.444035686448667012e+07 1.015821257403020761e+00
9.118425196146562328e+00 1.477827506390820630e+07 1.015749801658535123e+00
9.288292250172489162e+00 1.511547225503335707e+07 1.015681395287532984e+00
9.461323755890759912e+00 1.545164446919482760e+07 1.015614289353865329e+00
9.637578663841079418e+00 1.578655082831408456e+07 1.015546522826897169e+00
9.817117022752183786e+00 1.612002703234113753e+07 1.015475905535920376e+00
1.000000000000000000e+01 1.645199999999999069e+07 1.015400000000000080e+00
