# Source: PRIMAT compilation, https://doi.org/10.1016/j.physrep.2018.04.005
1.000000000000000021e-03 4.413999999999998545e+04 1.004499999999999948e+00
1.018628990244687619e-03 4.413861333079001633e+04 1.004499999999999948e+00
1.037605019766911670e-03 4.413720021946460474e+04 1.004499999999999948e+00
1.056934553557988335e-03 4.413576016278516181e+04 1.004499999999999948e+00
1.076624177045493267e-03 4.413429264843585406e+04 1.004499999999999948e+00
1.096680598336868600e-03 4.413279715490501985e+04 1.004499999999999948e+00
1.117110650504824203e-03 4.413127315136885591e+04 1.004499999999999948e+00
1.137921293915315117e-03 4.412972009757696651e+04 1.004499999999999948e+00
1.159119618598885779e-03 4.412813744374198723e+04 1.004499999999999948e+00
1.180712846666190276e-03 4.412652463042957970e+04 1.004499999999999948e+00
1.202708334768511989e-03 4.412488108845456736e+04 1.004499999999999948e+00
1.225113576604118949e-03 4.412320623877906473e+04 1.004499999999999948e+00
1.247936205471311460e-03 4.412149949241506692e+04 1.004499999999999948e+00
1.271183996869028896e-03 4.411976025033341284e+04 1.004499999999999948e+00
1.294864871145904933e-03 4.411798790337456012e+04 1.004499999999999948e+00
1.318986896198670470e-03 4.411618183216985199e+04 1.004499999999999948e+00
1.343558290220826226e-03 4.411434140706465405e+04 1.004499999999999948e+00
1.368587424502519176e-03 4.411246598805193207e+04 1.004499999999999948e+00
1.394082826282578647e-03 4.411055492471131583e+04 1.004499999999999948e+00
1.420053181653683095e-03 4.410860755615847302e+04 1.004499999999999948e+00
1.446507338521647217e-03 4.410662321100169356e+04 1.004499999999999948e+00
1.473454309619835756e-03 4.410460120731060306e+04 1.004499999999999948e+00
1.500903275579736594e-03 4.410254085259445856e+04 1.004499999999999948e+00
1.528863588058731147e-03 4.410044144379279169e+04 1.004499999999999948e+00
1.557344772926135207e-03 4.409830226727930858e+04 1.004499999999999948e+00
1.586356533508589657e-03 4.409612259887841356e+04 1.004499999999999948e+00
1.615908753895919101e-03 4.409390170389941341e+04 1.004499999999999948e+00
1.646011502308549748e-03 4.409163883718401485e+04 1.004499999999999948e+00
1.676675034527699143e-03 4.408933324317411461e+04 1.004499999999999948e+00
1.707909797389426916e-03 4.408698415599668806e+04 1.004499999999999948e+00
1.739726432343800767e-03 4.408459079957018548e+04 1.004499999999999948e+00
1.772135779080358372e-03 4.408215238773317105e+04 1.004499999999999948e+00
1.805148879221108154e-03 4.407966812439608475e+04 1.004499999999999948e+00
1.838776980082326793e-03 4.407713720371804811e+04 1.004499999999999948e+00
1.873031538506436536e-03 4.407455881031312310e+04 1.004499999999999948e+00
1.907924224765265072e-03 4.407193211948293902e+04 1.004499999999999948e+00
1.943466926536020246e-03 4.406925629748417850e+04 1.004499999999999948e+00
1.979671752951332481e-03 4.406653050182708830e+04 1.004499999999999948e+00
2.016551038724746607e-03 4.406375388161142473e+04 1.004499999999999948e+00
2.054117348353064112e-03 4.406092557790149294e+04 1.004499999999999948e+00
2.092383480396977150e-03 4.405804472414166958e+04 1.004499999999999948e+00
2.131362471841437810e-03 4.405511044661732740e+04 1.004499999999999948e+00
2.171067602537264923e-03 4.405212186496254435e+04 1.004499999999999948e+00
2.211512399725488933e-03 4.404907809271824954e+04 1.004499999999999948e+00
2.252710642645980484e-03 4.404597823794589203e+04 1.004499999999999948e+00
2.294676367231936100e-03 4.404282140389735287e+04 1.004499999999999948e+00
2.337423870891814758e-03 4.403960668974721921e+04 1.004499999999999948e+00
2.380967717380358135e-03 4.403633319139164087e+04 1.004499999999999948e+00
2.425322741760352948e-03 4.403300000231609010e+04 1.004499999999999948e+00
2.470504055456825433e-03 4.402960621453889325e+04 1.004499999999999948e+00
2.516527051405391836e-03 4.402615091963489976e+04 1.004499999999999948e+00
2.563407409296514835e-03 4.402263320984331222e+04 1.004499999999999948e+00
2.611161100917459583e-03 4.401905217926677142e+04 1.004499999999999948e+00
2.659804395593758260e-03 4.401540692516767012e+04 1.004499999999999948e+00
2.709353865732051433e-03 4.401169654936527513e+04 1.004499999999999948e+00
2.759826392466180594e-03 4.400792015974492097e+04 1.004499999999999948e+00
2.811239171408464344e-03 4.400407687188140699e+04 1.004499999999999948e+00
2.863609718508115885e-03 4.400016581078805029e+04 1.004499999999999948e+00
2.916955876018795853e-03 4.399618611279627657e+04 1.004499999999999948e+00
2.971295818577334054e-03 4.399213692757652461e+04 1.004499999999999948e+00
3.026648059395692196e-03 4.398801740644693928e+04 1.004499999999999948e+00
3.083031456568277075e-03 4.398382635475536517e+04 1.004499999999999948e+00
3.140465219496752208e-03 4.397956216242528171e+04 1.004499999999999948e+00
3.198968915434537586e-03 4.397522313283661060e+04 1.004499999999999948e+00
3.258562476153226226e-03 4.397080749582990393e+04 1.004499999999999948e+00
3.319266204733189573e-03 4.396631340310323139e+04 1.004499999999999948e+00
3.381100782480685445e-03 4.396173892330894159e+04 1.004499999999999948e+00
3.444087275973823411e-03 4.395708203683096508e+04 1.004499999999999948e+00
3.508247144239792347e-03 4.395234063022278133e+04 1.004499999999999948e+00
3.573602246065788347e-03 4.394751249028488382e+04 1.004499999999999948e+00
3.640174847446141400e-03 4.394259529776046111e+04 1.004499999999999948e+00
3.707987629168172684e-03 4.393758662062187796e+04 1.004499999999999948e+00
3.777063694539364597e-03 4.393248390692863904e+04 1.004499999999999948e+00
3.847426577258505898e-03 4.392728447722351848e+04 1.004499999999999948e+00
3.919100249433401899e-03 4.392198551644405961e+04 1.004499999999999948e+00
3.992109129748053209e-03 4.391658406531492801e+04 1.004499999999999948e+00
4.066478091781853925e-03 4.391107728392508579e+04 1.004499999999999948e+00
4.142232472483897525e-03 4.390546374912263855e+04 1.004499999999999948e+00
4.219398080805024202e-03 4.389974261885783926e+04 1.004499999999999948e+00
4.298001206490798497e-03 4.389391315252143249e+04 1.004499999999999726e+00
4.378068629038166758e-03 4.388797472088800714e+04 1.004499999999999726e+00
4.459627626819095622e-03 4.388192681725993316e+04 1.004499999999999726e+00
4.542705986374042521e-03 4.387576906940615299e+04 1.004499999999999726e+00
4.627332011878692967e-03 4.386950125234282314e+04 1.004499999999999726e+00
4.713534534786906725e-03 4.386312330201122677e+04 1.004499999999999726e+00
4.801342923653449841e-03 4.385663532991140528e+04 1.004499999999999726e+00
4.890787094139589959e-03 4.385003763874770084e+04 1.004499999999999948e+00
4.981897519205159656e-03 4.384333073915362183e+04 1.004499999999999948e+00
5.074705239490466188e-03 4.383651495870398503e+04 1.004499999999999948e+00
5.169241873891598608e-03 4.382958775221354881e+04 1.004500000000000171e+00
5.265539630332755246e-03 4.382254504327545146e+04 1.004500000000000393e+00
5.363631316739239652e-03 4.381538245237523370e+04 1.004500000000000393e+00
5.463550352214875498e-03 4.380809528067705105e+04 1.004500000000000615e+00
5.565330778427646403e-03 4.380067848650717497e+04 1.004500000000000615e+00
5.669007271207434327e-03 4.379312666025812359e+04 1.004500000000000615e+00
5.774615152359819509e-03 4.378543399761831824e+04 1.004500000000000615e+00
5.882190401699956099e-03 4.377759427101963956e+04 1.004500000000000393e+00
5.991769669310619169e-03 4.376960079919657437e+04 1.004499999999999948e+00
6.103390288028621123e-03 4.376144751382086542e+04 1.004499999999999504e+00
6.217090286163826779e-03 4.375313360205954086e+04 1.004499999999998838e+00
6.332908400455114321e-03 4.374466027522888908e+04 1.004499999999998172e+00
6.450884089267692675e-03 4.373602918027730630e+04 1.004499999999997506e+00
6.571057546036270826e-03 4.372724243704968831e+04 1.004499999999997284e+00
6.693469712958660493e-03 4.371830267871922115e+04 1.004499999999997284e+00
6.818162294944479437e-03 4.370921309499878407e+04 1.004499999999997950e+00
6.945177773823696388e-03 4.369997747831042943e+04 1.004499999999999060e+00
7.074559422819878297e-03 4.369059985959835467e+04 1.004500000000001281e+00
7.206351321293052656e-03 4.368107786466817197e+04 1.004500000000003945e+00
7.340598369757212090e-03 4.367140305386171531e+04 1.004500000000006832e+00
7.477346305177588227e-03 4.366156604470028833e+04 1.004500000000009052e+00
7.616641716552892058e-03 4.365155661649249669e+04 1.004500000000009940e+00
7.758532060787835978e-03 4.364136364650623727e+04 1.004500000000008830e+00
7.903065678861348128e-03 4.363097504186542210e+04 1.004500000000004833e+00
8.050291812295981564e-03 4.362037779364127346e+04 1.004499999999996840e+00
8.200260619934130954e-03 4.360956526518132887e+04 1.004499999999985294e+00
8.353023195026778799e-03 4.359854218956847035e+04 1.004499999999973525e+00
8.508631582640582489e-03 4.358731525589804369e+04 1.004499999999964643e+00
8.667138797389234081e-03 4.357589228878893482e+04 1.004499999999962867e+00
8.828598841495149604e-03 4.356428234150421486e+04 1.004499999999972637e+00
8.993066723187623582e-03 4.355249579541727144e+04 1.004499999999998394e+00
9.160598475443709407e-03 4.354054037610966770e+04 1.004500000000042581e+00
9.331251175078249249e-03 4.352840583649663313e+04 1.004500000000092763e+00
9.505082962189511861e-03 4.351607541934563051e+04 1.004500000000130955e+00
9.682153059967075343e-03 4.350353071071118029e+04 1.004500000000136728e+00
9.862521794868784469e-03 4.349075151234783698e+04 1.004500000000087656e+00
1.004625061717340749e-02 4.347771579969959566e+04 1.004499999999959092e+00
1.023340212191641702e-02 4.346441123657956632e+04 1.004499999999759252e+00
1.042404007021556327e-02 4.345084803295434540e+04 1.004499999999566739e+00
1.061822941099384125e-02 4.343704083020807593e+04 1.004499999999478366e+00
1.081603630310709954e-02 4.342300637884964090e+04 1.004499999999601600e+00
1.101752813788386791e-02 4.340876370335117826e+04 1.004500000000055238e+00
1.122277356208507652e-02 4.339432512434743694e+04 1.004500000000854154e+00
1.143184250129149725e-02 4.337967545779212378e+04 1.004500000001640192e+00
1.164480618372686072e-02 4.336479224628718657e+04 1.004500000001939730e+00
1.186173716452478509e-02 4.334965076862746355e+04 1.004500000001225635e+00
1.208270935044776506e-02 4.333422407388346619e+04 1.004499999998935245e+00
1.230779802506665188e-02 4.331849251426623232e+04 1.004499999995510429e+00
1.253707987440920262e-02 4.330244898090706556e+04 1.004499999992978454e+00
1.277063301308643990e-02 4.328608722512699751e+04 1.004499999993716974e+00
1.300853701090571267e-02 4.326940088087117329e+04 1.004500000000369875e+00
1.325087291997953214e-02 4.325238896020331595e+04 1.004500000013530681e+00
1.349772330233941706e-02 4.323507128143238515e+04 1.004500000025200901e+00
1.374917225806419029e-02 4.321747515636003664e+04 1.004500000024457051e+00
1.400530545393219653e-02 4.319963144661167462e+04 1.004499999999146409e+00
1.426621015260736910e-02 4.318156055575326900e+04 1.004499999946207645e+00
1.453197524236895383e-02 4.316323019791259867e+04 1.004499999902617180e+00
1.480269126739508674e-02 4.314459132607918582e+04 1.004499999919378661e+00
1.507845045861051086e-02 4.312559004883297166e+04 1.004500000052234165e+00
1.535934676510897039e-02 4.310619720404603140e+04 1.004500000271450366e+00
1.564547588616095955e-02 4.308643629712664551e+04 1.004500000376257196e+00
1.593693530381774456e-02 4.306634004332463519e+04 1.004500000125146730e+00
1.623382431612278159e-02 4.304594135056152300e+04 1.004499999302196134e+00
1.653624407094180307e-02 4.302524476424563181e+04 1.004499998085445656e+00
1.684429760042315330e-02 4.300424012893407053e+04 1.004499996875101608e+00
1.715808985610004986e-02 4.298291641510240879e+04 1.004499996119314842e+00
1.747772774464680795e-02 4.296126173884728632e+04 1.004499996316878807e+00
1.780332016430113962e-02 4.293926329712389270e+04 1.004499998021212814e+00
1.813497804196495186e-02 4.291690738837634854e+04 1.004500001817508759e+00
1.847281437099634188e-02 4.289418274493654462e+04 1.004500007297705055e+00
1.881694424970555696e-02 4.287108195119172160e+04 1.004500012609847115e+00
1.916748492056815148e-02 4.284759761444172182e+04 1.004500015592293627e+00
1.952455581016860828e-02 4.282372207176910888e+04 1.004500013839647821e+00
1.988827856988809734e-02 4.279944737365988840e+04 1.004500004683600123e+00
2.025877711735016989e-02 4.277476543679851602e+04 1.004499985492125935e+00
2.063617767863858837e-02 4.274966970224680699e+04 1.004499956798787119e+00
2.102060883130158278e-02 4.272415460994170280e+04 1.004499921339127688e+00
2.141220154815729262e-02 4.269821461509477376e+04 1.004499882223316654e+00
2.181108924191518805e-02 4.267184417972368828e+04 1.004499842938755272e+00
2.221740781062883641e-02 4.264503777824959980e+04 1.004499807380360599e+00
2.263129568399528321e-02 4.261778990347555373e+04 1.004499779882930266e+00
2.305289387051707301e-02 4.259009507296626543e+04 1.004499765255717048e+00
2.348234600554275145e-02 4.256194783584995457e+04 1.004499768819356431e+00
2.391979840020238418e-02 4.253334278006928071e+04 1.004499796445294413e+00
2.436540009125464853e-02 4.250427454010149813e+04 1.004499854597874720e+00
2.481930289186254010e-02 4.247473780517752311e+04 1.004499950379251327e+00
2.528166144331499277e-02 4.244472731720885349e+04 1.004500090609517837e+00
2.575263326771199887e-02 4.241423772795459081e+04 1.004500268251798945e+00
2.623237882163122203e-02 4.238326362715601863e+04 1.004500464049131958e+00
2.672106155079433804e-02 4.235179966015843820e+04 1.004500656139398096e+00
2.721884794575178332e-02 4.231984053929697984e+04 1.004500820122597116e+00
2.772590759860482645e-02 4.228738105293957778e+04 1.004500928859676234e+00
2.824241326078434297e-02 4.225441607506980654e+04 1.004500952257632695e+00
2.876854090190592711e-02 4.222094057544152020e+04 1.004500857040021344e+00
2.930446976972142861e-02 4.218694963033135718e+04 1.004500606501946836e+00
2.985038245118730796e-02 4.215243843392360577e+04 1.004500160248564589e+00
3.040646493467067182e-02 4.211740220887328906e+04 1.004499479556069774e+00
3.097290667331408301e-02 4.208183533596366760e+04 1.004498576217504047e+00
3.154990064958086704e-02 4.204573168836229888e+04 1.004497494603228791e+00
3.213764344100276948e-02 4.200908511665282276e+04 1.004496285260676025e+00
3.273633528715245988e-02 4.197188945490238257e+04 1.004495005117046924e+00
3.334618015786364187e-02 4.193413852161289105e+04 1.004493717996872260e+00
3.396738582272208068e-02 4.189582612061658438e+04 1.004492495175302258e+00
3.460016392185108480e-02 4.185694604190444079e+04 1.004491415969415602e+00
3.524473003801584237e-02 4.181749206237609906e+04 1.004490568369977854e+00
3.590130377007068330e-02 4.177745794650126481e+04 1.004490049716238120e+00
3.657010880777489259e-02 4.173683744687963917e+04 1.004489967416508422e+00
3.725137300800209633e-02 4.169562430468612729e+04 1.004490439717443007e+00
3.794532847236938011e-02 4.165381224998575635e+04 1.004491596525123098e+00
3.865221162631261864e-02 4.161139500190664694e+04 1.004493580281240028e+00
3.937226329963479377e-02 4.156836626864947903e+04 1.004496546897881704e+00
4.010572880855495931e-02 4.152471974703680462e+04 1.004500666607035519e+00
4.085285803928561527e-02 4.148044897490901349e+04 1.004506048283558828e+00
4.161390553316707264e-02 4.143554706471284589e+04 1.004512601460470611e+00
4.238913057338778573e-02 4.139000698952440143e+04 1.004520186158966544e+00
4.317879727332021161e-02 4.134382163637039775e+04 1.004528642198830646e+00
4.398317466650223523e-02 4.129698379954449774e+04 1.004537787503122059e+00
4.480253679829489938e-02 4.124948617327360262e+04 1.004547416284432559e+00
4.563716281924758839e-02 4.120132134368892002e+04 1.004557297105235669e+00
4.648733708020256344e-02 4.115248178004857618e+04 1.004567170804414378e+00
4.735334922917116413e-02 4.110295982516226650e+04 1.004576748281606813e+00
4.823549431001467047e-02 4.105274768495632452e+04 1.004585708130544930e+00
4.913407286296361809e-02 4.100183741712446499e+04 1.004593694112073887e+00
5.004939102700953213e-02 4.095022091894949699e+04 1.004600312471610302e+00
5.098176064420424647e-02 4.089789112380360166e+04 1.004605243524204994e+00
5.193149936590212012e-02 4.084484514201995626e+04 1.004608538238352944e+00
5.289893076098151070e-02 4.079108140181461204e+04 1.004610348004870035e+00
5.388438442608223938e-02 4.073659885030658188e+04 1.004610847939335416e+00
5.488819609789671872e-02 4.068139698917976784e+04 1.004610238907776454e+00
5.591070776755290017e-02 4.062547591226298391e+04 1.004608749695209413e+00
5.695226779712821846e-02 4.056883634512998105e+04 1.004606639326384165e+00
5.801323103833375128e-02 4.051147968682160717e+04 1.004604199548698507e+00
5.909395895340967958e-02 4.045340805379814265e+04 1.004601757487906699e+00
6.019481973827271043e-02 4.039462431140728586e+04 1.004599678050006162e+00
6.131618844795772016e-02 4.033512762890851445e+04 1.004598234100844811e+00
6.245844712439614643e-02 4.027490649870681227e+04 1.004597400506255012e+00
6.362198492657485105e-02 4.021394696956175176e+04 1.004597097514879911e+00
6.480719826311967524e-02 4.015223406150882511e+04 1.004597233911904475e+00
6.601449092734885948e-02 4.008975168087147904e+04 1.004597706056760797e+00
6.724427423484245769e-02 4.002648252949096786e+04 1.004598396853551456e+00
6.849696716357443760e-02 3.996240800783663872e+04 1.004599174649909443e+00
6.977299649665534564e-02 3.989750811164946208e+04 1.004599892059759414e+00
7.107279696773415034e-02 3.983176448488681490e+04 1.004600404299673899e+00
7.239681140910873836e-02 3.976517970265629265e+04 1.004600688388204377e+00
7.374549090259549522e-02 3.969776685883101891e+04 1.004600778963600005e+00
7.511929493320965157e-02 3.962954112140682264e+04 1.004600715702338887e+00
7.651869154570821452e-02 3.956051984312291461e+04 1.004600543537568225e+00
7.794415750404946885e-02 3.949072271034868027e+04 1.004600313091379871e+00
7.939617845382279659e-02 3.942017190070411743e+04 1.004600081137100309e+00
8.087524908770453436e-02 3.934889066982355143e+04 1.004599908242330253e+00
8.238187331399605962e-02 3.927687964143310091e+04 1.004599816090322673e+00
8.391656442830157381e-02 3.920411906815027032e+04 1.004599791372496220e+00
8.547984528840409102e-02 3.913058662394127896e+04 1.004599817906395964e+00
8.707224849239916797e-02 3.905625775406673347e+04 1.004599877411413100e+00
8.869431656014709064e-02 3.898110549411306420e+04 1.004599949337168230e+00
9.034660211810524588e-02 3.890510035231306392e+04 1.004600010727456638e+00
9.202966808760409956e-02 3.882822476933490543e+04 1.004600045313043255e+00
9.374408787662991127e-02 3.875049267011744087e+04 1.004600055942837633e+00
9.549044557518077125e-02 3.867192429652950523e+04 1.004600048728231831e+00
9.726933615426168467e-02 3.859254233656929136e+04 1.004600030567095459e+00
9.908136566858666283e-02 3.851237208174795524e+04 1.004600009207977207e+00
1.009271514630570854e-01 3.843144082117346261e+04 1.004599993075772968e+00
1.028073223830864719e-01 3.834976048637388158e+04 1.004599985814981222e+00
1.047225189888434382e-01 3.826732545886567095e+04 1.004599985554411434e+00
1.066733937734857113e-01 3.818412853625180287e+04 1.004599989911837410e+00
1.086606113854596822e-01 3.810016159691440407e+04 1.004599996207834911e+00
1.106848488549412035e-01 3.801541552070470061e+04 1.004600001467462977e+00
1.127467958244946084e-01 3.792988098553018062e+04 1.004600003926692020e+00
1.148471547840289042e-01 3.784354898002142727e+04 1.004600004084751363e+00
1.169866413101306873e-01 3.775640953133085713e+04 1.004600002723618823e+00
1.191659843098558796e-01 3.766845148643626453e+04 1.004600000722844833e+00
1.213859262690627772e-01 3.757966418370350584e+04 1.004599999025657775e+00
1.236472235053715091e-01 3.749006085174041800e+04 1.004599998094680702e+00
1.259506464258357550e-01 3.739967467493318691e+04 1.004599998003329109e+00
1.282969797894147612e-01 3.730854250585372210e+04 1.004599998820094209e+00
1.306870229743346268e-01 3.721670442632065533e+04 1.004600000612282606e+00
1.331215902504307713e-01 3.712418186609900295e+04 1.004600002946922643e+00
1.356015110565633452e-01 3.703095750869518815e+04 1.004600004424369253e+00
1.381276302832009362e-01 3.693700734407470009e+04 1.004600003388853580e+00
1.407008085602685088e-01 3.684230435850122012e+04 1.004599998029941821e+00
1.433219225503573890e-01 3.674683104220048699e+04 1.004599989340029476e+00
1.459918652473978506e-01 3.665059180266399926e+04 1.004599984099576071e+00
1.487115462808953625e-01 3.655359365639099269e+04 1.004599990492919037e+00
1.514818922258345801e-01 3.645584454009141336e+04 1.004600016565956322e+00
1.543038469183564687e-01 3.635736780749947502e+04 1.004600049808852757e+00
1.571783717773162781e-01 3.625820286643293366e+04 1.004600055994293140e+00
1.601064461318317811e-01 3.615839295219657652e+04 1.004599996223746405e+00
1.630890675549332702e-01 3.605797579262492945e+04 1.004599846273508623e+00
1.661272522034293042e-01 3.595695867181968060e+04 1.004599649467139200e+00
1.692220351641037235e-01 3.585534080241531774e+04 1.004599470533556582e+00
1.723744708063619790e-01 3.575312011543066910e+04 1.004599381703771943e+00
1.755856331414468730e-01 3.565029311778018018e+04 1.004599463305476892e+00
1.788566161883461958e-01 3.554685473967446887e+04 1.004599804398290663e+00
1.821885343465165230e-01 3.544279937044819962e+04 1.004600485326486492e+00
1.855825227755517060e-01 3.533813453151794238e+04 1.004601368237283188e+00
1.890397377819219571e-01 3.523287746750122460e+04 1.004602143436380324e+00
1.925613572129196704e-01 3.512704608787257894e+04 1.004602462532423912e+00
1.961485808579429280e-01 3.502065877495795576e+04 1.004601938162678954e+00
1.998026308572548593e-01 3.491373436061184475e+04 1.004600140940417274e+00
2.035247521183575770e-01 3.480629171382760978e+04 1.004596687880076944e+00
2.073162127401229071e-01 3.469834819974718266e+04 1.004591600404804552e+00
2.111783044448242164e-01 3.458992075744472095e+04 1.004585042303127951e+00
2.151123430182164953e-01 3.448102635031363752e+04 1.004577202157047822e+00
2.191196687578147451e-01 3.437168190502023936e+04 1.004568295421983448e+00
2.232016469295232397e-01 3.426190424497488129e+04 1.004558566670068043e+00
2.273596682327715113e-01 3.415171001804134721e+04 1.004548291990329245e+00
2.315951492743152096e-01 3.404111561811251886e+04 1.004537781556021914e+00
2.359095330508633737e-01 3.393013710016305413e+04 1.004527382370058008e+00
2.403042894406967056e-01 3.381879008836117282e+04 1.004517481200224882e+00
2.447809157044440187e-01 3.370708967680369824e+04 1.004508507716657117e+00
2.493409369951877785e-01 3.359505032240394212e+04 1.004500937844888364e+00
2.539859068780723761e-01 3.348268673323335679e+04 1.004495221744227784e+00
2.587174078595921300e-01 3.337001919074695616e+04 1.004491374748696098e+00
2.635370519267393186e-01 3.325707018336138572e+04 1.004489218289813302e+00
2.684464810961962322e-01 3.314386208374235139e+04 1.004488545700634283e+00
2.734473679737579599e-01 3.303041706074252579e+04 1.004489120184815620e+00
2.785414163241766161e-01 3.291675698890504282e+04 1.004490672276789232e+00
2.837303616516211324e-01 3.280290335053009039e+04 1.004492897124257489e+00
2.890159717909508430e-01 3.268887712982088487e+04 1.004495451581853604e+00
2.944000475100033709e-01 3.257469869859934988e+04 1.004497951104195153e+00
2.998844231231027613e-01 3.246038769305264577e+04 1.004499966425920876e+00
3.054709671159968054e-01 3.234596508812341563e+04 1.004501126552500345e+00
3.111615827824359970e-01 3.223146069463761523e+04 1.004501486949066713e+00
3.169582088726115021e-01 3.211690696532632137e+04 1.004501240404455098e+00
3.228628202536730218e-01 3.200233654439626480e+04 1.004500604694504640e+00
3.288774285825510346e-01 3.188778219462271954e+04 1.004499824623261262e+00
3.350040829913132900e-01 3.177327671794510388e+04 1.004499174206992196e+00
3.412448707852889229e-01 3.165885286910400100e+04 1.004498959009268333e+00
3.476019181541977754e-01 3.154454326184549427e+04 1.004499518636984501e+00
3.540773908965269556e-01 3.143037968966111657e+04 1.004501188159514724e+00
3.606734951574028236e-01 3.131638558111638122e+04 1.004503767287680427e+00
3.673924781802074269e-01 3.120257721667215446e+04 1.004506609049332422e+00
3.742366290721980682e-01 3.108896867209994889e+04 1.004508980390662165e+00
3.812082795843887983e-01 3.097557169378538310e+04 1.004510064370529809e+00
3.883098049059605095e-01 3.086239543858113393e+04 1.004508953545297345e+00
3.955436244734701345e-01 3.074944619501502893e+04 1.004504642911558721e+00
4.029122027951347884e-01 3.063672764147324779e+04 1.004496046668562403e+00
4.104180502904709038e-01 3.052426314010766509e+04 1.004482980661345559e+00
4.180637241455757991e-01 3.041210587807689080e+04 1.004466633102483408e+00
4.258518291843414461e-01 3.030031261122854994e+04 1.004448440928189301e+00
4.337850187558989212e-01 3.018894167308347460e+04 1.004430015867419979e+00
4.418659956385941334e-01 3.007805298523256351e+04 1.004413158464003919e+00
4.500975129608046355e-01 2.996770806656907007e+04 1.004399873090430440e+00
4.584823751389096036e-01 2.985796169482222467e+04 1.004391819660737983e+00
4.670234388327330621e-01 2.974883642462549687e+04 1.004388590718215513e+00
4.757236139187884794e-01 2.964034414683729119e+04 1.004389155910661247e+00
4.845858644816490868e-01 2.953249315758347439e+04 1.004392349189663358e+00
4.936132098237911991e-01 2.942528778797485575e+04 1.004396857624421990e+00
5.028087254942474882e-01 2.931872824320462678e+04 1.004401217727706630e+00
5.121755443364236493e-01 2.921282817456995326e+04 1.004404435442660226e+00
5.217168575554343990e-01 2.910762913008418400e+04 1.004406509972793238e+00
5.314359158053235666e-01 2.900317502298533145e+04 1.004407553765577887e+00
5.413360302965375404e-01 2.889950920005933585e+04 1.004407696588013765e+00
5.514205739240296555e-01 2.879667428639224818e+04 1.004407087000650511e+00
5.616929824163804374e-01 2.869471201716981886e+04 1.004405893935416794e+00
5.721567555063246102e-01 2.859366305553626444e+04 1.004404308384022171e+00
5.828154581230839959e-01 2.849356679544719736e+04 1.004402545204130748e+00
5.936727216069119795e-01 2.839446114836752531e+04 1.004400845050972491e+00
6.047322449462643190e-01 2.829638244171712722e+04 1.004399471937062804e+00
6.159977960380161877e-01 2.819936949591375014e+04 1.004398563898184937e+00
6.274732129711574347e-01 2.810346488189816591e+04 1.004398079047193582e+00
6.391624053343999412e-01 2.800871002544629664e+04 1.004397956857240981e+00
6.510693555481454897e-01 2.791514466195674322e+04 1.004398128264702095e+00
6.631981202212668958e-01 2.782280658141952881e+04 1.004398514955872956e+00
6.755528315331639222e-01 2.773173135227299281e+04 1.004399028603885746e+00
6.881376986415662644e-01 2.764195202248246278e+04 1.004399570052667334e+00
7.009570091165617800e-01 2.755349879718549710e+04 1.004400028455244787e+00
7.140151304013395706e-01 2.746640223632973721e+04 1.004400313773604836e+00
7.273165113001454074e-01 2.738070134858694655e+04 1.004400436398527274e+00
7.408656834939559843e-01 2.729643510839914234e+04 1.004400431271756489e+00
7.546672630843886953e-01 2.721363998087734217e+04 1.004400337935651644e+00
7.687259521663728501e-01 2.713234958902235667e+04 1.004400200910943175e+00
7.830465404301183430e-01 2.705259435289340036e+04 1.004400070100698761e+00
7.976339067929273385e-01 2.697440109846512132e+04 1.004400001222177874e+00
8.124930210614047521e-01 2.689779553983413643e+04 1.004400044296940298e+00
8.276289456246344045e-01 2.682281863589554632e+04 1.004400174511041133e+00
8.430468371788967241e-01 2.674951665241325099e+04 1.004400330735714775e+00
8.587519484845170803e-01 2.667793365760212691e+04 1.004400444495138212e+00
8.747496301554414933e-01 2.660811117649017251e+04 1.004400439467845185e+00
8.910453324821513421e-01 2.654008783616118671e+04 1.004400230867152688e+00
9.076446072885356875e-01 2.647389917424915257e+04 1.004399730316874573e+00
9.245531098233570333e-01 2.640958267849213371e+04 1.004399000926703645e+00
9.417766006869519035e-01 2.634717872397102110e+04 1.004398298304398196e+00
9.593209477938241525e-01 2.628672469586401712e+04 1.004397917799087603e+00
9.771921283717996953e-01 2.622825424424667290e+04 1.004398188050372953e+00
9.953962309984233370e-01 2.617179681387281380e+04 1.004399473605932513e+00
1.013939457675291811e+00 2.611737959444462103e+04 1.004402140935175325e+00
1.032828125941028574e+00 2.606504674969486223e+04 1.004406264877471866e+00
1.052068671023622892e+00 2.601485077352609369e+04 1.004411749169222379e+00
1.071667648032863296e+00 2.596684174990404790e+04 1.004418479596421054e+00
1.091631734193614811e+00 2.592106687775723913e+04 1.004426323874992866e+00
1.111967731120699021e+00 2.587757004797388799e+04 1.004435130103489948e+00
1.132682567136153784e+00 2.583639138028212619e+04 1.004444725106702352e+00
1.153783299629660863e+00 2.579756671641747744e+04 1.004454912663233168e+00
1.175277117462945276e+00 2.576112706569820875e+04 1.004465471609687022e+00
1.197171343418965694e+00 2.572709799882125662e+04 1.004476153813701922e+00
1.219473436696737023e+00 2.569549898538283014e+04 1.004486682007609488e+00
1.242190995452616242e+00 2.566634267029800685e+04 1.004496747474048046e+00
1.265331759388941713e+00 2.563963707133948628e+04 1.004506037385451522e+00
1.288903612390891462e+00 2.561541854173242609e+04 1.004514570161946674e+00
1.312914585212463958e+00 2.559374295690433428e+04 1.004522615485386350e+00
1.337372858212495075e+00 2.557466363036223629e+04 1.004530481295089483e+00
1.362286764141645401e+00 2.555823044695802309e+04 1.004538512633774250e+00
1.387664790981307128e+00 2.554448934385724351e+04 1.004547094625744874e+00
1.413515584835394190e+00 2.553348173965145179e+04 1.004556655661074549e+00
1.439847952876006643e+00 2.552524390682678495e+04 1.004567670799374701e+00
1.466670866343967150e+00 2.551980628242565945e+04 1.004580665407688977e+00
1.493993463605256311e+00 2.551719271133079747e+04 1.004596219048048633e+00
1.521825053264385552e+00 2.551742274326577535e+04 1.004614872830142280e+00
1.550175117335768737e+00 2.552053308814905540e+04 1.004636441632670518e+00
1.579053314474174297e+00 2.552656654504387916e+04 1.004660331545084162e+00
1.608469483265355215e+00 2.553556050869027604e+04 1.004685868500102108e+00
1.638433645577983100e+00 2.554754615381321855e+04 1.004712293872946693e+00
1.668956009978023181e+00 2.556254760983847882e+04 1.004738757622085865e+00
1.700046975206716438e+00 2.558058105413399608e+04 1.004764310963096596e+00
1.731717133723352786e+00 2.560165371660707387e+04 1.004787898548328728e+00
1.763977275314043469e+00 2.562576370286948077e+04 1.004808376820720772e+00
1.796838390767719229e+00 2.565292868722451021e+04 1.004825376260721326e+00
1.830311675620611256e+00 2.568319537507546920e+04 1.004839600284482160e+00
1.864408533970485227e+00 2.571660735812163330e+04 1.004851913142980724e+00
1.899140582361933616e+00 2.575320231338409940e+04 1.004863288474673766e+00
1.934519653744044332e+00 2.579301117049466484e+04 1.004874818188072672e+00
1.970557801501798378e+00 2.583605719461887566e+04 1.004887721967908654e+00
2.007267303562568106e+00 2.588235505368955273e+04 1.004903355253710551e+00
2.044660666579115826e+00 2.593192705532408218e+04 1.004922721655183926e+00
2.082750630190514318e+00 2.598482705128513771e+04 1.004945769122795651e+00
2.121550171362450055e+00 2.604110951544949785e+04 1.004972262722590104e+00
2.161072508808376647e+00 2.610082376389873025e+04 1.005001927325213762e+00
2.201331107493030181e+00 2.616401315889002944e+04 1.005034444105833868e+00
2.242339683219845003e+00 2.623071422940833145e+04 1.005069446795340493e+00
2.284112207303823361e+00 2.630095570060978207e+04 1.005106517667105681e+00
2.326662911331458083e+00 2.637475742389120569e+04 1.005145183242722284e+00
2.370006292009327886e+00 2.645212919872706698e+04 1.005184909699270213e+00
2.414157116103017753e+00 2.653306947681593010e+04 1.005225097959747460e+00
2.459130425468043946e+00 2.661756393847310756e+04 1.005265078447385330e+00
2.504941542174502267e+00 2.670558395273848146e+04 1.005304105658155978e+00
2.551606073727183954e+00 2.679711003529227673e+04 1.005341550111696236e+00
2.599139918382932901e+00 2.689218366630569290e+04 1.005377309255590879e+00
2.647559270567066747e+00 2.699085372393297075e+04 1.005411387002610901e+00
2.696880626390692370e+00 2.709316321554593014e+04 1.005443795813659280e+00
2.747120789270811603e+00 2.719914839844306334e+04 1.005474557582147765e+00
2.798296875655115645e+00 2.730883780986619968e+04 1.005503704585102742e+00
2.850426320853434614e+00 2.742225119823529531e+04 1.005531280505446601e+00
2.903526884977813971e+00 2.753939834694187084e+04 1.005557341530173954e+00
2.957616658993253544e+00 2.766027778146605124e+04 1.005581957529450676e+00
3.012714070881164385e+00 2.778487550751327944e+04 1.005605213967010414e+00
3.068837891917642224e+00 2.791318778347384796e+04 1.005627312413614360e+00
3.126007243068700259e+00 2.804525018769786402e+04 1.005648694508558982e+00
3.184241601504649744e+00 2.818109761640927536e+04 1.005669884064616326e+00
3.243560807235807975e+00 2.832075755019343705e+04 1.005691467903718550e+00
3.303985069871854918e+00 2.846424903681731303e+04 1.005714100917232345e+00
3.365534975507090909e+00 2.861158157335959186e+04 1.005738511478196484e+00
3.428231493733967294e+00 2.876275387916074033e+04 1.005765507229343214e+00
3.492095984787267682e+00 2.891775255057987306e+04 1.005795981272501916e+00
3.557150206821382277e+00 2.907655851796906063e+04 1.005830712821376594e+00
3.623416323323146226e+00 2.923918609275954441e+04 1.005869329784829791e+00
3.690916910662774608e+00 2.940565794570621438e+04 1.005910949180546909e+00
3.759674965785463563e+00 2.957598874138392785e+04 1.005954573550586595e+00
3.829713914046277257e+00 2.975018409269558106e+04 1.005999082181998849e+00
3.901057617190989202e+00 2.992823943931310350e+04 1.006043221146977862e+00
3.973730381485604202e+00 3.011013882144937088e+04 1.006085592671063011e+00
4.047756965997318268e+00 3.029585712754079213e+04 1.006124729628179004e+00
4.123162591029748469e+00 3.048540260644115187e+04 1.006160126624085827e+00
4.199972946715301525e+00 3.067880827198506813e+04 1.006192026058260858e+00
4.278214201767612579e+00 3.087610277651204524e+04 1.006220729999692809e+00
4.357913012397025554e+00 3.107730917961708474e+04 1.006246589873311725e+00
4.439096531392166867e+00 3.128244425189400863e+04 1.006270010714998220e+00
4.521792417370697592e+00 3.149151771578898843e+04 1.006291455728116624e+00
4.606028844202397998e+00 3.170453141870841500e+04 1.006311451161664206e+00
4.691834510607794329e+00 3.192147843323735287e+04 1.006330591531530594e+00
4.779238649935595440e+00 3.214234207903752758e+04 1.006349545207899654e+00
4.868271040122278848e+00 3.236709486070068670e+04 1.006369060393495163e+00
4.958962013837211913e+00 3.259569731555261387e+04 1.006389971519182636e+00
5.051342468816761411e+00 3.282809908826698666e+04 1.006413168967404292e+00
5.145443878390924652e+00 3.306427915549276076e+04 1.006438948155611968e+00
5.241298302206056192e+00 3.330424629582864145e+04 1.006467011930491262e+00
5.338938397147350301e+00 3.354800591153706773e+04 1.006496999146985205e+00
5.438397428464796235e+00 3.379555844233244716e+04 1.006528499851763847e+00
5.539709281106400596e+00 3.404689893001884047e+04 1.006561051249969418e+00
5.642908471262536807e+00 3.430201655462224153e+04 1.006594133393050816e+00
5.748030158125351008e+00 3.456089414054484951e+04 1.006627164570581101e+00
5.855110155867238042e+00 3.482350763123668730e+04 1.006659496388077057e+00
5.964184945842459840e+00 3.508982553084595565e+04 1.006690408511969448e+00
6.075291689016070862e+00 3.535981063137956517e+04 1.006719165673569671e+00
6.188468238624382778e+00 3.563344445446070313e+04 1.006745680693444500e+00
6.303753153071275150e+00 3.591072114652839082e+04 1.006770335376984571e+00
6.421185709064758385e+00 3.619163239733079536e+04 1.006793572237306256e+00
6.540805914998252923e+00 3.647616716884978814e+04 1.006815892251085476e+00
6.662654524581149929e+00 3.676431168828399677e+04 1.006837859668932245e+00
6.786773050723295064e+00 3.705604945961043268e+04 1.006860107162395046e+00
6.913203779678127603e+00 3.735136129628725030e+04 1.006883341330237602e+00
7.041989785449288775e+00 3.765022535267307103e+04 1.006908340262658186e+00
7.173174944465612768e+00 3.795261555061004037e+04 1.006935417415080192e+00
7.306803950529499936e+00 3.825850036150688538e+04 1.006964017526987387e+00
7.442922330043757917e+00 3.856784503405185387e+04 1.006993433161732066e+00
7.581576457522110069e+00 3.888061193015732715e+04 1.007022871866707581e+00
7.722813571388642551e+00 3.919676067622908886e+04 1.007051449367461382e+00
7.866681790071582192e+00 3.951624835487990640e+04 1.007078182302416414e+00
8.013230128396878982e+00 3.983902974305551470e+04 1.007101980710368938e+00
8.162508514287219796e+00 4.016506030290728813e+04 1.007122081111770706e+00
8.314567805772055564e+00 4.049430280826550006e+04 1.007139037158108597e+00
8.469459808314576676e+00 4.082672215598707407e+04 1.007153753597841872e+00
8.627237292461440887e+00 4.116228455229832616e+04 1.007167250734116948e+00
8.787954011821311084e+00 4.150095826100747945e+04 1.007180673828715900e+00
8.951664721378293166e+00 4.184271444884071389e+04 1.007195303167023104e+00
9.118425196146562328e+00 4.218752813675664220e+04 1.007212564830663348e+00
9.288292250172489162e+00 4.253537926677448559e+04 1.007234042228349669e+00
9.461323755890759912e+00 4.288625389458492282e+04 1.007261488439779251e+00
9.637578663841079418e+00 4.324014551901588129e+04 1.007296839432192170e+00
9.817117022752183786e+00 4.359705656029339298e+04 1.007342228214523461e+00
1.000000000000000000e+01 4.395699999999997817e+04 1.007400000000000073e+00
