# Source: PRIMAT compilation, https://doi.org/10.1016/j.physrep.2018.04.005
1.000000000000000021e-03 6.265399999999977300e-28 1.049199999999999910e+00
1.018628990244687619e-03 9.512435544436850149e-28 1.049202649861803449e+00
1.037605019766911670e-03 1.447875482106893662e-27 1.049205212755390804e+00
1.056934553557988335e-03 2.209131902246491355e-27 1.049207683952818160e+00
1.076624177045493267e-03 3.378432161354091344e-27 1.049210058636222742e+00
1.096680598336868600e-03 5.177997291068739954e-27 1.049212331902630746e+00
1.117110650504824203e-03 7.952600633406056015e-27 1.049214498769471149e+00
1.137921293915315117e-03 1.223778058416077215e-26 1.049216554180853578e+00
1.159119618598885779e-03 1.886624124847678948e-26 1.049218493014671516e+00
1.180712846666190276e-03 2.913386655626931163e-26 1.049220310090597463e+00
1.202708334768511989e-03 4.505877355192418660e-26 1.049222000179038439e+00
1.225113576604118949e-03 6.978551127028191037e-26 1.049223558011127766e+00
1.247936205471311460e-03 1.082155512161580575e-25 1.049224978289834409e+00
1.271183996869028896e-03 1.679902839098077800e-25 1.049226255702272459e+00
1.294864871145904933e-03 2.610225474779667504e-25 1.049227384933303586e+00
1.318986896198670470e-03 4.058806185096315955e-25 1.049228360680529937e+00
1.343558290220826226e-03 6.314949700139608436e-25 1.049229177670779167e+00
1.368587424502519176e-03 9.829139297855894648e-25 1.049229830678194197e+00
1.394082826282578647e-03 1.530226561985368024e-24 1.049230314544042253e+00
1.420053181653683095e-03 2.382370328733709728e-24 1.049230624198372874e+00
1.446507338521647217e-03 3.708453339907830191e-24 1.049230754683653455e+00
1.473454309619835756e-03 5.770604281695309946e-24 1.049230701180528191e+00
1.500903275579736594e-03 8.974451653263596633e-24 1.049230459035849661e+00
1.528863588058731147e-03 1.394647274236660510e-23 1.049230023793146449e+00
1.557344772926135207e-03 2.165214659032858138e-23 1.049229391225694252e+00
1.586356533508589657e-03 3.357582719952443051e-23 1.049228557372379189e+00
1.615908753895919101e-03 5.199358022131069266e-23 1.049227518576540508e+00
1.646011502308549748e-03 8.038540930732613005e-23 1.049226271528006071e+00
1.676675034527699143e-03 1.240554791577877110e-22 1.049224813308535786e+00
1.707909797389426916e-03 1.910611303392430279e-22 1.049223141440908114e+00
1.739726432343800767e-03 2.935978646761141705e-22 1.049221253941901022e+00
1.772135779080358372e-03 4.500538332445617071e-22 1.049219149379426730e+00
1.805148879221108154e-03 6.880415626672800449e-22 1.049216826934106450e+00
1.838776980082326793e-03 1.048847360282251134e-21 1.049214286465580459e+00
1.873031538506436536e-03 1.593924298525346487e-21 1.049211528583873232e+00
1.907924224765265072e-03 2.414311791071951018e-21 1.049208554726150044e+00
1.943466926536020246e-03 3.644218379209646536e-21 1.049205367239224529e+00
1.979671752951332481e-03 5.480486867173811568e-21 1.049201969468197326e+00
2.016551038724746607e-03 8.210314474200128359e-21 1.049198365851632397e+00
2.054117348353064112e-03 1.225047973524876145e-20 1.049194562023699984e+00
2.092383480396977150e-03 1.820250320435458050e-20 1.049190564923742075e+00
2.131362471841437810e-03 2.692973285047624748e-20 1.049186382913749549e+00
2.171067602537264923e-03 3.966441900802382659e-20 1.049182025904260129e+00
2.211512399725488933e-03 5.815559064111278051e-20 1.049177505489232054e+00
2.252710642645980484e-03 8.487218652639051108e-20 1.049172835090467659e+00
2.294676367231936100e-03 1.232807409125121576e-19 1.049168030112207051e+00
2.337423870891814758e-03 1.782234127322816718e-19 1.049163108106548448e+00
2.380967717380358135e-03 2.564309170030530563e-19 1.049158088950386869e+00
2.425322741760352948e-03 3.672169030945786603e-19 1.049152995034612346e+00
2.470504055456825433e-03 5.234169221884167295e-19 1.049147851466350145e+00
2.516527051405391836e-03 7.426584342962209059e-19 1.049142686285075010e+00
2.563407409296514835e-03 1.049081505923490137e-18 1.049137530693482034e+00
2.611161100917459583e-03 1.475677801606799759e-18 1.049132419304052100e+00
2.659804395593758260e-03 2.067485646357933558e-18 1.049127390402305515e+00
2.709353865732051433e-03 2.885982905463909939e-18 1.049122486227800355e+00
2.759826392466180594e-03 4.015175284672298165e-18 1.049117753273995701e+00
2.811239171408464344e-03 5.570113968278887100e-18 1.049113242608167074e+00
2.863609718508115885e-03 7.708938933949949144e-18 1.049109010212640580e+00
2.916955876018795853e-03 1.065010669812420126e-17 1.049105117348678951e+00
2.971295818577334054e-03 1.469734494435972133e-17 1.049101630944447194e+00
3.026648059395692196e-03 2.027589570787290351e-17 1.049098622353062948e+00
3.083031456568277075e-03 2.797279208824827364e-17 1.049096125991435091e+00
3.140465219496752208e-03 3.858805444614784665e-17 1.049094131193757828e+00
3.198968915434537586e-03 5.321889068859793665e-17 1.049092621658310298e+00
3.258562476153226226e-03 7.336814133177952033e-17 1.049091577182893698e+00
3.319266204733189573e-03 1.010902474314946649e-16 1.049090973306874952e+00
3.381100782480685445e-03 1.391876761121524969e-16 1.049090780927280253e+00
3.444087275973823411e-03 1.914742492396606884e-16 1.049090965887245153e+00
3.508247144239792347e-03 2.631267284261353201e-16 1.049091488535027317e+00
3.573602246065788347e-03 3.611521868084018598e-16 1.049092303251671243e+00
3.640174847446141400e-03 4.950063931414349208e-16 1.049093357945305671e+00
3.707987629168172684e-03 6.774079111295555123e-16 1.049094593509927842e+00
3.777063694539364597e-03 9.254041438797100842e-16 1.049095943246398654e+00
3.847426577258505898e-03 1.261759379880905008e-15 1.049097332243237757e+00
3.919100249433401899e-03 1.716751227543856836e-15 1.049098676714662171e+00
3.992109129748053209e-03 2.330480782706521234e-15 1.049099883293158841e+00
4.066478091781853925e-03 3.155874139171261966e-15 1.049100862949545077e+00
4.142232472483897525e-03 4.262841882256192794e-15 1.049101600542000190e+00
4.219398080805024202e-03 5.743459499481093352e-15 1.049102109588677445e+00
4.298001206490798497e-03 7.718633412350378658e-15 1.049102406148878730e+00
4.378068629038166758e-03 1.034681699338753924e-14 1.049102509020758633e+00
4.459627626819095622e-03 1.383534153084325309e-14 1.049102439979443302e+00
4.542705986374042521e-03 1.845518473055936094e-14 1.049102224032050668e+00
4.627332011878692967e-03 2.456028938657280472e-14 1.049101889690705169e+00
4.713534534786906725e-03 3.261295234866034963e-14 1.049101469264708930e+00
4.801342923653449841e-03 4.321738209386108345e-14 1.049100999173107285e+00
4.890787094139589959e-03 5.716435123610402293e-14 1.049100520278954063e+00
4.981897519205159656e-03 7.549106707256584341e-14 1.049100078246671064e+00
5.074705239490466188e-03 9.955851450745292419e-14 1.049099718781596691e+00
5.169241873891598608e-03 1.311246509643309690e-13 1.049099453959130068e+00
5.265539630332755246e-03 1.724559393923265134e-13 1.049099279250969463e+00
5.363631316739239652e-03 2.264787343244675765e-13 1.049099189150996869e+00
5.463550352214875498e-03 2.969636172551600791e-13 1.049099177167797547e+00
5.565330778427646403e-03 3.887591914152569126e-13 1.049099235738227387e+00
5.669007271207434327e-03 5.080884246755129678e-13 1.049099356134824523e+00
5.774615152359819509e-03 6.629241513405781954e-13 1.049099528366667311e+00
5.882190401699956099e-03 8.634649943755751223e-13 1.049099741073252989e+00
5.991769669310619169e-03 1.122739101207212756e-12 1.049099981410950289e+00
6.103390288028621123e-03 1.457359570494188996e-12 1.049100234249961572e+00
6.217090286163826779e-03 1.888419754494873601e-12 1.049100479142769160e+00
6.332908400455114321e-03 2.442671684599682928e-12 1.049100692163642767e+00
6.450884089267692675e-03 3.154014095726807323e-12 1.049100846719901670e+00
6.571057546036270826e-03 4.065355354685966152e-12 1.049100913343542940e+00
6.693469712958660493e-03 5.230968235377631119e-12 1.049100859468362845e+00
6.818162294944479437e-03 6.719477048743105394e-12 1.049100649192026724e+00
6.945177773823696388e-03 8.617663803885820301e-12 1.049100243022140555e+00
7.074559422819878297e-03 1.103528390029209133e-11 1.049099603740122566e+00
7.206351321293052656e-03 1.411002701568157665e-11 1.049098795489362024e+00
7.340598369757212090e-03 1.801386954296008917e-11 1.049097979375894774e+00
7.477346305177588227e-03 2.296198826301402590e-11 1.049097338095540177e+00
7.616641716552892058e-03 2.922330310065549607e-11 1.049097075017593861e+00
7.758532060787835978e-03 3.713356704931870810e-11 1.049097415811723666e+00
7.903065678861348128e-03 4.711169232191209569e-11 1.049098610186097513e+00
8.050291812295981564e-03 5.968015056719955903e-11 1.049100926291514968e+00
8.200260619934130954e-03 7.548802122294421705e-11 1.049104219429120910e+00
8.353023195026778799e-03 9.533769661466468323e-11 1.049107634709287362e+00
8.508631582640582489e-03 1.202222747685656964e-10 1.049110157151463163e+00
8.667138797389234081e-03 1.513701344357203374e-10 1.049110656557599608e+00
8.828598841495149604e-03 1.902998777273843783e-10 1.049107878454585974e+00
8.993066723187623582e-03 2.388886379753607621e-10 1.049100434436309515e+00
9.160598475443709407e-03 2.994530441502338967e-10 1.049087287034972560e+00
9.331251175078249249e-03 3.748302464208772370e-10 1.049069607929256076e+00
9.505082962189511861e-03 4.684971182935419860e-10 1.049049395571835408e+00
9.682153059967075343e-03 5.847160476416329092e-10 1.049028891628746907e+00
9.862521794868784469e-03 7.287097563068084733e-10 1.049010600443383012e+00
1.004625061717340749e-02 9.068766445978994608e-10 1.048997298105662557e+00
1.023340212191641702e-02 1.127029226892924401e-09 1.048990593759852707e+00
1.042404007021556327e-02 1.398652978140122611e-09 1.048989320219780863e+00
1.061822941099384125e-02 1.733285262825761362e-09 1.048991804998403721e+00
1.081603630310709954e-02 2.144957503171831952e-09 1.048996164916974116e+00
1.101752813788386791e-02 2.650731448285023862e-09 1.049000289264945263e+00
1.122277356208507652e-02 3.271309543574840066e-09 1.049002469312928065e+00
1.143184250129149725e-02 4.031654562189353393e-09 1.049002865350851188e+00
1.164480618372686072e-02 4.961912937507251259e-09 1.049002072091068438e+00
1.186173716452478509e-02 6.098503635076158253e-09 1.049000758601284611e+00
1.208270935044776506e-02 7.485418933969642631e-09 1.048999665612136090e+00
1.230779802506665188e-02 9.175592423679935651e-09 1.048999206633183690e+00
1.253707987440920262e-02 1.123245431246408170e-08 1.048999247359806208e+00
1.277063301308643990e-02 1.373217750153991465e-08 1.048999590321748165e+00
1.300853701090571267e-02 1.676625169355083197e-08 1.049000013734971981e+00
1.325087291997953214e-02 2.044436950038174182e-08 1.049000314269940892e+00
1.349772330233941706e-02 2.489720678885029780e-08 1.049000430650104176e+00
1.374917225806419029e-02 3.028070103292892094e-08 1.049000333356244985e+00
1.400530545393219653e-02 3.678107213559895025e-08 1.048999990259839921e+00
1.426621015260736910e-02 4.462037286315427849e-08 1.048999443006793708e+00
1.453197524236895383e-02 5.406193010899327026e-08 1.048999035011165093e+00
1.480269126739508674e-02 6.541849904075102719e-08 1.048999220886793982e+00
1.507845045861051086e-02 7.906185019351585564e-08 1.049000496924398673e+00
1.535934676510897039e-02 9.543275784293019455e-08 1.049002566263529834e+00
1.564547588616095955e-02 1.150518744254486845e-07 1.049003547078886989e+00
1.593693530381774456e-02 1.385356757209399198e-07 1.049001177901613513e+00
1.623382431612278159e-02 1.666137648398456376e-07 1.048993277990523332e+00
1.653624407094180307e-02 2.001421185921302909e-07 1.048980074247466199e+00
1.684429760042315330e-02 2.401249764237737137e-07 1.048963106219354735e+00
1.715808985610004986e-02 2.877429167201113045e-07 1.048944115273258371e+00
1.747772774464680795e-02 3.443836891982524606e-07 1.048925053877846958e+00
1.780332016430113962e-02 4.116790523084099835e-07 1.048908102523930630e+00
1.813497804196495186e-02 4.915487898995998438e-07 1.048895648370647304e+00
1.847281437099634188e-02 5.862390697782905573e-07 1.048888805239717614e+00
1.881694424970555696e-02 6.983653225813282909e-07 1.048886771060132839e+00
1.916748492056815148e-02 8.309862095632482342e-07 1.048888494254013537e+00
1.952455581016860828e-02 9.876818358312537292e-07 1.048892785244295300e+00
1.988827856988809734e-02 1.172646864854088693e-06 1.048898305091702010e+00
2.025877711735016989e-02 1.390794824339188578e-06 1.048903645259130046e+00
2.063617767863858837e-02 1.647786823192238657e-06 1.048908220627920551e+00
2.102060883130158278e-02 1.950132514223835835e-06 1.048911985344846753e+00
2.141220154815729262e-02 2.305355627372678043e-06 1.048914899828866654e+00
2.181108924191518805e-02 2.722144487418217720e-06 1.048916923368063525e+00
2.221740781062883641e-02 3.210525572219251958e-06 1.048918014113895847e+00
2.263129568399528321e-02 3.782065698813734437e-06 1.048918129077633710e+00
2.305289387051707301e-02 4.450109278710068518e-06 1.048917224129202186e+00
2.348234600554275145e-02 5.230058981918796416e-06 1.048915253998673913e+00
2.391979840020238418e-02 6.139710642693045022e-06 1.048912172280667354e+00
2.436540009125464853e-02 7.199656514753870636e-06 1.048907931441930286e+00
2.481930289186254010e-02 8.433775288583884983e-06 1.048902482832400729e+00
2.528166144331499277e-02 9.869787585377201664e-06 1.048895783088218847e+00
2.575263326771199887e-02 1.153921402235291271e-05 1.048887884092059242e+00
2.623237882163122203e-02 1.347771873953721460e-05 1.048878922547473058e+00
2.672106155079433804e-02 1.572605946261842108e-05 1.048869056921009291e+00
2.721884794575178332e-02 1.833081852329444757e-05 1.048858467437445263e+00
2.772590759860482645e-02 2.134524345810813486e-05 1.048847357879451048e+00
2.824241326078434297e-02 2.483023546579148547e-05 1.048835957512599837e+00
2.876854090190592711e-02 2.885552194455022677e-05 1.048824523143882637e+00
2.930446976972142861e-02 3.350105996610462211e-05 1.048813341322412551e+00
2.985038245118730796e-02 3.885873138305795095e-05 1.048802730691581253e+00
3.040646493467067182e-02 4.503405554626471388e-05 1.048793015672379925e+00
3.097290667331408301e-02 5.214488962039986255e-05 1.048784277944025289e+00
3.154990064958086704e-02 6.032285013019801162e-05 1.048776449398029387e+00
3.213764344100276948e-02 6.971628509265854101e-05 1.048769448418598094e+00
3.273633528715245988e-02 8.049222774805159296e-05 1.048763180264243866e+00
3.334618015786364187e-02 9.283857929355596292e-05 1.048757535936293062e+00
3.396738582272208068e-02 1.069665863380606698e-04 1.048752390967346626e+00
3.460016392185108480e-02 1.231136789191646737e-04 1.048747604124572463e+00
3.524473003801584237e-02 1.415467547463367614e-04 1.048743016022400276e+00
3.590130377007068330e-02 1.625660208773096484e-04 1.048738447638870142e+00
3.657010880777489259e-02 1.865095368283079750e-04 1.048733698729555464e+00
3.725137300800209633e-02 2.137586451343841012e-04 1.048728546132626338e+00
3.794532847236938011e-02 2.447445291864399210e-04 1.048722741958251881e+00
3.865221162631261864e-02 2.799562071746738881e-04 1.048716011655156155e+00
3.937226329963479377e-02 3.199503597087649423e-04 1.048708051946734887e+00
4.010572880855495931e-02 3.653634775472477903e-04 1.048698528876105485e+00
4.085285803928561527e-02 4.169117409774100247e-04 1.048687204061625744e+00
4.161390553316707264e-02 4.753677212761655614e-04 1.048674165315390150e+00
4.238913057338778573e-02 5.415857242038917604e-04 1.048659574872138345e+00
4.317879727332021161e-02 6.165155077470718063e-04 1.048643619554051609e+00
4.398317466650223523e-02 7.012124155909489100e-04 1.048626512847964376e+00
4.480253679829489938e-02 7.968489063858487115e-04 1.048608497128341366e+00
4.563716281924758839e-02 9.047278134244463163e-04 1.048589846035536066e+00
4.648733708020256344e-02 1.026297766254689057e-03 1.048570867019471997e+00
4.735334922917116413e-02 1.163171328410678379e-03 1.048551904059567441e+00
4.823549431001467047e-02 1.317146560331833608e-03 1.048533340572434636e+00
4.913407286296361809e-02 1.490232911991919021e-03 1.048515602519669576e+00
5.004939102700953213e-02 1.684682593250793605e-03 1.048499161711573313e+00
5.098176064420424647e-02 1.902998959463112405e-03 1.048484403532474740e+00
5.193149936590212012e-02 2.147875924028467502e-03 1.048471275174698958e+00
5.289893076098151070e-02 2.422262277543085415e-03 1.048459606477528450e+00
5.388438442608223938e-02 2.729405823848288920e-03 1.048449201097132244e+00
5.488819609789671872e-02 3.072885975923642706e-03 1.048439834269561111e+00
5.591070776755290017e-02 3.456652108364336763e-03 1.048431250416209215e+00
5.695226779712821846e-02 3.885069199102849334e-03 1.048423160581764657e+00
5.801323103833375128e-02 4.362972703518025637e-03 1.048415239694115764e+00
5.909395895340967958e-02 4.895735116611108807e-03 1.048407123635084037e+00
6.019481973827271043e-02 5.489346939475386357e-03 1.048398406592877752e+00
6.131618844795772016e-02 6.150386980318730580e-03 1.048388784125910522e+00
6.245844712439614643e-02 6.885839893388542333e-03 1.048378280126599060e+00
6.362198492657485105e-02 7.703302868066257310e-03 1.048366978605307587e+00
6.480719826311967524e-02 8.611085427924530106e-03 1.048354976131362193e+00
6.601449092734885948e-02 9.618286752495456768e-03 1.048342382890265601e+00
6.724427423484245769e-02 1.073488785225835788e-02 1.048329323814939151e+00
6.849696716357443760e-02 1.197186256145777242e-02 1.048315939795787077e+00
6.977299649665534564e-02 1.334131232104529899e-02 1.048302388974678312e+00
7.107279696773415034e-02 1.485655471392486986e-02 1.048288826537305818e+00
7.239681140910873836e-02 1.653176099103124616e-02 1.048275273369204896e+00
7.374549090259549522e-02 1.838215935185351368e-02 1.048261686783199087e+00
7.511929493320965157e-02 2.042432844302861927e-02 1.048248018458677766e+00
7.651869154570821452e-02 2.267635112076951676e-02 1.048234214199654124e+00
7.794415750404946885e-02 2.515799973156135003e-02 1.048220213457236261e+00
7.939617845382279659e-02 2.789096202758371834e-02 1.048205948819100453e+00
8.087524908770453436e-02 3.089906442144715187e-02 1.048191348605296502e+00
8.238187331399605962e-02 3.420768157812476701e-02 1.048176383889554808e+00
8.391656442830157381e-02 3.784371748841899169e-02 1.048161064206080129e+00
8.547984528840409102e-02 4.183630328849195085e-02 1.048145402159105899e+00
8.707224849239916797e-02 4.621706671097182417e-02 1.048129412566184193e+00
8.869431656014709064e-02 5.102044100603532473e-02 1.048113112645206568e+00
9.034660211810524588e-02 5.628404040822956866e-02 1.048096522162181188e+00
9.202966808760409956e-02 6.204841595240839086e-02 1.048079653410546097e+00
9.374408787662991127e-02 6.835620601133989005e-02 1.048062497513233549e+00
9.549044557518077125e-02 7.525329415151506274e-02 1.048045041891707108e+00
9.726933615426168467e-02 8.278936921024317164e-02 1.048027272992200221e+00
9.908136566858666283e-02 9.101841785885445013e-02 1.048009176213025029e+00
1.009271514630570854e-01 9.999924810919513796e-02 1.047990736095081532e+00
1.028073223830864719e-01 1.097941008168135946e-01 1.047971942341358265e+00
1.047225189888434382e-01 1.204681675645368627e-01 1.047952790625814368e+00
1.066733937734857113e-01 1.320914638649312856e-01 1.047933277068428870e+00
1.086606113854596822e-01 1.447394810321098180e-01 1.047913397997092710e+00
1.106848488549412035e-01 1.584938783589528721e-01 1.047893149942924707e+00
1.127467958244946084e-01 1.734419193755351307e-01 1.047872527937017795e+00
1.148471547840289042e-01 1.896757745708737009e-01 1.047851524319843408e+00
1.169866413101306873e-01 2.072946947423918163e-01 1.047830130973961493e+00
1.191659843098558796e-01 2.264061778242641432e-01 1.047808339529999744e+00
1.213859262690627772e-01 2.471268245362995553e-01 1.047786141422377471e+00
1.236472235053715091e-01 2.695778583459800815e-01 1.047763528772802655e+00
1.259506464258357550e-01 2.938851447941226436e-01 1.047740494243097231e+00
1.282969797894147612e-01 3.201831559218922263e-01 1.047717030413342965e+00
1.306870229743346268e-01 3.486161153257659184e-01 1.047693129764538877e+00
1.331215902504307713e-01 3.793375645284524089e-01 1.047668784352242310e+00
1.356015110565633452e-01 4.125094555302125654e-01 1.047643985501925945e+00
1.381276302832009362e-01 4.483054782370379798e-01 1.047618724276909941e+00
1.407008085602685088e-01 4.869130703544079508e-01 1.047592991534504359e+00
1.433219225503573890e-01 5.285304196437808910e-01 1.047566778619565930e+00
1.459918652473978506e-01 5.733612945168546915e-01 1.047540078064365998e+00
1.487115462808953625e-01 6.216223653203568622e-01 1.047512882550373892e+00
1.514818922258345801e-01 6.735457563137967618e-01 1.047485184563922367e+00
1.543038469183564687e-01 7.293764333639171094e-01 1.047456972039665368e+00
1.571783717773162781e-01 7.893727745911428562e-01 1.047428228110582005e+00
1.601064461318317811e-01 8.538124059670691990e-01 1.047398934740412013e+00
1.630890675549332702e-01 9.229898350381652294e-01 1.047369076817535660e+00
1.661272522034293042e-01 9.972007569294404350e-01 1.047338653345300630e+00
1.692220351641037235e-01 1.076753459392349122e+00 1.047307667667479292e+00
1.723744708063619790e-01 1.161974701076912142e+00 1.047276124520491347e+00
1.755856331414468730e-01 1.253212431451053321e+00 1.047244030155267902e+00
1.788566161883461958e-01 1.350839233054510480e+00 1.047211392467601199e+00
1.821885343465165230e-01 1.455254953991613531e+00 1.047178217303650571e+00
1.855825227755517060e-01 1.566870324423363048e+00 1.047144464149372345e+00
1.890397377819219571e-01 1.686109756845322938e+00 1.047110055938547335e+00
1.925613572129196704e-01 1.813426240221321706e+00 1.047074907214391892e+00
1.961485808579429280e-01 1.949306663464025480e+00 1.047038924069199295e+00
1.998026308572548593e-01 2.094278181692534879e+00 1.047002003496193323e+00
2.035247521183575770e-01 2.248900098154744231e+00 1.046964059494144728e+00
2.073162127401229071e-01 2.413699964013157562e+00 1.046925127972991865e+00
2.111783044448242164e-01 2.589205782755855889e+00 1.046885290446493810e+00
2.151123430182164953e-01 2.775966025377131885e+00 1.046844639981097336e+00
2.191196687578147451e-01 2.974552280069237220e+00 1.046803282139126212e+00
2.232016469295232397e-01 3.185562804565522210e+00 1.046761335992158148e+00
2.273596682327715113e-01 3.409627192211496016e+00 1.046718935204089096e+00
2.315951492743152096e-01 3.647412394776574196e+00 1.046676229188353124e+00
2.359095330508633737e-01 3.899630385009434708e+00 1.046633384344053175e+00
2.403042894406967056e-01 4.167047788699378863e+00 1.046590585376057092e+00
2.447809157044440187e-01 4.450497871333946698e+00 1.046548036704435081e+00
2.493409369951877785e-01 4.750895330757867185e+00 1.046505963968962893e+00
2.539859068780723761e-01 5.069223406790798414e+00 1.046464575375565031e+00
2.587174078595921300e-01 5.406364976846274928e+00 1.046423843563139000e+00
2.635370519267393186e-01 5.763168003225056069e+00 1.046383633584057060e+00
2.684464810961962322e-01 6.140509960019277180e+00 1.046343790839610266e+00
2.734473679737579599e-01 6.539303331745329295e+00 1.046304139612554085e+00
2.785414163241766161e-01 6.960502714704903227e+00 1.046264481301840243e+00
2.837303616516211324e-01 7.405114011313721711e+00 1.046224592534193532e+00
2.890159717909508430e-01 7.874206131097711392e+00 1.046184223144766223e+00
2.944000475100033709e-01 8.368925675630297434e+00 1.046143094018664454e+00
2.998844231231027613e-01 8.890515159221187957e+00 1.046100894784674606e+00
3.054709671159968054e-01 9.440279557933067167e+00 1.046057348346382199e+00
3.111615827824359970e-01 1.001938953355642958e+01 1.046012442139357956e+00
3.169582088726115021e-01 1.062899992151260165e+01 1.045966245995615829e+00
3.228628202536730218e-01 1.127031212834809537e+01 1.045918841199210636e+00
3.288774285825510346e-01 1.194458623885378046e+01 1.045870321452731400e+00
3.350040829913132900e-01 1.265315645347224915e+01 1.045820793911931057e+00
3.412448707852889229e-01 1.339745046202162371e+01 1.045770380292209589e+00
3.476019181541977754e-01 1.417901344792206508e+01 1.045719218051577970e+00
3.540773908965269556e-01 1.499951703198329511e+01 1.045667447991187826e+00
3.606734951574028236e-01 1.586050886145785022e+01 1.045615038836582356e+00
3.673924781802074269e-01 1.676341677383636508e+01 1.045561817095819857e+00
3.742366290721980682e-01 1.770972445192187550e+01 1.045507587004470107e+00
3.812082795843887983e-01 1.870099353124385999e+01 1.045452131764870174e+00
3.883098049059605095e-01 1.973888646730077667e+01 1.045395211900672416e+00
3.955436244734701345e-01 2.082519490455347366e+01 1.045336563500154803e+00
4.029122027951347884e-01 2.196186828880145114e+01 1.045275906150740841e+00
4.104180502904709038e-01 2.315078906556648874e+01 1.045213340954757486e+00
4.180637241455757991e-01 2.439361509721662102e+01 1.045149541858877651e+00
4.258518291843414461e-01 2.569205283384620842e+01 1.045085303175274261e+00
4.337850187558989212e-01 2.704790262756866781e+01 1.045021511216851051e+00
4.418659956385941334e-01 2.846308911965002508e+01 1.044959151554519350e+00
4.500975129608046355e-01 2.993969865461955493e+01 1.044899316776752185e+00
4.584823751389096036e-01 3.147991586204696546e+01 1.044842856917336915e+00
4.670234388327330621e-01 3.308569767788091553e+01 1.044789285033729032e+00
4.757236139187884794e-01 3.475902252920612767e+01 1.044737691241037991e+00
4.845858644816490868e-01 3.650201384507354874e+01 1.044687049426405778e+00
4.936132098237911991e-01 3.831698489724195156e+01 1.044636207752673851e+00
5.028087254942474882e-01 4.020648762122502973e+01 1.044583886215439739e+00
5.121755443364236493e-01 4.217293616263239642e+01 1.044529254448833377e+00
5.217168575554343990e-01 4.421818415966321680e+01 1.044472419954425746e+00
5.314359158053235666e-01 4.634406306280452270e+01 1.044413610394710590e+00
5.413360302965375404e-01 4.855247213850385890e+01 1.044353085542195636e+00
5.514205739240296555e-01 5.084541441044374466e+01 1.044291139929024226e+00
5.616929824163804374e-01 5.322504119684083435e+01 1.044228105680576890e+00
5.721567555063246102e-01 5.569370651438988062e+01 1.044164355545076361e+00
5.828154581230839959e-01 5.825403277483233921e+01 1.044100306132025535e+00
5.936727216069119795e-01 6.090898938408572860e+01 1.044036421373173429e+00
6.047322449462643190e-01 6.366195827492929027e+01 1.043973208148613052e+00
6.159977960380161877e-01 6.651586085582444241e+01 1.043910948754888990e+00
6.274732129711574347e-01 6.947268405968223703e+01 1.043849604341967607e+00
6.391624053343999412e-01 7.253441561198367538e+01 1.043789103916648475e+00
6.510693555481454897e-01 7.570315148396483096e+01 1.043729362450524389e+00
6.631981202212668958e-01 7.898114997172655194e+01 1.043670279605761531e+00
6.755528315331639222e-01 8.237089741612604143e+01 1.043611738368665387e+00
6.881376986415662644e-01 8.587518716601348956e+01 1.043553603585056999e+00
7.009570091165617800e-01 8.949721343955232555e+01 1.043495720417951800e+00
7.140151304013395706e-01 9.324021865123378916e+01 1.043437996791626077e+00
7.273165113001454074e-01 9.710636310226334444e+01 1.043380604410020451e+00
7.408656834939559843e-01 1.010976573295465073e+02 1.043323788520826412e+00
7.546672630843886953e-01 1.052162845421238302e+02 1.043267818496172117e+00
7.687259521663728501e-01 1.094646768871223372e+02 1.043212989619820563e+00
7.830465404301183430e-01 1.138456066589244671e+02 1.043159624993098999e+00
7.976339067929273385e-01 1.183622943940114141e+02 1.043108077567176606e+00
8.124930210614047521e-01 1.230182793765112876e+02 1.043058642012481219e+00
8.276289456246344045e-01 1.278159671725469906e+02 1.043011031849874870e+00
8.430468371788967241e-01 1.327573270570124464e+02 1.042964668598381328e+00
8.587519484845170803e-01 1.378445568097203591e+02 1.042918898681407969e+00
8.747496301554414933e-01 1.430801796171941476e+02 1.042872987941540597e+00
8.910453324821513421e-01 1.484671568769949488e+02 1.042826115124063868e+00
9.076446072885356875e-01 1.540089845219883671e+02 1.042777389288458645e+00
9.245531098233570333e-01 1.597087834372690338e+02 1.042726527947901660e+00
9.417766006869519035e-01 1.655689839101092105e+02 1.042674032762921366e+00
9.593209477938241525e-01 1.715923700996366392e+02 1.042620512184868176e+00
9.771921283717996953e-01 1.777822674452051785e+02 1.042566647727216189e+00
9.953962309984233370e-01 1.841426959876344540e+02 1.042513199785720879e+00
1.013939457675291811e+00 1.906782001542522664e+02 1.042460954694878428e+00
1.032828125941028574e+00 1.973910863323055480e+02 1.042410254434069650e+00
1.052068671023622892e+00 2.042822765529932383e+02 1.042361192594197794e+00
1.071667648032863296e+00 2.113527388489756618e+02 1.042313862890813070e+00
1.091631734193614811e+00 2.186035825093512415e+02 1.042268361256952769e+00
1.111967731120699021e+00 2.260361578931006648e+02 1.042224785794878539e+00
1.132682567136153784e+00 2.336521749001076671e+02 1.042183236717445505e+00
1.153783299629660863e+00 2.414538422702223386e+02 1.042143816278199964e+00
1.175277117462945276e+00 2.494440301036366918e+02 1.042106628689238423e+00
1.197171343418965694e+00 2.576264582617523047e+02 1.042071780025795924e+00
1.219473436696737023e+00 2.660059136302534739e+02 1.042039378116452086e+00
1.242190995452616242e+00 2.745884996224382917e+02 1.042009532417771167e+00
1.265331759388941713e+00 2.833814995707895719e+02 1.041982359063389207e+00
1.288903612390891462e+00 2.923886965250686671e+02 1.041958039559430782e+00
1.312914585212463958e+00 3.016110567596884948e+02 1.041936807158168943e+00
1.337372858212495075e+00 3.110496854442979497e+02 1.041918910087298533e+00
1.362286764141645401e+00 3.207059967674222776e+02 1.041904611686635729e+00
1.387664790981307128e+00 3.305818506307843450e+02 1.041894191278038173e+00
1.413515584835394190e+00 3.406797123134612093e+02 1.041887945085376632e+00
1.439847952876006643e+00 3.510028376842703892e+02 1.041886187207507586e+00
1.466670866343967150e+00 3.615554868222216669e+02 1.041889250647387577e+00
1.493993463605256311e+00 3.723431692430631301e+02 1.041897488400663541e+00
1.521825053264385552e+00 3.833723075899216042e+02 1.041911247431663634e+00
1.550175117335768737e+00 3.946459267967854316e+02 1.041930675562439790e+00
1.579053314474174297e+00 4.061653692976393586e+02 1.041955810548390593e+00
1.608469483265355215e+00 4.179324513177692779e+02 1.041986672272296799e+00
1.638433645577983100e+00 4.299496468859694005e+02 1.042023261422484026e+00
1.668956009978023181e+00 4.422202862767210263e+02 1.042065557458416114e+00
1.700046975206716438e+00 4.547487843309160667e+02 1.042113516420284380e+00
1.731717133723352786e+00 4.675409019563250013e+02 1.042167068572064315e+00
1.763977275314043469e+00 4.806039449637723919e+02 1.042226122947241818e+00
1.796838390767719229e+00 4.939437510547364241e+02 1.042290795676353854e+00
1.830311675620611256e+00 5.075633857200763828e+02 1.042361488921088597e+00
1.864408533970485227e+00 5.214665562298365558e+02 1.042438648596220929e+00
1.899140582361933616e+00 5.356580559507883663e+02 1.042522750291070777e+00
1.934519653744044332e+00 5.501440250092618953e+02 1.042614301146064237e+00
1.970557801501798378e+00 5.649322477370499200e+02 1.042713841846184097e+00
2.007267303562568106e+00 5.800324767001103510e+02 1.042821948656515341e+00
2.044660666579115826e+00 5.954534666447531208e+02 1.042939216999394736e+00
2.082750630190514318e+00 6.111980322641136354e+02 1.043066237031303523e+00
2.121550171362450055e+00 6.272685063039867828e+02 1.043203628392519233e+00
2.161072508808376647e+00 6.436678381104263735e+02 1.043352047743450584e+00
2.201331107493030181e+00 6.603997888570733039e+02 1.043512190959412722e+00
2.242339683219845003e+00 6.774691565715428396e+02 1.043684795458264425e+00
2.284112207303823361e+00 6.948820342372537198e+02 1.043870642669363580e+00
2.326662911331458083e+00 7.126461046122087737e+02 1.044070560652898383e+00
2.370006292009327886e+00 7.307709758395191102e+02 1.044285426879280276e+00
2.414157116103017753e+00 7.492685624432458553e+02 1.044516171178972774e+00
2.459130425468043946e+00 7.681535169298799701e+02 1.044763778873876392e+00
2.504941542174502267e+00 7.874437144177327355e+02 1.045029293979740315e+00
2.551606073727183954e+00 8.071566657389062129e+02 1.045313683844065977e+00
2.599139918382932901e+00 8.273006825254880141e+02 1.045617549825256898e+00
2.647559270567066747e+00 8.478830014558502626e+02 1.045941421077642319e+00
2.696880626390692370e+00 8.689119674010943299e+02 1.046285822112945185e+00
2.747120789270811603e+00 8.903972843628260989e+02 1.046651270939339184e+00
2.798296875655115645e+00 9.123503026745248690e+02 1.047038277021628438e+00
2.850426320853434614e+00 9.347843466434056836e+02 1.047447339048624970e+00
2.903526884977813971e+00 9.577150873243590468e+02 1.047878942492798560e+00
2.957616658993253544e+00 9.811609657260684116e+02 1.048333556946200229e+00
3.012714070881164385e+00 1.005143643955640187e+03 1.048811634673882942e+00
3.068837891917642224e+00 1.029684053909407567e+03 1.049313831738380998e+00
3.126007243068700259e+00 1.054796776787959743e+03 1.049841282335094661e+00
3.184241601504649744e+00 1.080497032283212320e+03 1.050395235345050304e+00
3.243560807235807975e+00 1.106802023298009999e+03 1.050977003633656981e+00
3.303985069871854918e+00 1.133731293408151259e+03 1.051587967545481339e+00
3.365534975507090909e+00 1.161307133606937214e+03 1.052229578607282834e+00
3.428231493733967294e+00 1.189555044308015795e+03 1.052903363453160601e+00
3.492095984787267682e+00 1.218504259401092440e+03 1.053610927986702972e+00
3.557150206821382277e+00 1.248186857027827273e+03 1.054353915440658929e+00
3.623416323323146226e+00 1.278630547312211775e+03 1.055133775657034478e+00
3.690916910662774608e+00 1.309863081255643237e+03 1.055951911651564323e+00
3.759674965785463563e+00 1.341915478207019305e+03 1.056809771845269141e+00
3.829713914046277257e+00 1.374822537956849601e+03 1.057708851368476699e+00
3.901057617190989202e+00 1.408623417492403860e+03 1.058650693252924713e+00
3.973730381485604202e+00 1.443362285070729058e+03 1.059636889632458390e+00
4.047756965997318268e+00 1.479088122509593859e+03 1.060669077865737497e+00
4.123162591029748469e+00 1.515843751327677182e+03 1.061748879871756035e+00
4.199972946715301525e+00 1.553667511398446322e+03 1.062877914925646206e+00
4.278214201767612579e+00 1.592600847752455138e+03 1.064057840600117988e+00
4.357913012397025554e+00 1.632688912105526242e+03 1.065290353553738800e+00
4.439096531392166867e+00 1.673981072863914051e+03 1.066577189363999256e+00
4.521792417370697592e+00 1.716531494116171189e+03 1.067920122237979941e+00
4.606028844202397998e+00 1.760399792690807999e+03 1.069320964586830014e+00
4.691834510607794329e+00 1.805651783667917016e+03 1.070781566448966826e+00
4.779238649935595440e+00 1.852360326270207224e+03 1.072303814745463546e+00
4.868271040122278848e+00 1.900606283871068626e+03 1.073889632349535272e+00
4.958962013837211913e+00 1.950479614002326116e+03 1.075540976950322580e+00
5.051342468816761411e+00 2.002079751450650974e+03 1.077259851048337547e+00
5.145443878390924652e+00 2.055501329918418378e+03 1.079048502198685977e+00
5.241298302206056192e+00 2.110833431948192811e+03 1.080909424601057545e+00
5.338938397147350301e+00 2.168171912649230308e+03 1.082845198931917663e+00
5.438397428464796235e+00 2.227620657835108432e+03 1.084858488694710577e+00
5.539709281106400596e+00 2.289292524930509899e+03 1.086952042375806116e+00
5.642908471262536807e+00 2.353310407121202843e+03 1.089128695609401731e+00
5.748030158125351008e+00 2.419808437963103188e+03 1.091391373345034665e+00
5.855110155867238042e+00 2.488933356329263006e+03 1.093743092010421636e+00
5.964184945842459840e+00 2.560846054708292286e+03 1.096186961661291814e+00
6.075291689016070862e+00 2.635722082198788939e+03 1.098726118888384118e+00
6.188468238624382778e+00 2.713739648019354263e+03 1.101362986714036873e+00
6.303753153071275150e+00 2.795083292367369268e+03 1.104099458474955275e+00
6.421185709064758385e+00 2.879953257406743433e+03 1.106937338175686625e+00
6.540805914998252923e+00 2.968567401723715648e+03 1.109878332986100391e+00
6.662654524581149929e+00 3.061163216578351694e+03 1.112924036781398840e+00
6.786773050723295064e+00 3.158000109122252525e+03 1.116075912022516992e+00
6.913203779678127603e+00 3.259361991973030854e+03 1.119335269830769919e+00
7.041989785449288775e+00 3.365560071645774315e+03 1.122703255883717555e+00
7.173174944465612768e+00 3.476925846284986164e+03 1.126181335231884351e+00
7.306803950529499936e+00 3.593805076507050217e+03 1.129771660630675578e+00
7.442922330043757917e+00 3.716573164943205484e+03 1.133476389359113767e+00
7.581576457522110069e+00 3.845639963297043778e+03 1.137297600719566315e+00
7.722813571388642551e+00 3.981453730196254583e+03 1.141237280604479043e+00
7.866681790071582192e+00 4.124505621465794320e+03 1.145297304448176234e+00
8.013230128396878982e+00 4.275334790641670224e+03 1.149479418242530082e+00
8.162508514287219796e+00 4.434527665473588968e+03 1.153784892399529971e+00
8.314567805772055564e+00 4.602707980087859141e+03 1.158213752988162426e+00
8.469459808314576676e+00 4.780555209222800841e+03 1.162765446191400986e+00
8.627237292461440887e+00 4.968814808522825842e+03 1.167438970227048234e+00
8.787954011821311084e+00 5.168306024768847237e+03 1.172232824180484911e+00
8.951664721378293166e+00 5.379930786217937566e+03 1.177144952255139598e+00
9.118425196146562328e+00 5.604683843134514973e+03 1.182172683105023658e+00
9.288292250172489162e+00 5.843664358654314128e+03 1.187312663900946141e+00
9.461323755890759912e+00 6.098089186085847359e+03 1.192560788771438895e+00
9.637578663841079418e+00 6.369308111899569667e+03 1.197912121251678563e+00
9.817117022752183786e+00 6.658821395561850295e+03 1.203360810369701106e+00
1.000000000000000000e+01 6.968300000000001091e+03 1.208900000000000086e+00
