# Source: PRIMAT compilation, https://doi.org/10.1016/j.physrep.2018.04.005
1.000000000000000021e-03 1.997999999999998436e-07 1.006000000000000005e+00
1.018628990244687619e-03 2.512618433090549558e-07 1.005999999672827272e+00
1.037605019766911670e-03 3.164139349675334317e-07 1.005999999358532904e+00
1.056934553557988335e-03 3.989858169215424827e-07 1.005999999057689553e+00
1.076624177045493267e-03 5.037391285998254250e-07 1.005999998770871429e+00
1.096680598336868600e-03 6.367553951739725901e-07 1.005999998498652737e+00
1.117110650504824203e-03 8.058039616411922393e-07 1.005999998241605686e+00
1.137921293915315117e-03 1.020812136161023305e-06 1.005999998000298934e+00
1.159119618598885779e-03 1.294465532488544638e-06 1.005999997775295363e+00
1.180712846666190276e-03 1.642974053069596660e-06 1.005999997567150528e+00
1.202708334768511989e-03 2.087048296960636110e-06 1.005999997376408439e+00
1.225113576604118949e-03 2.653142853073411048e-06 1.005999997203601115e+00
1.247936205471311460e-03 3.375037482041571632e-06 1.005999997049243477e+00
1.271183996869028896e-03 4.295845235008883148e-06 1.005999996913832017e+00
1.294864871145904933e-03 5.470558856858899473e-06 1.005999996797840135e+00
1.318986896198670470e-03 6.969274255547824295e-06 1.005999996701714583e+00
1.343558290220826226e-03 8.881263408115359350e-06 1.005999996625871695e+00
1.368587424502519176e-03 1.132010998342999177e-05 1.005999996570692945e+00
1.394082826282578647e-03 1.443017050469332873e-05 1.005999996536519614e+00
1.420053181653683095e-03 1.839468350409662075e-05 1.005999996523648132e+00
1.446507338521647217e-03 2.344592041242577317e-05 1.005999996532324081e+00
1.473454309619835756e-03 2.987785654131661209e-05 1.005999996562737087e+00
1.500903275579736594e-03 3.806194015681664241e-05 1.005999996615012604e+00
1.528863588058731147e-03 4.846665397772739959e-05 1.005999996689206366e+00
1.557344772926135207e-03 6.168169800010782106e-05 1.005999996785296613e+00
1.586356533508589657e-03 7.844777664275621261e-05 1.005999996903175209e+00
1.615908753895919101e-03 9.969314773456796936e-05 1.005999997042638983e+00
1.646011502308549748e-03 1.265782861938692422e-04 1.005999997203381735e+00
1.676675034527699143e-03 1.605502310666656921e-04 1.005999997384981803e+00
1.707909797389426916e-03 2.034084197688003413e-04 1.005999997586892958e+00
1.739726432343800767e-03 2.573840659158339221e-04 1.005999997808432411e+00
1.772135779080358372e-03 3.252354041932176316e-04 1.005999998048767718e+00
1.805148879221108154e-03 4.103614038784762731e-04 1.005999998306903453e+00
1.838776980082326793e-03 5.169368383058338878e-04 1.005999998581667665e+00
1.873031538506436536e-03 6.500718879002885617e-04 1.005999998871695444e+00
1.907924224765265072e-03 8.159997485699012473e-04 1.005999999175412718e+00
1.943466926536020246e-03 1.022296018365220381e-03 1.005999999491019370e+00
1.979671752951332481e-03 1.278133953190504915e-03 1.005999999816469037e+00
2.016551038724746607e-03 1.594580037054230516e-03 1.006000000149449791e+00
2.054117348353064112e-03 1.984934738898009015e-03 1.006000000487361934e+00
2.092383480396977150e-03 2.465123882303895363e-03 1.006000000827295571e+00
2.131362471841437810e-03 3.054146820308724364e-03 1.006000001166005298e+00
2.171067602537264923e-03 3.774588706025102259e-03 1.006000001499884000e+00
2.211512399725488933e-03 4.653205749196653168e-03 1.006000001824934875e+00
2.252710642645980484e-03 5.721594678025068367e-03 1.006000002136741234e+00
2.294676367231936100e-03 7.016960989645820192e-03 1.006000002430433860e+00
2.337423870891814758e-03 8.583005372776121925e-03 1.006000002700657259e+00
2.380967717380358135e-03 1.047095444609938766e-02 1.006000002941533689e+00
2.425322741760352948e-03 1.274077135809420676e-02 1.006000003146622523e+00
2.470504055456825433e-03 1.546259472985152955e-02 1.006000003308880286e+00
2.516527051405391836e-03 1.871847206721113932e-02 1.006000003420615352e+00
2.563407409296514835e-03 2.260447769164148149e-02 1.006000003473440874e+00
2.611161100917459583e-03 2.723333756992078747e-02 1.006000003458224601e+00
2.659804395593758260e-03 3.273772710036532835e-02 1.006000003365035367e+00
2.709353865732051433e-03 3.927446706702007739e-02 1.006000003183085356e+00
2.759826392466180594e-03 4.702992349676245187e-02 1.006000002900669932e+00
2.811239171408464344e-03 5.622702758296881792e-02 1.006000002505101909e+00
2.863609718508115885e-03 6.713448469113912631e-02 1.006000001982644054e+00
2.916955876018795853e-03 8.007895530367716008e-02 1.006000001318433590e+00
2.971295818577334054e-03 9.546129342101464244e-02 1.006000000496406255e+00
3.026648059395692196e-03 1.137771595574789268e-01 1.005999999500237108e+00
3.083031456568277075e-03 1.356092259445103587e-01 1.005999998339146551e+00
3.140465219496752208e-03 1.616219566055434875e-01 1.005999997053144579e+00
3.198968915434537586e-03 1.925982495459437338e-01 1.005999995688804605e+00
3.258562476153226226e-03 2.294605793221664580e-01 1.005999994298411471e+00
3.319266204733189573e-03 2.732936912594031709e-01 1.005999992940421972e+00
3.381100782480685445e-03 3.253703738513066268e-01 1.005999991679955130e+00
3.444087275973823411e-03 3.871805651394337189e-01 1.005999990589317550e+00
3.508247144239792347e-03 4.604640265176158653e-01 1.005999989748564083e+00
3.573602246065788347e-03 5.472467802306356655e-01 1.005999989246096238e+00
3.640174847446141400e-03 6.498814519193570893e-01 1.005999989179301446e+00
3.707987629168172684e-03 7.710915840206862271e-01 1.005999989655234295e+00
3.777063694539364597e-03 9.140198870298181788e-01 1.005999990791344834e+00
3.847426577258505898e-03 1.082280271493168300e+00 1.005999992716254177e+00
3.919100249433401899e-03 1.280013352966294482e+00 1.005999995570581618e+00
3.992109129748053209e-03 1.511944945268117513e+00 1.005999999507828591e+00
4.066478091781853925e-03 1.783463386151743491e+00 1.006000004631631972e+00
4.142232472483897525e-03 2.100789771131033046e+00 1.006000010691462609e+00
4.219398080805024202e-03 2.471075404987053581e+00 1.006000017276214464e+00
4.298001206490798497e-03 2.902511204040340687e+00 1.006000023924689568e+00
4.378068629038166758e-03 3.404481578776048512e+00 1.006000030121690703e+00
4.459627626819095622e-03 3.987747638606146783e+00 1.006000035293730388e+00
4.542705986374042521e-03 4.664667642056225638e+00 1.006000038804446772e+00
4.627332011878692967e-03 5.449465112789534160e+00 1.006000039949709102e+00
4.713534534786906725e-03 6.358558286187615316e+00 1.006000037952390569e+00
4.801342923653449841e-03 7.410968818184347384e+00 1.006000031956787888e+00
4.890787094139589959e-03 8.628833324816922001e+00 1.006000021022668056e+00
4.981897519205159656e-03 1.003804881100609059e+01 1.006000004118915880e+00
5.074705239490466188e-03 1.166885432458317950e+01 1.005999980455668519e+00
5.169241873891598608e-03 1.355484973402166560e+01 1.005999951723071550e+00
5.265539630332755246e-03 1.573362220881263340e+01 1.005999920990183538e+00
5.363631316739239652e-03 1.824784619866956348e+01 1.005999891697609172e+00
5.463550352214875498e-03 2.114591760843424595e+01 1.005999867681979909e+00
5.565330778427646403e-03 2.448266444590474222e+01 1.005999853207267369e+00
5.669007271207434327e-03 2.832015097476753596e+01 1.005999852998230359e+00
5.774615152359819509e-03 3.272859340809839068e+01 1.005999872276133855e+00
5.882190401699956099e-03 3.778741029709016885e+01 1.005999916796882721e+00
5.991769669310619169e-03 4.358643741551050255e+01 1.005999992891721373e+00
6.103390288028621123e-03 5.022717454011787197e+01 1.006000104156629105e+00
6.217090286163826779e-03 5.782348820046432536e+01 1.006000237219689009e+00
6.332908400455114321e-03 6.650344117068942751e+01 1.006000371525571868e+00
6.450884089267692675e-03 7.641137846741926865e+01 1.006000484110205484e+00
6.571057546036270826e-03 8.771016053858843975e+01 1.006000549411155687e+00
6.693469712958660493e-03 1.005838199271497615e+02 1.006000539063240273e+00
6.818162294944479437e-03 1.152407528276033872e+02 1.006000421680247836e+00
6.945177773823696388e-03 1.319175887959144688e+02 1.006000162621879745e+00
7.074559422819878297e-03 1.508834474848073341e+02 1.005999728439537222e+00
7.206351321293052656e-03 1.724366285603609299e+02 1.005999162657523538e+00
7.340598369757212090e-03 1.969055341090842148e+02 1.005998582359282079e+00
7.477346305177588227e-03 2.246572099814760293e+02 1.005998120459088652e+00
7.616641716552892058e-03 2.561022485017958843e+02 1.005997924946796074e+00
7.758532060787835978e-03 2.917003176477129500e+02 1.005998160074962344e+00
7.903065678861348128e-03 3.319666793255727839e+02 1.005999007627077058e+00
8.050291812295981564e-03 3.774798213380866514e+02 1.006000662895264020e+00
8.200260619934130954e-03 4.288822431582497074e+02 1.006003023524209894e+00
8.353023195026778799e-03 4.868792879411138870e+02 1.006005475002030414e+00
8.508631582640582489e-03 5.522541769994892320e+02 1.006007287571090592e+00
8.667138797389234081e-03 6.258782778212622588e+02 1.006007648623278516e+00
8.828598841495149604e-03 7.087222502603016210e+02 1.006005656183771357e+00
8.993066723187623582e-03 8.018693117970638014e+02 1.006000311959935223e+00
9.160598475443709407e-03 9.065262060085600524e+02 1.005991167365747341e+00
9.331251175078249249e-03 1.024018103323519654e+03 1.005980782281740149e+00
9.505082962189511861e-03 1.155811682168385005e+03 1.005972907948466277e+00
9.682153059967075343e-03 1.303539062464698873e+03 1.005971724556375291e+00
9.862521794868784469e-03 1.469020884831697686e+03 1.005981875238642465e+00
1.004625061717340749e-02 1.654293963089403405e+03 1.006008444417170411e+00
1.023340212191641702e-02 1.861602705725576016e+03 1.006049802119207026e+00
1.042404007021556327e-02 2.093360849401252381e+03 1.006089600321936395e+00
1.061822941099384125e-02 2.352216500614586948e+03 1.006107872548811732e+00
1.081603630310709954e-02 2.641085318425287369e+03 1.006082400058746718e+00
1.101752813788386791e-02 2.963181035926553250e+03 1.005988548580129649e+00
1.122277356208507652e-02 3.322042987200507923e+03 1.005812289869623344e+00
1.143184250129149725e-02 3.721551988533181884e+03 1.005580279112161746e+00
1.164480618372686072e-02 4.165985967611670276e+03 1.005330806125250831e+00
1.186173716452478509e-02 4.660076929212849791e+03 1.005106664938559824e+00
1.208270935044776506e-02 5.209072727889823000e+03 1.004954836496497528e+00
1.230779802506665188e-02 5.818680447856378123e+03 1.004895416925268847e+00
1.253707987440920262e-02 6.494999328243175114e+03 1.004904398832123791e+00
1.277063301308643990e-02 7.244681307361104700e+03 1.004951180191623994e+00
1.300853701090571267e-02 8.075002255585451167e+03 1.005001428315424494e+00
1.325087291997953214e-02 8.993959642180636365e+03 1.005026056169905369e+00
1.349772330233941706e-02 1.001045393327631427e+04 1.005026993447897699e+00
1.374917225806419029e-02 1.113438061263284726e+04 1.005014419730843711e+00
1.400530545393219653e-02 1.237677380261460894e+04 1.004999760419785337e+00
1.426621015260736910e-02 1.374972164487330701e+04 1.004992818210875383e+00
1.453197524236895383e-02 1.526552322521809037e+04 1.004993035740107121e+00
1.480269126739508674e-02 1.693713912146991061e+04 1.004996988611460029e+00
1.507845045861051086e-02 1.877841229580821528e+04 1.005000856597891845e+00
1.535934676510897039e-02 2.080463848063672049e+04 1.005002202767071973e+00
1.564547588616095955e-02 2.303345498825062168e+04 1.005001658035687528e+00
1.593693530381774456e-02 2.548459213814073883e+04 1.005000288316755919e+00
1.623382431612278159e-02 2.817994137664314258e+04 1.004999173790976696e+00
1.653624407094180307e-02 3.114216235142136065e+04 1.004998615570506404e+00
1.684429760042315330e-02 3.439507059683324042e+04 1.004998514428575573e+00
1.715808985610004986e-02 3.796441335672949936e+04 1.004998755200676275e+00
1.747772774464680795e-02 4.187806618037270528e+04 1.004999207883761514e+00
1.780332016430113962e-02 4.616626347883396375e+04 1.004999726424209427e+00
1.813497804196495186e-02 5.086186977365265921e+04 1.005000149756333228e+00
1.847281437099634188e-02 5.600041760255169356e+04 1.005000389075033418e+00
1.881694424970555696e-02 6.162022286450031243e+04 1.005000465579120039e+00
1.916748492056815148e-02 6.776301727770650177e+04 1.005000411668780069e+00
1.952455581016860828e-02 7.447444979488068202e+04 1.005000264055821102e+00
1.988827856988809734e-02 8.180467761916204472e+04 1.005000064118636960e+00
2.025877711735016989e-02 8.980874821985508606e+04 1.004999855640585915e+00
2.063617767863858837e-02 9.854359476645803079e+04 1.004999659178731797e+00
2.102060883130158278e-02 1.080683428776017245e+05 1.004999480266964174e+00
2.141220154815729262e-02 1.184462610859904089e+05 1.004999324772798408e+00
2.181108924191518805e-02 1.297451463134081569e+05 1.004999199151446865e+00
2.221740781062883641e-02 1.420377581404830271e+05 1.004999110490132797e+00
2.263129568399528321e-02 1.554023471584233339e+05 1.004999066555361864e+00
2.305289387051707301e-02 1.699233019244823954e+05 1.004999075843332923e+00
2.348234600554275145e-02 1.856919444693111291e+05 1.004999147633687695e+00
2.391979840020238418e-02 2.028075108321578591e+05 1.004999292046806936e+00
2.436540009125464853e-02 2.213783609921112657e+05 1.004999520104872701e+00
2.481930289186254010e-02 2.415234721672991000e+05 1.004999843796931636e+00
2.528166144331499277e-02 2.633736393030461040e+05 1.005000273918386533e+00
2.575263326771199887e-02 2.870636069283146644e+05 1.005000788749907059e+00
2.623237882163122203e-02 3.127313451007943368e+05 1.005001337781852078e+00
2.672106155079433804e-02 3.405242810095250024e+05 1.005001863817242658e+00
2.721884794575178332e-02 3.706004735169789637e+05 1.005002303073151637e+00
2.772590759860482645e-02 4.031298595616284874e+05 1.005002584659971943e+00
2.824241326078434297e-02 4.382957833262805361e+05 1.005002630025225496e+00
2.876854090190592711e-02 4.762968753103754716e+05 1.005002352359679385e+00
2.930446976972142861e-02 5.173493624752265750e+05 1.005001655963408735e+00
2.985038245118730796e-02 5.616899076122289989e+05 1.005000435569305628e+00
3.040646493467067182e-02 6.095764803192280233e+05 1.004998590486090082e+00
3.097290667331408301e-02 6.612667949298912426e+05 1.004996153349835053e+00
3.154990064958086704e-02 7.170213626658554422e+05 1.004993242857453062e+00
3.213764344100276948e-02 7.771147703726997133e+05 1.004989994202407422e+00
3.273633528715245988e-02 8.418367261771428166e+05 1.004986559625935083e+00
3.334618015786364187e-02 9.114932100450872676e+05 1.004983109799384877e+00
3.396738582272208068e-02 9.864079145554885035e+05 1.004979835302119762e+00
3.460016392185108480e-02 1.066924054720333312e+06 1.004976948201161679e+00
3.524473003801584237e-02 1.153406641780010657e+06 1.004974683739171537e+00
3.590130377007068330e-02 1.246245334778469522e+06 1.004973302137774471e+00
3.657010880777489259e-02 1.345858005936316447e+06 1.004973090523703316e+00
3.725137300800209633e-02 1.452695182125711348e+06 1.004974364985722346e+00
3.794532847236938011e-02 1.567245556074701017e+06 1.004977472770820279e+00
3.865221162631261864e-02 1.690042798570285551e+06 1.004982794628722864e+00
3.937226329963479377e-02 1.821673948586280458e+06 1.004990747314385091e+00
4.010572880855495931e-02 1.962789641120444052e+06 1.005001785547632531e+00
4.085285803928561527e-02 2.114075773010359611e+06 1.005016035157905385e+00
4.161390553316707264e-02 2.276173312151902355e+06 1.005032625879159092e+00
4.238913057338778573e-02 2.449739307976369746e+06 1.005050410539341188e+00
4.317879727332021161e-02 2.635463158607402351e+06 1.005068103487678721e+00
4.398317466650223523e-02 2.834069246625442989e+06 1.005084269483298876e+00
4.480253679829489938e-02 3.046320291203024331e+06 1.005097311840536189e+00
4.563716281924758839e-02 3.273021599039661232e+06 1.005105459790500699e+00
4.648733708020256344e-02 3.515026431142083835e+06 1.005106755017534548e+00
4.735334922917116413e-02 3.773242742780762259e+06 1.005099037328418987e+00
4.823549431001467047e-02 4.048641601050670259e+06 1.005079929411699657e+00
4.913407286296361809e-02 4.342267639865618199e+06 1.005046820644325045e+00
5.004939102700953213e-02 4.655251972708503716e+06 1.004996850047275903e+00
5.098176064420424647e-02 4.988784587678466924e+06 1.004928020321446791e+00
5.193149936590212012e-02 5.343996350812957622e+06 1.004842141907293485e+00
5.289893076098151070e-02 5.722037376993606798e+06 1.004742169874359048e+00
5.388438442608223938e-02 6.124107437164823525e+06 1.004631456479064378e+00
5.488819609789671872e-02 6.551461799548643641e+06 1.004513783367100066e+00
5.591070776755290017e-02 7.005418836293858476e+06 1.004393396093610002e+00
5.695226779712821846e-02 7.487369796954898164e+06 1.004275041158114945e+00
5.801323103833375128e-02 7.998791218494031578e+06 1.004164005775131319e+00
5.909395895340967958e-02 8.541260520806463435e+06 1.004066160629114801e+00
6.019481973827271043e-02 9.116475147463468835e+06 1.003987997130523446e+00
6.131618844795772016e-02 9.726185151022268459e+06 1.003934018594376587e+00
6.245844712439614643e-02 1.037203885645456985e+07 1.003902608049148659e+00
6.362198492657485105e-02 1.105571984219600447e+07 1.003890885639795894e+00
6.480719826311967524e-02 1.177898340913308039e+07 1.003895557047988385e+00
6.601449092734885948e-02 1.254366952623587102e+07 1.003912877995988051e+00
6.724427423484245769e-02 1.335171948861172237e+07 1.003938616321222943e+00
6.849696716357443760e-02 1.420519703359891847e+07 1.003968011514926095e+00
6.977299649665534564e-02 1.510631477816840820e+07 1.003995731624744758e+00
7.107279696773415034e-02 1.605741033446554653e+07 1.004016501769489089e+00
7.239681140910873836e-02 1.706059860932366922e+07 1.004029204047092838e+00
7.374549090259549522e-02 1.811789014627615735e+07 1.004034666405361653e+00
7.511929493320965157e-02 1.923133310368072987e+07 1.004033850161413888e+00
7.651869154570821452e-02 2.040302376981505007e+07 1.004027854322211644e+00
7.794415750404946885e-02 2.163512062011079118e+07 1.004017927049189129e+00
7.939617845382279659e-02 2.292986325276879221e+07 1.004005477931156687e+00
8.087524908770453436e-02 2.428958583385460824e+07 1.003992091180816448e+00
8.238187331399605962e-02 2.571656388634080067e+07 1.003979540580005603e+00
8.391656442830157381e-02 2.721301223096651956e+07 1.003969804474048155e+00
8.547984528840409102e-02 2.878122194148059934e+07 1.003965081262467862e+00
8.707224849239916797e-02 3.042359490208909661e+07 1.003967806678585317e+00
8.869431656014709064e-02 3.214268328250180185e+07 1.003980672328370183e+00
9.034660211810524588e-02 3.394123734301450104e+07 1.004006622811144611e+00
9.202966808760409956e-02 3.582195296517033130e+07 1.004044421106645490e+00
9.374408787662991127e-02 3.778701033860215545e+07 1.004082606223710705e+00
9.549044557518077125e-02 3.983852900206658989e+07 1.004107014071769166e+00
9.726933615426168467e-02 4.197867232516785711e+07 1.004101876648544334e+00
9.908136566858666283e-02 4.420968406397254765e+07 1.004049699265890716e+00
1.009271514630570854e-01 4.653391717071887851e+07 1.003932077455705452e+00
1.028073223830864719e-01 4.895345952789138258e+07 1.003751061700554503e+00
1.047225189888434382e-01 5.147002435447995365e+07 1.003532153382891812e+00
1.066733937734857113e-01 5.408531256585378945e+07 1.003304988487432992e+00
1.086606113854596822e-01 5.680107250255731493e+07 1.003102668879428006e+00
1.106848488549412035e-01 5.961915024838273227e+07 1.002961656634309140e+00
1.127467958244946084e-01 6.254126484685298055e+07 1.002899286660983824e+00
1.148471547840289042e-01 6.556880431583273411e+07 1.002898040793527512e+00
1.169866413101306873e-01 6.870320434994620085e+07 1.002934920384503270e+00
1.191659843098558796e-01 7.194605493071597815e+07 1.002984086208797754e+00
1.213859262690627772e-01 7.529911686970910430e+07 1.003018185914828608e+00
1.236472235053715091e-01 7.876340414512744546e+07 1.003028789398616061e+00
1.259506464258357550e-01 8.233922189830516279e+07 1.003023048411662010e+00
1.282969797894147612e-01 8.602682876754888892e+07 1.003009398785394746e+00
1.306870229743346268e-01 8.982652177007707953e+07 1.002997244011700539e+00
1.331215902504307713e-01 9.373882453468921781e+07 1.002992498581205982e+00
1.356015110565633452e-01 9.776471293427635729e+07 1.002993434590113253e+00
1.381276302832009362e-01 1.019056228449488282e+08 1.002997229776411370e+00
1.407008085602685088e-01 1.061635684732978195e+08 1.003000734917053771e+00
1.433219225503573890e-01 1.105386739628821909e+08 1.003001947264947402e+00
1.459918652473978506e-01 1.150260612546954304e+08 1.003001496681397375e+00
1.487115462808953625e-01 1.196191691087881327e+08 1.003000408427222601e+00
1.514818922258345801e-01 1.243104361471030116e+08 1.002999783954915847e+00
1.543038469183564687e-01 1.290976910331686437e+08 1.002999906577380695e+00
1.571783717773162781e-01 1.339857453585740626e+08 1.003000197313202557e+00
1.601064461318317811e-01 1.389820132112973630e+08 1.002999974679531947e+00
1.630890675549332702e-01 1.440936679647428691e+08 1.002998738783612120e+00
1.661272522034293042e-01 1.493185478069699109e+08 1.002996892659163475e+00
1.692220351641037235e-01 1.546516236963174939e+08 1.002995109741176227e+00
1.723744708063619790e-01 1.600872125352211893e+08 1.002994142003408751e+00
1.755856331414468730e-01 1.656189879602541924e+08 1.002994826197697309e+00
1.788566161883461958e-01 1.712400017274329662e+08 1.002998090526768804e+00
1.821885343465165230e-01 1.769429358528961539e+08 1.003004778391097584e+00
1.855825227755517060e-01 1.827228062918053269e+08 1.003013529211709498e+00
1.890397377819219571e-01 1.885768934384745359e+08 1.003021247646381342e+00
1.925613572129196704e-01 1.945034413058570921e+08 1.003024450964305370e+00
1.961485808579429280e-01 2.005018854159454405e+08 1.003019266679493260e+00
1.998026308572548593e-01 2.065731417520321608e+08 1.003001402242934104e+00
2.035247521183575770e-01 2.127183382740430832e+08 1.002967027589002580e+00
2.073162127401229071e-01 2.189324851886564195e+08 1.002916347126483032e+00
2.111783044448242164e-01 2.252084533145267367e+08 1.002850984897177833e+00
2.151123430182164953e-01 2.315390278421773314e+08 1.002772811143718190e+00
2.191196687578147451e-01 2.379170234980084598e+08 1.002683962648221794e+00
2.232016469295232397e-01 2.443354167215652466e+08 1.002586864675619083e+00
2.273596682327715113e-01 2.507874961039387584e+08 1.002484254469796721e+00
2.315951492743152096e-01 2.572670320505045652e+08 1.002379206422424840e+00
2.359095330508633737e-01 2.637684666362946630e+08 1.002275159046982278e+00
2.403042894406967056e-01 2.702871246571424603e+08 1.002175943904917821e+00
2.447809157044440187e-01 2.768194469584222436e+08 1.002085816647343419e+00
2.493409369951877785e-01 2.833632472630118728e+08 1.002009490354483168e+00
2.539859068780723761e-01 2.899169697401340604e+08 1.001951431954996252e+00
2.587174078595921300e-01 2.964741616262013912e+08 1.001911862961069488e+00
2.635370519267393186e-01 3.030264145663618445e+08 1.001889117292276143e+00
2.684464810961962322e-01 3.095656820834171772e+08 1.001881263442922609e+00
2.734473679737579599e-01 3.160844448255763650e+08 1.001886085015646355e+00
2.785414163241766161e-01 3.225758878591684699e+08 1.001901056304441928e+00
2.837303616516211324e-01 3.290340950842523575e+08 1.001923316183833235e+00
2.890159717909508430e-01 3.354542613531520963e+08 1.001949640217899118e+00
2.944000475100033709e-01 3.418329229433085322e+08 1.001976410903697934e+00
2.998844231231027613e-01 3.481682071658117771e+08 1.001999585965721806e+00
3.054709671159968054e-01 3.544585295423598886e+08 1.002015574603296155e+00
3.111615827824359970e-01 3.606971591070695519e+08 1.002024378907004021e+00
3.169582088726115021e-01 3.668762732925047874e+08 1.002027120500606383e+00
3.228628202536730218e-01 3.729887397178049088e+08 1.002025076781739354e+00
3.288774285825510346e-01 3.790282850608390570e+08 1.002019693795328292e+00
3.350040829913132900e-01 3.849896775550503135e+08 1.002012600025146360e+00
3.412448707852889229e-01 3.908689234443557858e+08 1.002005621160542370e+00
3.476019181541977754e-01 3.966634777851225138e+08 1.002000795909806730e+00
3.540773908965269556e-01 4.023720896978417039e+08 1.002000219766340461e+00
3.606734951574028236e-01 4.079900265472321510e+08 1.002003822651460929e+00
3.673924781802074269e-01 4.135097798099188805e+08 1.002009747777419246e+00
3.742366290721980682e-01 4.189244800295531750e+08 1.002015872516599515e+00
3.812082795843887983e-01 4.242281213266841173e+08 1.002019825056645441e+00
3.883098049059605095e-01 4.294157199264462590e+08 1.002018964600266626e+00
3.955436244734701345e-01 4.344834830897233486e+08 1.002010360281480938e+00
4.029122027951347884e-01 4.394289378654328585e+08 1.001990883873110638e+00
4.104180502904709038e-01 4.442490275214043260e+08 1.001961881158200063e+00
4.180637241455757991e-01 4.489391770932291746e+08 1.001931417943792813e+00
4.258518291843414461e-01 4.534957520254265070e+08 1.001908969062917709e+00
4.337850187558989212e-01 4.579163978826808333e+08 1.001905085413854257e+00
4.418659956385941334e-01 4.622002092611137629e+08 1.001931480125658025e+00
4.500975129608046355e-01 4.663479077858392000e+08 1.002001122063471694e+00
4.584823751389096036e-01 4.703604845408977866e+08 1.002123395947119633e+00
4.670234388327330621e-01 4.742345306843291521e+08 1.002288969285399345e+00
4.757236139187884794e-01 4.779661661375287771e+08 1.002482379182240146e+00
4.845858644816490868e-01 4.815524997550094128e+08 1.002686237427716121e+00
4.936132098237911991e-01 4.849917571181758046e+08 1.002881070706900246e+00
5.028087254942474882e-01 4.882833863309512734e+08 1.003045283459710113e+00
5.121755443364236493e-01 4.914260138167567253e+08 1.003164952602815907e+00
5.217168575554343990e-01 4.944156580032153726e+08 1.003242117748835094e+00
5.314359158053235666e-01 4.972487953025128245e+08 1.003280950611153965e+00
5.413360302965375404e-01 4.999227932092485428e+08 1.003286272194098494e+00
5.514205739240296555e-01 5.024360165868187547e+08 1.003263606062468227e+00
5.616929824163804374e-01 5.047879385195625424e+08 1.003219235402235565e+00
5.721567555063246102e-01 5.069792557014434338e+08 1.003160264225769982e+00
5.828154581230839959e-01 5.090120083912089467e+08 1.003094683127170317e+00
5.936727216069119795e-01 5.108897050501878858e+08 1.003031440054629186e+00
6.047322449462643190e-01 5.126173243654037118e+08 1.002980349220371936e+00
6.159977960380161877e-01 5.141971453889626861e+08 1.002946542719173939e+00
6.274732129711574347e-01 5.156272234457458258e+08 1.002928467877134189e+00
6.391624053343999412e-01 5.169060053599398732e+08 1.002923880917567345e+00
6.510693555481454897e-01 5.180327062422214746e+08 1.002930222151657169e+00
6.631981202212668958e-01 5.190073852414010167e+08 1.002944589232664940e+00
6.755528315331639222e-01 5.198310240288246870e+08 1.002963708582793600e+00
6.881376986415662644e-01 5.205056080030475259e+08 1.002983904905067281e+00
7.009570091165617800e-01 5.210342097895864844e+08 1.003001069087829045e+00
7.140151304013395706e-01 5.214196440923833251e+08 1.003011856015833203e+00
7.273165113001454074e-01 5.216610996105964184e+08 1.003016619524250697e+00
7.408656834939559843e-01 5.217574373977066875e+08 1.003016615291096869e+00
7.546672630843886953e-01 5.217081104729439616e+08 1.003013265123597897e+00
7.687259521663728501e-01 5.215132169813689590e+08 1.003008170552694978e+00
7.830465404301183430e-01 5.211735549377484322e+08 1.003003127388585769e+00
7.976339067929273385e-01 5.206906784966791868e+08 1.003000141307574200e+00
8.124930210614047521e-01 5.200674372758795023e+08 1.003001027923301036e+00
8.276289456246344045e-01 5.193108290612078309e+08 1.003005007316082997e+00
8.430468371788967241e-01 5.184305078150642514e+08 1.003010045297953790e+00
8.587519484845170803e-01 5.174376835330051184e+08 1.003013862245648813e+00
8.747496301554414933e-01 5.163452125981068611e+08 1.003013916549978513e+00
8.910453324821513421e-01 5.151676966286035180e+08 1.003007383970160982e+00
9.076446072885356875e-01 5.139206913455893397e+08 1.002991317178070885e+00
9.245531098233570333e-01 5.125956728293070793e+08 1.002967728675245418e+00
9.417766006869519035e-01 5.111537876832132936e+08 1.002944934096449359e+00
9.593209477938241525e-01 5.095509085990999341e+08 1.002932543972044899e+00
9.771921283717996953e-01 5.077389279654489160e+08 1.002941252167405484e+00
9.953962309984233370e-01 5.056656544170098901e+08 1.002982922714318770e+00
1.013939457675291811e+00 5.032806206170617938e+08 1.003069443450884446e+00
1.032828125941028574e+00 5.005818526268817782e+08 1.003202824705949459e+00
1.052068671023622892e+00 4.975959051324507594e+08 1.003379258586384548e+00
1.071667648032863296e+00 4.943531324856685400e+08 1.003594277845105243e+00
1.091631734193614811e+00 4.908875249103328586e+08 1.003842745268807013e+00
1.111967731120699021e+00 4.872367555151386857e+08 1.004118794426572148e+00
1.132682567136153784e+00 4.834422332584525347e+08 1.004415766306527846e+00
1.153783299629660863e+00 4.795491704402288795e+08 1.004726141695895025e+00
1.175277117462945276e+00 4.756066753464003801e+08 1.005041469184748015e+00
1.197171343418965694e+00 4.716678830634778142e+08 1.005352288706959696e+00
1.219473436696737023e+00 4.677901403089095354e+08 1.005648050574602159e+00
1.242190995452616242e+00 4.640352635132715702e+08 1.005917030016304281e+00
1.265331759388941713e+00 4.604653913521996140e+08 1.006147096611223590e+00
1.288903612390891462e+00 4.570929530649331808e+08 1.006335365420629513e+00
1.312914585212463958e+00 4.538946355743560791e+08 1.006485879645972581e+00
1.337372858212495075e+00 4.508442633699115515e+08 1.006603449195583977e+00
1.362286764141645401e+00 4.479131618881583214e+08 1.006693591109099284e+00
1.387664790981307128e+00 4.450699147508068681e+08 1.006762587354895544e+00
1.413515584835394190e+00 4.422801190799205303e+08 1.006817546841603628e+00
1.439847952876006643e+00 4.395061452105213404e+08 1.006866472055313988e+00
1.466670866343967150e+00 4.367069090261631012e+08 1.006918330796174432e+00
1.493993463605256311e+00 4.338376673818537593e+08 1.006983133561001997e+00
1.521825053264385552e+00 4.308549789486135840e+08 1.007070656609192039e+00
1.550175117335768737e+00 4.277528127258543968e+08 1.007180801573442919e+00
1.579053314474174297e+00 4.245445565989212990e+08 1.007308082813335393e+00
1.608469483265355215e+00 4.212450812908770442e+08 1.007446274805153807e+00
1.638433645577983100e+00 4.178706745668981671e+08 1.007588381321596227e+00
1.668956009978023181e+00 4.144390860778968334e+08 1.007726572521496555e+00
1.700046975206716438e+00 4.109695769382678270e+08 1.007852118236602479e+00
1.731717133723352786e+00 4.074829762164219618e+08 1.007955317417605023e+00
1.763977275314043469e+00 4.040013839247374535e+08 1.008025676705330165e+00
1.796838390767719229e+00 4.005365192510658503e+08 1.008060086726531468e+00
1.830311675620611256e+00 3.970862115066897273e+08 1.008065661010006275e+00
1.864408533970485227e+00 3.936471436874418855e+08 1.008051097159081921e+00
1.899140582361933616e+00 3.902156527766354084e+08 1.008026192126497689e+00
1.934519653744044332e+00 3.867877098972238898e+08 1.008001929898516336e+00
1.970557801501798378e+00 3.833589000250632763e+08 1.007990576229730539e+00
2.007267303562568106e+00 3.799244103579899073e+08 1.008005758498343729e+00
2.044660666579115826e+00 3.764810231925184131e+08 1.008057402280374770e+00
2.082750630190514318e+00 3.730298663940759301e+08 1.008144422526128459e+00
2.121550171362450055e+00 3.695727534247565866e+08 1.008263779350860201e+00
2.161072508808376647e+00 3.661115854225941300e+08 1.008411953621779489e+00
2.201331107493030181e+00 3.626483538788363338e+08 1.008584904469002730e+00
2.242339683219845003e+00 3.591851434319236875e+08 1.008778023784594691e+00
2.284112207303823361e+00 3.557241347959849238e+08 1.008986087572264490e+00
2.326662911331458083e+00 3.522676078444249630e+08 1.009203204018874533e+00
2.370006292009327886e+00 3.488179448726242185e+08 1.009422758171428125e+00
2.414157116103017753e+00 3.453776340673359632e+08 1.009637353120448111e+00
2.459130425468043946e+00 3.419492732147473097e+08 1.009838747613539756e+00
2.504941542174502267e+00 3.385355732616941929e+08 1.010017792982849993e+00
2.551606073727183954e+00 3.351388886604987383e+08 1.010167686970230738e+00
2.599139918382932901e+00 3.317602568695992827e+08 1.010290908938808574e+00
2.647559270567066747e+00 3.284004477532061934e+08 1.010392197487991472e+00
2.696880626390692370e+00 3.250602023695342541e+08 1.010476942354905816e+00
2.747120789270811603e+00 3.217402303854680061e+08 1.010551237423152005e+00
2.798296875655115645e+00 3.184412073817195296e+08 1.010621937660289404e+00
2.850426320853434614e+00 3.151637720422029495e+08 1.010696720365480861e+00
2.903526884977813971e+00 3.119085232209249735e+08 1.010784151163947486e+00
2.957616658993253544e+00 3.086760168791912198e+08 1.010893755249450354e+00
3.012714070881164385e+00 3.054667627806897759e+08 1.011036058975001373e+00
3.068837891917642224e+00 3.022812052482598424e+08 1.011217218973919918e+00
3.126007243068700259e+00 2.991197010600410104e+08 1.011432367060611570e+00
3.184241601504649744e+00 2.959825426637398005e+08 1.011674466237181491e+00
3.243560807235807975e+00 2.928699580517284870e+08 1.011935550965961550e+00
3.303985069871854918e+00 2.897821065277201533e+08 1.012206648567089529e+00
3.365534975507090909e+00 2.867190742675023675e+08 1.012477695698883684e+00
3.428231493733967294e+00 2.836808696624747515e+08 1.012737449879436591e+00
3.492095984787267682e+00 2.806674184346524477e+08 1.012973396071190635e+00
3.557150206821382277e+00 2.776786740449588299e+08 1.013174032411158665e+00
3.623416323323146226e+00 2.747151857443873286e+08 1.013340859736736377e+00
3.690916910662774608e+00 2.717777083564211130e+08 1.013480951332930813e+00
3.759674965785463563e+00 2.688669679392669201e+08 1.013602336579096930e+00
3.829713914046277257e+00 2.659836592529136539e+08 1.013714071249788296e+00
3.901057617190989202e+00 2.631284434415255189e+08 1.013826320028857975e+00
3.973730381485604202e+00 2.603019456146844923e+08 1.013950445593091443e+00
4.047756965997318268e+00 2.575047268565973043e+08 1.014098398606341211e+00
4.123162591029748469e+00 2.547369768424508870e+08 1.014274235364162280e+00
4.199972946715301525e+00 2.519985872449529171e+08 1.014475877912545787e+00
4.278214201767612579e+00 2.492893565376414061e+08 1.014700777572728585e+00
4.357913012397025554e+00 2.466089888401111960e+08 1.014946001265969011e+00
4.439096531392166867e+00 2.439570881782526970e+08 1.015208198050583599e+00
4.521792417370697592e+00 2.413331524284990728e+08 1.015483563315754845e+00
4.606028844202397998e+00 2.387365669319877923e+08 1.015767800519545183e+00
4.691834510607794329e+00 2.361665977660375834e+08 1.016056080362534031e+00
4.779238649935595440e+00 2.336223846622541249e+08 1.016342997294829464e+00
4.868271040122278848e+00 2.311029335632239282e+08 1.016622523263431388e+00
4.958962013837211913e+00 2.286071088133525550e+08 1.016887958619547838e+00
5.051342468816761411e+00 2.261336977978384495e+08 1.017132214354673714e+00
5.145443878390924652e+00 2.236826756696706414e+08 1.017353685719015299e+00
5.241298302206056192e+00 2.212551334640282691e+08 1.017556248050728751e+00
5.338938397147350301e+00 2.188522092380104959e+08 1.017744511036113630e+00
5.438397428464796235e+00 2.164750505415627062e+08 1.017923694419562874e+00
5.539709281106400596e+00 2.141248145487678051e+08 1.018099677763599997e+00
5.642908471262536807e+00 2.118026682672629952e+08 1.018279053937347189e+00
5.748030158125351008e+00 2.095097888336892128e+08 1.018469186691440598e+00
5.855110155867238042e+00 2.072473639035159051e+08 1.018678272727513656e+00
5.964184945842459840e+00 2.050165921441980302e+08 1.018915408728751304e+00
6.075291689016070862e+00 2.028186487830723524e+08 1.019189817149285915e+00
6.188468238624382778e+00 2.006543176221411824e+08 1.019501873660240809e+00
6.303753153071275150e+00 1.985241080531680584e+08 1.019845512990200209e+00
6.421185709064758385e+00 1.964284891579182744e+08 1.020213736757319856e+00
6.540805914998252923e+00 1.943678912623447180e+08 1.020598632193073563e+00
6.662654524581149929e+00 1.923427035224904120e+08 1.020991295035903912e+00
6.786773050723295064e+00 1.903532713385587931e+08 1.021381747618426816e+00
6.913203779678127603e+00 1.883998935774691105e+08 1.021758852105186133e+00
7.041989785449288775e+00 1.864828167339594066e+08 1.022110327374325500e+00
7.173174944465612768e+00 1.846020481443672478e+08 1.022429722175909994e+00
7.306803950529499936e+00 1.827572240999844074e+08 1.022721678172985316e+00
7.442922330043757917e+00 1.809478571664549410e+08 1.022992584654587089e+00
7.581576457522110069e+00 1.791733547598701715e+08 1.023249685490066119e+00
7.722813571388642551e+00 1.774330117626800537e+08 1.023501148692897322e+00
7.866681790071582192e+00 1.757260025602761805e+08 1.023756141334177361e+00
8.013230128396878982e+00 1.740513725239728391e+08 1.024024908370465337e+00
8.162508514287219796e+00 1.724081400826176703e+08 1.024315147057040187e+00
8.314567805772055564e+00 1.707955312854510546e+08 1.024623685367421100e+00
8.469459808314576676e+00 1.692127159047392309e+08 1.024944616811600762e+00
8.627237292461440887e+00 1.676587360599065125e+08 1.025271298056865898e+00
8.787954011821311084e+00 1.661324970170276761e+08 1.025596288430028258e+00
8.951664721378293166e+00 1.646327573333174586e+08 1.025911285692464592e+00
9.118425196146562328e+00 1.631581183249778450e+08 1.026207058030656372e+00
9.288292250172489162e+00 1.617070128432206810e+08 1.026473372242360682e+00
9.461323755890759912e+00 1.602776933517943919e+08 1.026698918145391604e+00
9.637578663841079418e+00 1.588682193103581667e+08 1.026871229293788712e+00
9.817117022752183786e+00 1.574764438819304109e+08 1.026976600156645603e+00
1.000000000000000000e+01 1.560999999999997020e+08 1.026999999999999913e+00
