# Source: PRIMAT compilation, https://doi.org/10.1016/j.physrep.2018.04.005
1.000000000000000021e-03 3.563999999999994103e-11 1.199999999999999956e+00
1.018628990244687619e-03 4.328702850294386504e-11 1.199999999999999956e+00
1.037605019766911670e-03 5.263609033161510181e-11 1.199999999999999956e+00
1.056934553557988335e-03 6.407576445719480661e-11 1.199999999999999956e+00
1.076624177045493267e-03 7.808467569612616899e-11 1.199999999999999956e+00
1.096680598336868600e-03 9.525244659890136618e-11 1.199999999999999956e+00
1.117110650504824203e-03 1.163054847723117071e-10 1.199999999999999956e+00
1.137921293915315117e-03 1.421386956344260644e-10 1.199999999999999956e+00
1.159119618598885779e-03 1.738544454507236586e-10 1.199999999999999956e+00
1.180712846666190276e-03 2.128103810290122161e-10 1.199999999999999956e+00
1.202708334768511989e-03 2.606780486222736890e-10 1.199999999999999956e+00
1.225113576604118949e-03 3.195146542945481870e-10 1.199999999999999956e+00
1.247936205471311460e-03 3.918507810324919141e-10 1.199999999999999956e+00
1.271183996869028896e-03 4.807974348188627316e-10 1.199999999999999956e+00
1.294864871145904933e-03 5.901764439268666487e-10 1.199999999999999956e+00
1.318986896198670470e-03 7.246789943800367066e-10 1.199999999999999956e+00
1.343558290220826226e-03 8.900579613018094411e-10 1.199999999999999956e+00
1.368587424502519176e-03 1.093360701540433487e-09 1.199999999999999956e+00
1.394082826282578647e-03 1.343210116870278477e-09 1.199999999999999956e+00
1.420053181653683095e-03 1.650143086230976937e-09 1.199999999999999956e+00
1.446507338521647217e-03 2.027016803310871579e-09 1.199999999999999956e+00
1.473454309619835756e-03 2.489495140820379117e-09 1.199999999999999956e+00
1.500903275579736594e-03 3.056628887062861389e-09 1.199999999999999956e+00
1.528863588058731147e-03 3.751545547792142618e-09 1.199999999999999956e+00
1.557344772926135207e-03 4.602266350980416798e-09 1.199999999999999956e+00
1.586356533508589657e-03 5.642670096938188840e-09 1.199999999999999956e+00
1.615908753895919101e-03 6.913625512000490294e-09 1.199999999999999956e+00
1.646011502308549748e-03 8.464315729175304022e-09 1.199999999999999956e+00
1.676675034527699143e-03 1.035378036104079478e-08 1.199999999999999956e+00
1.707909797389426916e-03 1.265270226789784200e-08 1.199999999999999956e+00
1.739726432343800767e-03 1.544546747429330325e-08 1.199999999999999956e+00
1.772135779080358372e-03 1.883252767237250564e-08 1.199999999999999956e+00
1.805148879221108154e-03 2.293309531339948209e-08 1.199999999999999956e+00
1.838776980082326793e-03 2.788820140914897756e-08 1.199999999999999956e+00
1.873031538506436536e-03 3.386414588446655052e-08 1.199999999999999956e+00
1.907924224765265072e-03 4.105636977551449030e-08 1.199999999999999956e+00
1.943466926536020246e-03 4.969377802012221746e-08 1.199999999999999956e+00
1.979671752951332481e-03 6.004354147853296502e-08 1.199999999999999956e+00
2.016551038724746607e-03 7.241640782505171314e-08 1.199999999999999956e+00
2.054117348353064112e-03 8.717255402326029821e-08 1.199999999999999956e+00
2.092383480396977150e-03 1.047280195549728629e-07 1.199999999999999956e+00
2.131362471841437810e-03 1.255617711603090183e-07 1.199999999999999956e+00
2.171067602537264923e-03 1.502234688166105263e-07 1.199999999999999956e+00
2.211512399725488933e-03 1.793420318892077488e-07 1.199999999999999956e+00
2.252710642645980484e-03 2.136351473818876869e-07 1.199999999999999956e+00
2.294676367231936100e-03 2.539199233862575310e-07 1.199999999999999956e+00
2.337423870891814758e-03 3.011249755697396986e-07 1.199999999999999956e+00
2.380967717380358135e-03 3.563043494970070448e-07 1.199999999999999956e+00
2.425322741760352948e-03 4.206538350130953805e-07 1.199999999999999956e+00
2.470504055456825433e-03 4.955304312639340032e-07 1.199999999999999956e+00
2.516527051405391836e-03 5.824759856401640551e-07 1.199999999999999956e+00
2.563407409296514835e-03 6.832463747370628277e-07 1.199999999999999956e+00
2.611161100917459583e-03 7.998480442607814902e-07 1.199999999999999956e+00
2.659804395593758260e-03 9.345843106703509394e-07 1.199999999999999956e+00
2.709353865732051433e-03 1.090114596521568116e-06 1.199999999999999956e+00
2.759826392466180594e-03 1.269530789870578839e-06 1.199999999999999956e+00
2.811239171408464344e-03 1.476456280552551335e-06 1.199999999999999956e+00
2.863609718508115885e-03 1.715175070418195512e-06 1.199999999999999956e+00
2.916955876018795853e-03 1.990800882265645714e-06 1.199999999999999956e+00
2.971295818577334054e-03 2.309499700393397515e-06 1.199999999999999956e+00
3.026648059395692196e-03 2.678760093230230814e-06 1.199999999999999956e+00
3.083031456568277075e-03 3.107062141027068276e-06 1.199999999999999956e+00
3.140465219496752208e-03 3.603640548170757842e-06 1.199999999999999956e+00
3.198968915434537586e-03 4.179053417668628582e-06 1.199999999999999956e+00
3.258562476153226226e-03 4.845382347401605252e-06 1.199999999999999956e+00
3.319266204733189573e-03 5.616423433436705526e-06 1.199999999999999956e+00
3.381100782480685445e-03 6.507895325218994297e-06 1.199999999999999956e+00
3.444087275973823411e-03 7.537664246253666842e-06 1.199999999999999956e+00
3.508247144239792347e-03 8.725985445763986879e-06 1.199999999999999956e+00
3.573602246065788347e-03 1.009576000069174780e-05 1.199999999999999956e+00
3.640174847446141400e-03 1.167280523905681253e-05 1.199999999999999956e+00
3.707987629168172684e-03 1.348613630519361418e-05 1.199999999999999956e+00
3.777063694539364597e-03 1.556825554074869132e-05 1.199999999999999956e+00
3.847426577258505898e-03 1.795544542631181517e-05 1.199999999999999956e+00
3.919100249433401899e-03 2.068805984061156730e-05 1.199999999999999956e+00
3.992109129748053209e-03 2.381080738253045167e-05 1.199999999999999956e+00
4.066478091781853925e-03 2.737322484755746706e-05 1.199999999999999956e+00
4.142232472483897525e-03 3.143120447508472966e-05 1.199999999999999956e+00
4.219398080805024202e-03 3.604743330090795993e-05 1.199999999999999956e+00
4.298001206490798497e-03 4.129189922464444797e-05 1.199999999999999956e+00
4.378068629038166758e-03 4.724281779561291186e-05 1.199999999999999956e+00
4.459627626819095622e-03 5.398774200019866619e-05 1.199999999999999956e+00
4.542705986374042521e-03 6.162490620999456841e-05 1.199999999999999956e+00
4.627332011878692967e-03 7.026487048805437707e-05 1.199999999999999956e+00
4.713534534786906725e-03 8.003255024719292503e-05 1.199999999999999956e+00
4.801342923653449841e-03 9.106974033418142921e-05 1.199999999999999956e+00
4.890787094139589959e-03 1.035382736527399374e-04 1.199999999999999956e+00
4.981897519205159656e-03 1.176239947503944104e-04 1.199999999999999956e+00
5.074705239490466188e-03 1.335395349678899569e-04 1.199999999999999956e+00
5.169241873891598608e-03 1.515122785646685606e-04 1.199999999999999956e+00
5.265539630332755246e-03 1.717883764123115332e-04 1.199999999999999956e+00
5.363631316739239652e-03 1.946403954581903031e-04 1.199999999999999956e+00
5.463550352214875498e-03 2.203699544814077739e-04 1.199999999999999956e+00
5.565330778427646403e-03 2.493106459971190076e-04 1.199999999999999956e+00
5.669007271207434327e-03 2.818313431904177812e-04 1.199999999999999956e+00
5.774615152359819509e-03 3.183399833258290226e-04 1.199999999999999956e+00
5.882190401699956099e-03 3.592879452828960847e-04 1.199999999999999956e+00
5.991769669310619169e-03 4.051751718622136110e-04 1.199999999999999956e+00
6.103390288028621123e-03 4.565544139923150588e-04 1.199999999999999956e+00
6.217090286163826779e-03 5.140286287067163864e-04 1.199999999999999956e+00
6.332908400455114321e-03 5.782593975291684587e-04 1.199999999999999956e+00
6.450884089267692675e-03 6.499759144392888406e-04 1.199999999999999956e+00
6.571057546036270826e-03 7.299831476067640719e-04 1.199999999999999956e+00
6.693469712958660493e-03 8.191716228441167169e-04 1.199999999999999956e+00
6.818162294944479437e-03 9.185292598255373475e-04 1.199999999999999956e+00
6.945177773823696388e-03 1.029155803351634044e-03 1.199999999999999956e+00
7.074559422819878297e-03 1.152277698493277703e-03 1.199999999999999956e+00
7.206351321293052656e-03 1.289216889010510320e-03 1.199999999999999956e+00
7.340598369757212090e-03 1.441387660886292443e-03 1.199999999999999956e+00
7.477346305177588227e-03 1.610336702645885024e-03 1.199999999999999956e+00
7.616641716552892058e-03 1.797758578927726499e-03 1.199999999999999956e+00
7.758532060787835978e-03 2.005512911179326094e-03 1.199999999999999956e+00
7.903065678861348128e-03 2.235644985095558250e-03 1.199999999999999956e+00
8.050291812295981564e-03 2.490409938402364347e-03 1.199999999999999956e+00
8.200260619934130954e-03 2.772254755964395287e-03 1.199999999999999956e+00
8.353023195026778799e-03 3.083791100158663270e-03 1.199999999999999956e+00
8.508631582640582489e-03 3.427859327284947522e-03 1.199999999999999956e+00
8.667138797389234081e-03 3.807559196157239180e-03 1.199999999999999956e+00
8.828598841495149604e-03 4.226281081574121724e-03 1.199999999999999956e+00
8.993066723187623582e-03 4.687743836887625463e-03 1.199999999999999956e+00
9.160598475443709407e-03 5.196015453446634416e-03 1.199999999999999956e+00
9.331251175078249249e-03 5.755449099731947682e-03 1.199999999999999956e+00
9.505082962189511861e-03 6.370764685721956762e-03 1.199999999999999956e+00
9.682153059967075343e-03 7.047123993303250171e-03 1.199999999999999956e+00
9.862521794868784469e-03 7.790191498886603165e-03 1.199999999999999956e+00
1.004625061717340749e-02 8.606207358938371479e-03 1.199999999999999956e+00
1.023340212191641702e-02 9.501863867396993790e-03 1.199999999999999956e+00
1.042404007021556327e-02 1.048404210087271367e-02 1.199999999999999956e+00
1.061822941099384125e-02 1.156007242141711931e-02 1.199999999999999956e+00
1.081603630310709954e-02 1.273780602377341462e-02 1.199999999999999956e+00
1.101752813788386791e-02 1.402565534546584836e-02 1.199999999999999956e+00
1.122277356208507652e-02 1.543273904582547450e-02 1.199999999999999956e+00
1.143184250129149725e-02 1.696923245630178878e-02 1.199999999999999956e+00
1.164480618372686072e-02 1.864636716219428628e-02 1.199999999999999956e+00
1.186173716452478509e-02 2.047655908124973445e-02 1.199999999999999956e+00
1.208270935044776506e-02 2.247360466325182965e-02 1.199999999999999956e+00
1.230779802506665188e-02 2.465199082216349216e-02 1.199999999999999956e+00
1.253707987440920262e-02 2.702617430332372381e-02 1.199999999999999956e+00
1.277063301308643990e-02 2.961145776182735542e-02 1.199999999999999956e+00
1.300853701090571267e-02 3.242412922388942381e-02 1.199999999999999956e+00
1.325087291997953214e-02 3.548165495589179763e-02 1.199999999999999956e+00
1.349772330233941706e-02 3.880319385370314261e-02 1.199999999999999956e+00
1.374917225806419029e-02 4.240960180020433151e-02 1.199999999999999956e+00
1.400530545393219653e-02 4.632359800479562278e-02 1.199999999999999956e+00
1.426621015260736910e-02 5.056966551732993559e-02 1.199999999999999956e+00
1.453197524236895383e-02 5.517293944630401181e-02 1.199999999999999956e+00
1.480269126739508674e-02 6.016003395684944161e-02 1.199999999999999956e+00
1.507845045861051086e-02 6.555952819710621216e-02 1.199999999999999956e+00
1.535934676510897039e-02 7.140201150689848286e-02 1.199999999999999956e+00
1.564547588616095955e-02 7.772008961531584603e-02 1.199999999999999956e+00
1.593693530381774456e-02 8.454892190621521308e-02 1.199999999999999956e+00
1.623382431612278159e-02 9.192641293231723632e-02 1.199999999999999956e+00
1.653624407094180307e-02 9.989184660576144736e-02 1.199999999999999956e+00
1.684429760042315330e-02 1.084864749742422696e-01 1.199999999999999956e+00
1.715808985610004986e-02 1.177544985811918160e-01 1.199999999999999956e+00
1.747772774464680795e-02 1.277434809030356944e-01 1.199999999999999956e+00
1.780332016430113962e-02 1.385048582941028339e-01 1.199999999999999956e+00
1.813497804196495186e-02 1.500945097643868464e-01 1.199999999999999956e+00
1.847281437099634188e-02 1.625709395296174309e-01 1.199999999999999956e+00
1.881694424970555696e-02 1.759939143816789120e-01 1.199999999999999956e+00
1.916748492056815148e-02 1.904271071429885220e-01 1.199999999999999956e+00
1.952455581016860828e-02 2.059388380578512090e-01 1.199999999999999956e+00
1.988827856988809734e-02 2.226027738340932705e-01 1.199999999999999956e+00
2.025877711735016989e-02 2.404982106752971693e-01 1.199999999999999956e+00
2.063617767863858837e-02 2.597047063287640234e-01 1.199999999999999956e+00
2.102060883130158278e-02 2.803026489474489957e-01 1.199999999999999956e+00
2.141220154815729262e-02 3.023764528630474291e-01 1.199999999999999956e+00
2.181108924191518805e-02 3.260150131396528095e-01 1.199999999999999956e+00
2.221740781062883641e-02 3.513122346549616970e-01 1.199999999999999956e+00
2.263129568399528321e-02 3.783677081289297806e-01 1.199999999999999956e+00
2.305289387051707301e-02 4.072875675079011271e-01 1.199999999999999956e+00
2.348234600554275145e-02 4.381855694355898390e-01 1.199999999999999956e+00
2.391979840020238418e-02 4.711844430047628651e-01 1.199999999999999956e+00
2.436540009125464853e-02 5.064175668700673372e-01 1.199999999999999956e+00
2.481930289186254010e-02 5.440310414934180772e-01 1.199999999999999956e+00
2.528166144331499277e-02 5.841849248309577414e-01 1.199999999999999956e+00
2.575263326771199887e-02 6.270360368759156922e-01 1.199999999999999956e+00
2.623237882163122203e-02 6.727364266727372533e-01 1.199999999999999956e+00
2.672106155079433804e-02 7.214455313269908521e-01 1.199999999999999956e+00
2.721884794575178332e-02 7.733314725626468933e-01 1.199999999999999956e+00
2.772590759860482645e-02 8.285722941019009191e-01 1.199999999999999956e+00
2.824241326078434297e-02 8.873575210043925798e-01 1.199999999999999956e+00
2.876854090190592711e-02 9.498901096694439827e-01 1.199999999999999956e+00
2.930446976972142861e-02 1.016388869314097443e+00 1.199999999999999956e+00
2.985038245118730796e-02 1.087091450115967417e+00 1.199999999999999956e+00
3.040646493467067182e-02 1.162254088469320212e+00 1.199999999999999956e+00
3.097290667331408301e-02 1.242118215999614916e+00 1.199999999999999956e+00
3.154990064958086704e-02 1.326915820184229267e+00 1.199999999999999956e+00
3.213764344100276948e-02 1.416886202313698329e+00 1.199999999999999956e+00
3.273633528715245988e-02 1.512276874735399623e+00 1.199999999999999956e+00
3.334618015786364187e-02 1.613344561183957637e+00 1.199999999999999956e+00
3.396738582272208068e-02 1.720356552941355366e+00 1.199999999999999956e+00
3.460016392185108480e-02 1.833592502105367839e+00 1.199999999999999956e+00
3.524473003801584237e-02 1.953346746330951511e+00 1.199999999999999956e+00
3.590130377007068330e-02 2.079931274408841180e+00 1.199999999999999956e+00
3.657010880777489259e-02 2.213679459388040005e+00 1.199999999999999956e+00
3.725137300800209633e-02 2.354950706207695532e+00 1.199999999999999956e+00
3.794532847236938011e-02 2.504136184747733918e+00 1.199999999999999956e+00
3.865221162631261864e-02 2.661665847860168022e+00 1.199999999999999956e+00
3.937226329963479377e-02 2.828016968665306052e+00 1.199999999999999956e+00
4.010572880855495931e-02 3.003724374139636222e+00 1.199999999999999956e+00
4.085285803928561527e-02 3.189337754692943339e+00 1.199999999999999956e+00
4.161390553316707264e-02 3.385313595363733885e+00 1.199999999999999956e+00
4.238913057338778573e-02 3.592101069834393368e+00 1.199999999999999956e+00
4.317879727332021161e-02 3.810163131883938625e+00 1.199999999999999956e+00
4.398317466650223523e-02 4.039978475137333547e+00 1.199999999999999956e+00
4.480253679829489938e-02 4.282044160154297785e+00 1.199999999999999956e+00
4.563716281924758839e-02 4.536879050845460171e+00 1.199999999999999956e+00
4.648733708020256344e-02 4.805028223786703023e+00 1.199999999999999956e+00
4.735334922917116413e-02 5.087068538624904157e+00 1.199999999999999956e+00
4.823549431001467047e-02 5.383615586093678296e+00 1.199999999999999956e+00
4.913407286296361809e-02 5.695332263067136580e+00 1.199999999999999956e+00
5.004939102700953213e-02 6.022939257881667174e+00 1.199999999999999956e+00
5.098176064420424647e-02 6.367187482127173226e+00 1.199999999999999956e+00
5.193149936590212012e-02 6.728750487295174665e+00 1.199999999999999956e+00
5.289893076098151070e-02 7.108303223578701591e+00 1.200000000000000178e+00
5.388438442608223938e-02 7.506552634599453988e+00 1.199999999999999956e+00
5.488819609789671872e-02 7.924245038340709257e+00 1.199999999999999956e+00
5.591070776755290017e-02 8.362175326512900853e+00 1.199999999999999956e+00
5.695226779712821846e-02 8.821198301056726976e+00 1.199999999999999956e+00
5.801323103833375128e-02 9.302242513859612316e+00 1.200000000000000178e+00
5.909395895340967958e-02 9.806327031798218741e+00 1.199999999999999956e+00
6.019481973827271043e-02 1.033458122815524760e+01 1.199999999999999956e+00
6.131618844795772016e-02 1.088814478299976329e+01 1.199999999999999956e+00
6.245844712439614643e-02 1.146795756713844483e+01 1.199999999999999956e+00
6.362198492657485105e-02 1.207494990085519504e+01 1.199999999999999956e+00
6.480719826311967524e-02 1.271008609732672845e+01 1.199999999999999956e+00
6.601449092734885948e-02 1.337437280533797690e+01 1.199999999999999956e+00
6.724427423484245769e-02 1.406886953441256516e+01 1.199999999999999956e+00
6.849696716357443760e-02 1.479470174293853724e+01 1.199999999999999956e+00
6.977299649665534564e-02 1.555307692284790555e+01 1.199999999999999956e+00
7.107279696773415034e-02 1.634527682161220596e+01 1.199999999999999956e+00
7.239681140910873836e-02 1.717249735530842614e+01 1.199999999999999956e+00
7.374549090259549522e-02 1.803592130338943633e+01 1.199999999999999956e+00
7.511929493320965157e-02 1.893679966889937560e+01 1.199999999999999956e+00
7.651869154570821452e-02 1.987646979824991433e+01 1.199999999999999956e+00
7.794415750404946885e-02 2.085637717341868225e+01 1.199999999999999956e+00
7.939617845382279659e-02 2.187810174748778635e+01 1.199999999999999956e+00
8.087524908770453436e-02 2.294337032883599647e+01 1.199999999999999956e+00
8.238187331399605962e-02 2.405378441326348948e+01 1.199999999999999956e+00
8.391656442830157381e-02 2.521081084603489941e+01 1.199999999999999956e+00
8.547984528840409102e-02 2.641599637471090745e+01 1.199999999999999956e+00
8.707224849239916797e-02 2.767099614124033380e+01 1.199999999999999956e+00
8.869431656014709064e-02 2.897760096669758667e+01 1.199999999999999956e+00
9.034660211810524588e-02 3.033776928643066739e+01 1.199999999999999956e+00
9.202966808760409956e-02 3.175348045074203185e+01 1.199999999999999956e+00
9.374408787662991127e-02 3.322647354733026503e+01 1.199999999999999956e+00
9.549044557518077125e-02 3.475853510563326410e+01 1.199999999999999956e+00
9.726933615426168467e-02 3.635157098645542817e+01 1.199999999999999956e+00
9.908136566858666283e-02 3.800763748145894283e+01 1.199999999999999956e+00
1.009271514630570854e-01 3.972896558679862977e+01 1.199999999999999956e+00
1.028073223830864719e-01 4.151768986066026201e+01 1.199999999999999956e+00
1.047225189888434382e-01 4.337578006808996633e+01 1.199999999999999956e+00
1.066733937734857113e-01 4.530531513065359661e+01 1.199999999999999956e+00
1.086606113854596822e-01 4.730852901927526233e+01 1.199999999999999956e+00
1.106848488549412035e-01 4.938784845056900252e+01 1.199999999999999956e+00
1.127467958244946084e-01 5.154576230486046029e+01 1.199999999999999956e+00
1.148471547840289042e-01 5.378470854961004477e+01 1.199999999999999956e+00
1.169866413101306873e-01 5.610731746473393855e+01 1.199999999999999956e+00
1.191659843098558796e-01 5.851648490210285303e+01 1.199999999999999956e+00
1.213859262690627772e-01 6.101538882431451327e+01 1.199999999999999956e+00
1.236472235053715091e-01 6.360691972076418210e+01 1.199999999999999956e+00
1.259506464258357550e-01 6.629372093961251267e+01 1.199999999999999956e+00
1.282969797894147612e-01 6.907861638917954394e+01 1.199999999999999956e+00
1.306870229743346268e-01 7.196466668853679494e+01 1.199999999999999956e+00
1.331215902504307713e-01 7.495493141698597128e+01 1.199999999999999956e+00
1.356015110565633452e-01 7.805218897939523970e+01 1.199999999999999956e+00
1.381276302832009362e-01 8.125934870199473892e+01 1.199999999999999956e+00
1.407008085602685088e-01 8.457954549360289320e+01 1.199999999999999956e+00
1.433219225503573890e-01 8.801590866148963244e+01 1.199999999999999956e+00
1.459918652473978506e-01 9.157126856640194035e+01 1.199999999999999956e+00
1.487115462808953625e-01 9.524857763410446410e+01 1.199999999999999956e+00
1.514818922258345801e-01 9.905103823258860984e+01 1.199999999999999956e+00
1.543038469183564687e-01 1.029826447523031732e+02 1.199999999999999956e+00
1.571783717773162781e-01 1.070483887702185228e+02 1.199999999999999956e+00
1.601064461318317811e-01 1.112540416157004444e+02 1.199999999999999956e+00
1.630890675549332702e-01 1.156055529584379258e+02 1.199999999999999956e+00
1.661272522034293042e-01 1.201069199654962034e+02 1.199999999999999956e+00
1.692220351641037235e-01 1.247617566481577143e+02 1.199999999999999956e+00
1.723744708063619790e-01 1.295738662354353607e+02 1.199999999999999956e+00
1.755856331414468730e-01 1.345472983774336626e+02 1.199999999999999956e+00
1.788566161883461958e-01 1.396864179175247784e+02 1.199999999999999956e+00
1.821885343465165230e-01 1.449959332034187014e+02 1.199999999999999956e+00
1.855825227755517060e-01 1.504803370092578803e+02 1.199999999999999956e+00
1.890397377819219571e-01 1.561440333148406978e+02 1.199999999999999956e+00
1.925613572129196704e-01 1.619917901537766056e+02 1.199999999999999956e+00
1.961485808579429280e-01 1.680288432044018805e+02 1.199999999999999956e+00
1.998026308572548593e-01 1.742610092962753754e+02 1.199999999999999956e+00
2.035247521183575770e-01 1.806943542416198625e+02 1.199999999999999956e+00
2.073162127401229071e-01 1.873333607064419937e+02 1.199999999999999956e+00
2.111783044448242164e-01 1.941820763408409789e+02 1.199999999999999956e+00
2.151123430182164953e-01 2.012447382471866320e+02 1.199999999999999956e+00
2.191196687578147451e-01 2.085258465935221750e+02 1.199999999999999956e+00
2.232016469295232397e-01 2.160302531735282798e+02 1.199999999999999956e+00
2.273596682327715113e-01 2.237632670430653832e+02 1.199999999999999956e+00
2.315951492743152096e-01 2.317307795236465324e+02 1.199999999999999956e+00
2.359095330508633737e-01 2.399394111399600433e+02 1.199999999999999956e+00
2.403042894406967056e-01 2.483966833826279412e+02 1.199999999999999956e+00
2.447809157044440187e-01 2.571112185711702978e+02 1.199999999999999956e+00
2.493409369951877785e-01 2.660929715514092209e+02 1.199999999999999956e+00
2.539859068780723761e-01 2.753527114445529946e+02 1.199999999999999956e+00
2.587174078595921300e-01 2.848977525054029911e+02 1.199999999999999956e+00
2.635370519267393186e-01 2.947340289347519615e+02 1.199999999999999956e+00
2.684464810961962322e-01 3.048678136788680604e+02 1.199999999999999956e+00
2.734473679737579599e-01 3.153058278099151721e+02 1.199999999999999956e+00
2.785414163241766161e-01 3.260553666446692773e+02 1.199999999999999956e+00
2.837303616516211324e-01 3.371244487452261183e+02 1.199999999999999956e+00
2.890159717909508430e-01 3.485219908357735790e+02 1.199999999999999956e+00
2.944000475100033709e-01 3.602580120460523858e+02 1.199999999999999956e+00
2.998844231231027613e-01 3.723438713335086732e+02 1.199999999999999956e+00
3.054709671159968054e-01 3.847913720276651475e+02 1.199999999999999956e+00
3.111615827824359970e-01 3.976086616101291042e+02 1.199999999999999956e+00
3.169582088726115021e-01 4.108030275137634817e+02 1.199999999999999956e+00
3.228628202536730218e-01 4.243821839017263642e+02 1.199999999999999956e+00
3.288774285825510346e-01 4.383544054700209927e+02 1.199999999999999956e+00
3.350040829913132900e-01 4.527286863300041659e+02 1.199999999999999956e+00
3.412448707852889229e-01 4.675149272989473843e+02 1.199999999999999956e+00
3.476019181541977754e-01 4.827241553065006769e+02 1.199999999999999956e+00
3.540773908965269556e-01 4.983685879123765403e+02 1.199999999999999956e+00
3.606734951574028236e-01 5.144593459501417101e+02 1.199999999999999956e+00
3.673924781802074269e-01 5.310067750810446796e+02 1.199999999999999956e+00
3.742366290721980682e-01 5.480222475629529981e+02 1.199999999999999956e+00
3.812082795843887983e-01 5.655184508990726044e+02 1.200000000000000178e+00
3.883098049059605095e-01 5.835096797292335395e+02 1.199999999999999956e+00
3.955436244734701345e-01 6.020121738975966537e+02 1.199999999999999956e+00
4.029122027951347884e-01 6.210443845033912567e+02 1.199999999999999956e+00
4.104180502904709038e-01 6.406221803823533492e+02 1.199999999999999956e+00
4.180637241455757991e-01 6.607559140731453908e+02 1.199999999999999956e+00
4.258518291843414461e-01 6.814559399841235745e+02 1.199999999999999956e+00
4.337850187558989212e-01 7.027332009986366756e+02 1.199999999999999956e+00
4.418659956385941334e-01 7.245994141395567567e+02 1.199999999999999956e+00
4.500975129608046355e-01 7.470672905784572322e+02 1.199999999999999956e+00
4.584823751389096036e-01 7.701507088851710705e+02 1.199999999999999956e+00
4.670234388327330621e-01 7.938647324933458549e+02 1.199999999999999956e+00
4.757236139187884794e-01 8.182261354766570776e+02 1.199999999999999956e+00
4.845858644816490868e-01 8.432538624323035492e+02 1.199999999999999956e+00
4.936132098237911991e-01 8.689694777573730562e+02 1.199999999999999956e+00
5.028087254942474882e-01 8.953976082402697330e+02 1.199999999999999956e+00
5.121755443364236493e-01 9.225606356776116854e+02 1.199999999999999956e+00
5.217168575554343990e-01 9.504733196479279513e+02 1.199999999999999956e+00
5.314359158053235666e-01 9.791503695512799368e+02 1.199999999999999956e+00
5.413360302965375404e-01 1.008607535054737014e+03 1.199999999999999956e+00
5.514205739240296555e-01 1.038861886385298249e+03 1.199999999999999956e+00
5.616929824163804374e-01 1.069932143211718312e+03 1.199999999999999956e+00
5.721567555063246102e-01 1.101839058327621160e+03 1.199999999999999956e+00
5.828154581230839959e-01 1.134605863083050053e+03 1.199999999999999956e+00
5.936727216069119795e-01 1.168258782362754800e+03 1.199999999999999956e+00
6.047322449462643190e-01 1.202827419569029189e+03 1.199999999999999956e+00
6.159977960380161877e-01 1.238338193289634319e+03 1.199999999999999956e+00
6.274732129711574347e-01 1.274811262947702744e+03 1.199999999999999956e+00
6.391624053343999412e-01 1.312267839456966612e+03 1.199999999999999956e+00
6.510693555481454897e-01 1.350731042506377662e+03 1.199999999999999956e+00
6.631981202212668958e-01 1.390226336489713503e+03 1.199999999999999956e+00
6.755528315331639222e-01 1.430782036666091471e+03 1.199999999999999956e+00
6.881376986415662644e-01 1.472429894429734986e+03 1.199999999999999956e+00
7.009570091165617800e-01 1.515205770220568638e+03 1.199999999999999956e+00
7.140151304013395706e-01 1.559145689809722626e+03 1.199999999999999956e+00
7.273165113001454074e-01 1.604274342281039253e+03 1.199999999999999956e+00
7.408656834939559843e-01 1.650614842356551890e+03 1.199999999999999956e+00
7.546672630843886953e-01 1.698191764207206461e+03 1.199999999999999956e+00
7.687259521663728501e-01 1.747031528803606534e+03 1.199999999999999956e+00
7.830465404301183430e-01 1.797162858609014393e+03 1.199999999999999956e+00
7.976339067929273385e-01 1.848617308224583212e+03 1.199999999999999956e+00
8.124930210614047521e-01 1.901428542935927453e+03 1.199999999999999956e+00
8.276289456246344045e-01 1.955624858158004599e+03 1.199999999999999956e+00
8.430468371788967241e-01 2.011233147049559193e+03 1.199999999999999956e+00
8.587519484845170803e-01 2.068282483534236690e+03 1.199999999999999956e+00
8.747496301554414933e-01 2.126804678976262494e+03 1.199999999999999956e+00
8.910453324821513421e-01 2.186834920320937727e+03 1.199999999999999956e+00
9.076446072885356875e-01 2.248412463583194949e+03 1.199999999999999956e+00
9.245531098233570333e-01 2.311580144448306328e+03 1.199999999999999956e+00
9.417766006869519035e-01 2.376384797635843825e+03 1.199999999999999956e+00
9.593209477938241525e-01 2.442879500213125084e+03 1.199999999999999956e+00
9.771921283717996953e-01 2.511124823347865458e+03 1.199999999999999956e+00
9.953962309984233370e-01 2.581190181166849470e+03 1.199999999999999956e+00
1.013939457675291811e+00 2.653151406301974475e+03 1.199999999999999956e+00
1.032828125941028574e+00 2.727059103479429723e+03 1.199999999999999956e+00
1.052068671023622892e+00 2.802948837388540142e+03 1.199999999999999956e+00
1.071667648032863296e+00 2.880857192606819353e+03 1.199999999999999956e+00
1.091631734193614811e+00 2.960822298056179989e+03 1.199999999999999956e+00
1.111967731120699021e+00 3.042884288397447563e+03 1.199999999999999956e+00
1.132682567136153784e+00 3.127085851445310254e+03 1.199999999999999956e+00
1.153783299629660863e+00 3.213472872859909330e+03 1.199999999999999956e+00
1.175277117462945276e+00 3.302095190621234451e+03 1.199999999999999956e+00
1.197171343418965694e+00 3.393007473203218979e+03 1.199999999999999956e+00
1.219473436696737023e+00 3.486270236969483449e+03 1.199999999999999956e+00
1.242190995452616242e+00 3.581951020150607746e+03 1.199999999999999956e+00
1.265331759388941713e+00 3.680123926164945715e+03 1.199999999999999956e+00
1.288903612390891462e+00 3.780849879395267635e+03 1.199999999999999956e+00
1.312914585212463958e+00 3.884180189324146795e+03 1.199999999999999956e+00
1.337372858212495075e+00 3.990169654827708200e+03 1.199999999999999956e+00
1.362286764141645401e+00 4.098877682006926079e+03 1.199999999999999956e+00
1.387664790981307128e+00 4.210369315172903043e+03 1.199999999999999956e+00
1.413515584835394190e+00 4.324716431566555002e+03 1.199999999999999956e+00
1.439847952876006643e+00 4.441999120170959941e+03 1.199999999999999956e+00
1.466670866343967150e+00 4.562307267437385235e+03 1.199999999999999956e+00
1.493993463605256311e+00 4.685742375603193977e+03 1.199999999999999956e+00
1.521825053264385552e+00 4.812414315611332313e+03 1.199999999999999956e+00
1.550175117335768737e+00 4.942403861298644188e+03 1.199999999999999956e+00
1.579053314474174297e+00 5.075777492114175402e+03 1.199999999999999956e+00
1.608469483265355215e+00 5.212605672890105780e+03 1.199999999999999956e+00
1.638433645577983100e+00 5.352963943907588146e+03 1.199999999999999956e+00
1.668956009978023181e+00 5.496934068323909742e+03 1.199999999999999956e+00
1.700046975206716438e+00 5.644605366057987339e+03 1.199999999999999956e+00
1.731717133723352786e+00 5.796076257528520728e+03 1.199999999999999956e+00
1.763977275314043469e+00 5.951455472413195821e+03 1.199999999999999956e+00
1.796838390767719229e+00 6.110844887721979831e+03 1.199999999999999956e+00
1.830311675620611256e+00 6.274332277071673161e+03 1.199999999999999956e+00
1.864408533970485227e+00 6.442011093860274741e+03 1.199999999999999956e+00
1.899140582361933616e+00 6.613983211073753409e+03 1.199999999999999956e+00
1.934519653744044332e+00 6.790360652836224290e+03 1.199999999999999956e+00
1.970557801501798378e+00 6.971267591660016478e+03 1.199999999999999956e+00
2.007267303562568106e+00 7.156842550841827688e+03 1.199999999999999956e+00
2.044660666579115826e+00 7.347219218240323244e+03 1.199999999999999956e+00
2.082750630190514318e+00 7.542494416392625681e+03 1.199999999999999956e+00
2.121550171362450055e+00 7.742763796309757709e+03 1.199999999999999956e+00
2.161072508808376647e+00 7.948129158698127867e+03 1.199999999999999956e+00
2.201331107493030181e+00 8.158699936055279068e+03 1.199999999999999956e+00
2.242339683219845003e+00 8.374594921769139546e+03 1.199999999999999956e+00
2.284112207303823361e+00 8.595944277231497836e+03 1.199999999999999956e+00
2.326662911331458083e+00 8.822891851531632710e+03 1.199999999999999956e+00
2.370006292009327886e+00 9.055597852361968762e+03 1.199999999999999956e+00
2.414157116103017753e+00 9.294241911449580584e+03 1.199999999999999956e+00
2.459130425468043946e+00 9.539026593257611239e+03 1.199999999999999956e+00
2.504941542174502267e+00 9.790181368548506725e+03 1.199999999999999956e+00
2.551606073727183954e+00 1.004792819305971898e+04 1.199999999999999956e+00
2.599139918382932901e+00 1.031239722651831107e+04 1.199999999999999956e+00
2.647559270567066747e+00 1.058370192761147700e+04 1.199999999999999956e+00
2.696880626390692370e+00 1.086195839564325070e+04 1.199999999999999956e+00
2.747120789270811603e+00 1.114728644178193463e+04 1.199999999999999956e+00
2.798296875655115645e+00 1.143981088095564701e+04 1.199999999999999956e+00
2.850426320853434614e+00 1.173966307407561362e+04 1.199999999999999956e+00
2.903526884977813971e+00 1.204698275344962349e+04 1.199999999999999956e+00
2.957616658993253544e+00 1.236192016779286132e+04 1.199999999999999956e+00
3.012714070881164385e+00 1.268463855933654122e+04 1.199999999999999956e+00
3.068837891917642224e+00 1.301531267498528177e+04 1.199999999999999956e+00
3.126007243068700259e+00 1.335412598406222969e+04 1.199999999999999956e+00
3.184241601504649744e+00 1.370128065112134209e+04 1.199999999999999956e+00
3.243560807235807975e+00 1.405700250488235361e+04 1.199999999999999956e+00
3.303985069871854918e+00 1.442154558656428162e+04 1.199999999999999956e+00
3.365534975507090909e+00 1.479519735501699870e+04 1.199999999999999956e+00
3.428231493733967294e+00 1.517828462918953846e+04 1.199999999999999956e+00
3.492095984787267682e+00 1.557118035919818794e+04 1.199999999999999956e+00
3.557150206821382277e+00 1.597427900086169757e+04 1.199999999999999956e+00
3.623416323323146226e+00 1.638783290438095355e+04 1.199999999999999956e+00
3.690916910662774608e+00 1.681204053352931078e+04 1.199999999999999956e+00
3.759674965785463563e+00 1.724710873708211147e+04 1.199999999999999956e+00
3.829713914046277257e+00 1.769325503695399675e+04 1.199999999999999956e+00
3.901057617190989202e+00 1.815071022935397923e+04 1.199999999999999956e+00
3.973730381485604202e+00 1.861972143370179037e+04 1.199999999999999956e+00
4.047756965997318268e+00 1.910055204679545932e+04 1.199999999999999956e+00
4.123162591029748469e+00 1.959344052767996982e+04 1.199999999999999956e+00
4.199972946715301525e+00 2.009860775237119014e+04 1.199999999999999956e+00
4.278214201767612579e+00 2.061628740640101751e+04 1.199999999999999956e+00
4.357913012397025554e+00 2.114672997043692158e+04 1.199999999999999956e+00
4.439096531392166867e+00 2.169020669353355333e+04 1.199999999999999956e+00
4.521792417370697592e+00 2.224701420928936568e+04 1.199999999999999956e+00
4.606028844202397998e+00 2.281747987413555165e+04 1.199999999999999956e+00
4.691834510607794329e+00 2.340196791605996259e+04 1.199999999999999956e+00
4.779238649935595440e+00 2.400088649247401918e+04 1.199999999999999956e+00
4.868271040122278848e+00 2.461469576794105160e+04 1.199999999999999956e+00
4.958962013837211913e+00 2.524391713644938500e+04 1.199999999999999956e+00
5.051342468816761411e+00 2.588913245400673986e+04 1.199999999999999956e+00
5.145443878390924652e+00 2.655078949648744310e+04 1.199999999999999956e+00
5.241298302206056192e+00 2.722918607156784856e+04 1.199999999999999956e+00
5.338938397147350301e+00 2.792462577364156823e+04 1.199999999999999956e+00
5.438397428464796235e+00 2.863742690165036038e+04 1.199999999999999956e+00
5.539709281106400596e+00 2.936792636900960133e+04 1.199999999999999956e+00
5.642908471262536807e+00 3.011648429830392342e+04 1.199999999999999956e+00
5.748030158125351008e+00 3.088348938770398672e+04 1.199999999999999956e+00
5.855110155867238042e+00 3.166936514564018580e+04 1.199999999999999956e+00
5.964184945842459840e+00 3.247457710108637912e+04 1.199999999999999956e+00
6.075291689016070862e+00 3.329963011962822929e+04 1.199999999999999956e+00
6.188468238624382778e+00 3.414495614389741240e+04 1.199999999999999956e+00
6.303753153071275150e+00 3.501094022467853210e+04 1.199999999999999956e+00
6.421185709064758385e+00 3.589799497828538733e+04 1.199999999999999956e+00
6.540805914998252923e+00 3.680656843520724942e+04 1.199999999999999956e+00
6.662654524581149929e+00 3.773715180458883697e+04 1.199999999999999956e+00
6.786773050723295064e+00 3.869028843894122838e+04 1.199999999999999956e+00
6.913203779678127603e+00 3.966658414492126758e+04 1.199999999999999956e+00
7.041989785449288775e+00 4.066671733938027319e+04 1.199999999999999956e+00
7.173174944465612768e+00 4.169134122226559703e+04 1.199999999999999956e+00
7.306803950529499936e+00 4.274099870191352966e+04 1.199999999999999956e+00
7.442922330043757917e+00 4.381626656445810659e+04 1.199999999999999956e+00
7.581576457522110069e+00 4.491777968799396331e+04 1.199999999999999956e+00
7.722813571388642551e+00 4.604624241141109087e+04 1.199999999999999956e+00
7.866681790071582192e+00 4.720244157295433251e+04 1.199999999999999956e+00
8.013230128396878982e+00 4.838726135287010402e+04 1.199999999999999956e+00
8.162508514287219796e+00 4.960157027822520467e+04 1.199999999999999956e+00
8.314567805772055564e+00 5.084592250964300911e+04 1.199999999999999956e+00
8.469459808314576676e+00 5.212082056185962574e+04 1.199999999999999956e+00
8.627237292461440887e+00 5.342678940527954546e+04 1.199999999999999956e+00
8.787954011821311084e+00 5.476438313124381239e+04 1.199999999999999956e+00
8.951664721378293166e+00 5.613419280586621608e+04 1.199999999999999956e+00
9.118425196146562328e+00 5.753685566260202904e+04 1.199999999999999956e+00
9.288292250172489162e+00 5.897306579990895989e+04 1.199999999999999956e+00
9.461323755890759912e+00 6.044358656855891604e+04 1.199999999999999956e+00
9.637578663841079418e+00 6.194926485378158395e+04 1.199999999999999956e+00
9.817117022752183786e+00 6.349104748088831548e+04 1.199999999999999956e+00
1.000000000000000000e+01 6.506999999999993452e+04 1.199999999999999956e+00
