# Reference: https://doi.org/10.1088/1475-7516/2020/03/010
1.000000000000000021e-03 5.573694918723128319e+09 1.080864684531410935e+00
1.018628990244687619e-03 5.570546791070527077e+09 1.080864678812998525e+00
1.037605019766911670e-03 5.567362416105545044e+09 1.080864673352820438e+00
1.056934553557988335e-03 5.564141768012754440e+09 1.080864668164647213e+00
1.076624177045493267e-03 5.560884834609597206e+09 1.080864663262572023e+00
1.096680598336868600e-03 5.557591617587475777e+09 1.080864658661003563e+00
1.117110650504824203e-03 5.554262132728930473e+09 1.080864654374658285e+00
1.137921293915315117e-03 5.550896410097350121e+09 1.080864650418549289e+00
1.159119618598885779e-03 5.547494494196153641e+09 1.080864646807975449e+00
1.180712846666190276e-03 5.544056444093997002e+09 1.080864643558507643e+00
1.202708334768511989e-03 5.540582333512444496e+09 1.080864640685972100e+00
1.225113576604118949e-03 5.537072250871572495e+09 1.080864638206433526e+00
1.247936205471311460e-03 5.533526299289793968e+09 1.080864636136173562e+00
1.271183996869028896e-03 5.529944596533138275e+09 1.080864634491669252e+00
1.294864871145904933e-03 5.526327274908399582e+09 1.080864633289565502e+00
1.318986896198670470e-03 5.522674481096091270e+09 1.080864632546646886e+00
1.343558290220826226e-03 5.518986375916226387e+09 1.080864632279806559e+00
1.368587424502519176e-03 5.515263134021813393e+09 1.080864632506008283e+00
1.394082826282578647e-03 5.511504943512972832e+09 1.080864633242249351e+00
1.420053181653683095e-03 5.507712005464915276e+09 1.080864634505515287e+00
1.446507338521647217e-03 5.503884533362430573e+09 1.080864636312732996e+00
1.473454309619835756e-03 5.500022752432751656e+09 1.080864638680717693e+00
1.500903275579736594e-03 5.496126898868228912e+09 1.080864641626115175e+00
1.528863588058731147e-03 5.492197218930152893e+09 1.080864645165339200e+00
1.557344772926135207e-03 5.488233967923488617e+09 1.080864649314501769e+00
1.586356533508589657e-03 5.484237409032200813e+09 1.080864654089339183e+00
1.615908753895919101e-03 5.480207812004887581e+09 1.080864659505129000e+00
1.646011502308549748e-03 5.476145451677682877e+09 1.080864665576602324e+00
1.676675034527699143e-03 5.472050606322889328e+09 1.080864672317846109e+00
1.707909797389426916e-03 5.467923555809483528e+09 1.080864679742199241e+00
1.739726432343800767e-03 5.463764579561004639e+09 1.080864687862138629e+00
1.772135779080358372e-03 5.459573954296041489e+09 1.080864696689156412e+00
1.805148879221108154e-03 5.455351951534823418e+09 1.080864706233626960e+00
1.838776980082326793e-03 5.451098834854534149e+09 1.080864716504664091e+00
1.873031538506436536e-03 5.446814856875083923e+09 1.080864727509964540e+00
1.907924224765265072e-03 5.442500255955436707e+09 1.080864739255641638e+00
1.943466926536020246e-03 5.438155252580552101e+09 1.080864751746045682e+00
1.979671752951332481e-03 5.433780045414827347e+09 1.080864764983568538e+00
2.016551038724746607e-03 5.429374807000798225e+09 1.080864778968435358e+00
2.054117348353064112e-03 5.424939679075883865e+09 1.080864793698479431e+00
2.092383480396977150e-03 5.420474767481683731e+09 1.080864809168900598e+00
2.131362471841437810e-03 5.415980136637149811e+09 1.080864825372005233e+00
2.171067602537264923e-03 5.411455803545002937e+09 1.080864842296928030e+00
2.211512399725488933e-03 5.406901731299901962e+09 1.080864859929331345e+00
2.252710642645980484e-03 5.402317822064016342e+09 1.080864878251085015e+00
2.294676367231936100e-03 5.397703909473957062e+09 1.080864897239921296e+00
2.337423870891814758e-03 5.393059750440711021e+09 1.080864916869065384e+00
2.380967717380358135e-03 5.388385016301543236e+09 1.080864937106840395e+00
2.425322741760352948e-03 5.383679283281574249e+09 1.080864957916243707e+00
2.470504055456825433e-03 5.378942022218265533e+09 1.080864979254492431e+00
2.516527051405391836e-03 5.374172587501222610e+09 1.080865001072539133e+00
2.563407409296514835e-03 5.369370205175542831e+09 1.080865023314551365e+00
2.611161100917459583e-03 5.364533960154655457e+09 1.080865045917357659e+00
2.659804395593758260e-03 5.359662782485367775e+09 1.080865068809853335e+00
2.709353865732051433e-03 5.354755432604189873e+09 1.080865091912365461e+00
2.759826392466180594e-03 5.349810485521334648e+09 1.080865115135976495e+00
2.811239171408464344e-03 5.344826313864165306e+09 1.080865138381799317e+00
2.863609718508115885e-03 5.339801069709853172e+09 1.080865161540204733e+00
2.916955876018795853e-03 5.334732665131200790e+09 1.080865184489996800e+00
2.971295818577334054e-03 5.329618751377488136e+09 1.080865207097532421e+00
3.026648059395692196e-03 5.324456758665814400e+09 1.080865229215344892e+00
3.083031456568277075e-03 5.319245437559790611e+09 1.080865250670115296e+00
3.140465219496752208e-03 5.313985147851419449e+09 1.080865271259331406e+00
3.198968915434537586e-03 5.308676365843173027e+09 1.080865290760422370e+00
3.258562476153226226e-03 5.303319607588171959e+09 1.080865308929863211e+00
3.319266204733189573e-03 5.297915429741276741e+09 1.080865325501636498e+00
3.381100782480685445e-03 5.292464430379221916e+09 1.080865340185593659e+00
3.444087275973823411e-03 5.286967249786203384e+09 1.080865352665710377e+00
3.508247144239792347e-03 5.281424571199128151e+09 1.080865362598225632e+00
3.573602246065788347e-03 5.275837121507142067e+09 1.080865369609660620e+00
3.640174847446141400e-03 5.270205671900308609e+09 1.080865373294710219e+00
3.707987629168172684e-03 5.264531038460135460e+09 1.080865373213995673e+00
3.777063694539364597e-03 5.258814082685699463e+09 1.080865368891674727e+00
3.847426577258505898e-03 5.253055711948546410e+09 1.080865359812896109e+00
3.919100249433401899e-03 5.247256879867498398e+09 1.080865345421092805e+00
3.992109129748053209e-03 5.241418586595932961e+09 1.080865325115099251e+00
4.066478091781853925e-03 5.235541853622956276e+09 1.080865298421630483e+00
4.142232472483897525e-03 5.229627602419769287e+09 1.080865265833574451e+00
4.219398080805024202e-03 5.223676731825296402e+09 1.080865228275851742e+00
4.298001206490798497e-03 5.217690161745684624e+09 1.080865186800320288e+00
4.378068629038166758e-03 5.211668830992188454e+09 1.080865142595967665e+00
4.459627626819095622e-03 5.205613694800106049e+09 1.080865097000127228e+00
4.542705986374042521e-03 5.199525722049961090e+09 1.080865051510470964e+00
4.627332011878692967e-03 5.193405892168294907e+09 1.080865007797825905e+00
4.713534534786906725e-03 5.187255191684078217e+09 1.080864967719871395e+00
4.801342923653449841e-03 5.181074610414992332e+09 1.080864933335769162e+00
4.890787094139589959e-03 5.174865137256174088e+09 1.080864906921785717e+00
4.981897519205159656e-03 5.168627755542201996e+09 1.080864890987972782e+00
5.074705239490466188e-03 5.162363005559403419e+09 1.080864887857033496e+00
5.169241873891598608e-03 5.156068119592476845e+09 1.080864896774464956e+00
5.265539630332755246e-03 5.149738427607336998e+09 1.080864915344912136e+00
5.363631316739239652e-03 5.143368632594172478e+09 1.080864940847824140e+00
5.463550352214875498e-03 5.136952765384542465e+09 1.080864970217457088e+00
5.565330778427646403e-03 5.130484129890625954e+09 1.080865000014809674e+00
5.669007271207434327e-03 5.123955244741551399e+09 1.080865026397621831e+00
5.774615152359819509e-03 5.117357781129906654e+09 1.080865045088312382e+00
5.882190401699956099e-03 5.110682496675555229e+09 1.080865051339724880e+00
5.991769669310619169e-03 5.103919165113337517e+09 1.080865039898542879e+00
6.103390288028621123e-03 5.097059311167426109e+09 1.080865006694030184e+00
6.217090286163826779e-03 5.090108056759730339e+09 1.080864956152022494e+00
6.332908400455114321e-03 5.083075801755347252e+09 1.080864896135473430e+00
6.450884089267692675e-03 5.075974145851929665e+09 1.080864835464477869e+00
6.571057546036270826e-03 5.068815975125297546e+09 1.080864783992241396e+00
6.693469712958660493e-03 5.061615555837156296e+09 1.080864752687201724e+00
6.818162294944479437e-03 5.054388634534476280e+09 1.080864753720762739e+00
6.945177773823696388e-03 5.047152544935978889e+09 1.080864800561001982e+00
7.074559422819878297e-03 5.039925286319563866e+09 1.080864906593734576e+00
7.206351321293052656e-03 5.032708897649591446e+09 1.080865061271200744e+00
7.340598369757212090e-03 5.025490403943462372e+09 1.080865231212200461e+00
7.477346305177588227e-03 5.018254693478626251e+09 1.080865378415429179e+00
7.616641716552892058e-03 5.010984791935173035e+09 1.080865460525617827e+00
7.758532060787835978e-03 5.003661715471364975e+09 1.080865430489713619e+00
7.903065678861348128e-03 4.996264314767333031e+09 1.080865236189650913e+00
8.050291812295981564e-03 4.988769449668143272e+09 1.080864821546954735e+00
8.200260619934130954e-03 4.981171544183058739e+09 1.080864213121658146e+00
8.353023195026778799e-03 4.973495862619324684e+09 1.080863579805233066e+00
8.508631582640582489e-03 4.965773172276363373e+09 1.080863122313926672e+00
8.667138797389234081e-03 4.958037531514982224e+09 1.080863064151333930e+00
8.828598841495149604e-03 4.950326532024642944e+09 1.080863653403583147e+00
8.993066723187623582e-03 4.942681559352746010e+09 1.080865164657355937e+00
9.160598475443709407e-03 4.935124284823266983e+09 1.080867717860921173e+00
9.331251175078249249e-03 4.927567481217955589e+09 1.080870588969681911e+00
9.505082962189511861e-03 4.919881844348243713e+09 1.080872719273051619e+00
9.682153059967075343e-03 4.911924012966979980e+09 1.080872929085051615e+00
9.862521794868784469e-03 4.903535570367437363e+09 1.080869908228993648e+00
1.004625061717340749e-02 4.894543212821571350e+09 1.080862234433805913e+00
1.023340212191641702e-02 4.884902895080874443e+09 1.080851889964202561e+00
1.042404007021556327e-02 4.874859223470687866e+09 1.080848193249529521e+00
1.061822941099384125e-02 4.864718720097465515e+09 1.080862365241956002e+00
1.081603630310709954e-02 4.854773301483049393e+09 1.080903678279586444e+00
1.101752813788386791e-02 4.845089823263360977e+09 1.080965236185219336e+00
1.122277356208507652e-02 4.835655870944844246e+09 1.081033518005517280e+00
1.143184250129149725e-02 4.826456540192077637e+09 1.081093388679518208e+00
1.164480618372686072e-02 4.817474259206674576e+09 1.081127973193514835e+00
1.186173716452478509e-02 4.808688552390510559e+09 1.081118521653423814e+00
1.208270935044776506e-02 4.800075787146985054e+09 1.081044268601579761e+00
1.230779802506665188e-02 4.791608903078889847e+09 1.080882287271780262e+00
1.253707987440920262e-02 4.783254353570377350e+09 1.080613299506872460e+00
1.277063301308643990e-02 4.774959785508584976e+09 1.080247450666762754e+00
1.300853701090571267e-02 4.766661916244790077e+09 1.079806646852452312e+00
1.325087291997953214e-02 4.758290273393290520e+09 1.079315615986361721e+00
1.349772330233941706e-02 4.749766654619956017e+09 1.078802115873337186e+00
1.374917225806419029e-02 4.741004563486780167e+09 1.078297165927638135e+00
1.400530545393219653e-02 4.731908626126678467e+09 1.077835302349624325e+00
1.426621015260736910e-02 4.722373992783233643e+09 1.077454861213470894e+00
1.453197524236895383e-02 4.712316232591748238e+09 1.077191369027527656e+00
1.480269126739508674e-02 4.701787046471989632e+09 1.077051355283853429e+00
1.507845045861051086e-02 4.690887295142652512e+09 1.077032026714852986e+00
1.535934676510897039e-02 4.679729576236051559e+09 1.077129827758195768e+00
1.564547588616095955e-02 4.668439018524911880e+09 1.077340362227262371e+00
1.593693530381774456e-02 4.657154154369293213e+09 1.077658307465107601e+00
1.623382431612278159e-02 4.646027882172272682e+09 1.078077321315767945e+00
1.653624407094180307e-02 4.635228537174675941e+09 1.078589941507138050e+00
1.684429760042315330e-02 4.624941083402131081e+09 1.079187476733884932e+00
1.715808985610004986e-02 4.615305008300548553e+09 1.079857674483213126e+00
1.747772774464680795e-02 4.606252504386219025e+09 1.080578849510687611e+00
1.780332016430113962e-02 4.597658762473879814e+09 1.081324865235196997e+00
1.813497804196495186e-02 4.589383753608244896e+09 1.082066374101640305e+00
1.847281437099634188e-02 4.581270920734435081e+09 1.082770553140579128e+00
1.881694424970555696e-02 4.573145822010863304e+09 1.083400830555047767e+00
1.916748492056815148e-02 4.564814740784243584e+09 1.083916606087905743e+00
1.952455581016860828e-02 4.556063282391471863e+09 1.084272968814094185e+00
1.988827856988809734e-02 4.546694872107851028e+09 1.084429602887863053e+00
2.025877711735016989e-02 4.536731493031973839e+09 1.084397253352128221e+00
2.063617767863858837e-02 4.526287269008833885e+09 1.084209116175080201e+00
2.102060883130158278e-02 4.515490054523357391e+09 1.083902967065371259e+00
2.141220154815729262e-02 4.504482224591576576e+09 1.083521457810973976e+00
2.181108924191518805e-02 4.493421660624701500e+09 1.083112470150063178e+00
2.221740781062883641e-02 4.482482843214153290e+09 1.082729510120148175e+00
2.263129568399528321e-02 4.471850625455421448e+09 1.082429985939005634e+00
2.305289387051707301e-02 4.461588692859568596e+09 1.082236952464106006e+00
2.348234600554275145e-02 4.451640921185458183e+09 1.082139188325750734e+00
2.391979840020238418e-02 4.441939590527199745e+09 1.082122546646659744e+00
2.436540009125464853e-02 4.432408647184174538e+09 1.082170924490183150e+00
2.481930289186254010e-02 4.422963022498954773e+09 1.082266087388548348e+00
2.528166144331499277e-02 4.413507918791761398e+09 1.082387483197355671e+00
2.575263326771199887e-02 4.403938065965648651e+09 1.082512045667842537e+00
2.623237882163122203e-02 4.394138091835182190e+09 1.082614237061490847e+00
2.672106155079433804e-02 4.384041675037784576e+09 1.082678963250141679e+00
2.721884794575178332e-02 4.373667998311319351e+09 1.082709689834673528e+00
2.772590759860482645e-02 4.363046444695200920e+09 1.082712087866468220e+00
2.824241326078434297e-02 4.352210026077996254e+09 1.082692608365555476e+00
2.876854090190592711e-02 4.341195635969765663e+09 1.082658545331591560e+00
2.930446976972142861e-02 4.330044319203450203e+09 1.082618103430214918e+00
2.985038245118730796e-02 4.318801560132793427e+09 1.082580470753232049e+00
3.040646493467067182e-02 4.307505972917648315e+09 1.082553639659770806e+00
3.097290667331408301e-02 4.296156916962895393e+09 1.082538088094793016e+00
3.154990064958086704e-02 4.284743492699986935e+09 1.082532349407930861e+00
3.213764344100276948e-02 4.273253505341323376e+09 1.082534746268721371e+00
3.273633528715245988e-02 4.261673366942912102e+09 1.082543372826473727e+00
3.334618015786364187e-02 4.249987992821528435e+09 1.082556075635650039e+00
3.396738582272208068e-02 4.238180692167314053e+09 1.082570433279374855e+00
3.460016392185108480e-02 4.226233076031126976e+09 1.082583736810124098e+00
3.524473003801584237e-02 4.214134082173851013e+09 1.082593827365879724e+00
3.590130377007068330e-02 4.201895156175419807e+09 1.082600529023476144e+00
3.657010880777489259e-02 4.189532730367259026e+09 1.082604011177499048e+00
3.725137300800209633e-02 4.177064964320914745e+09 1.082604476058773635e+00
3.794532847236938011e-02 4.164511860533270359e+09 1.082602161645077832e+00
3.865221162631261864e-02 4.151895387564044952e+09 1.082597344779602233e+00
3.937226329963479377e-02 4.139239611305914879e+09 1.082590344510823810e+00
4.010572880855495931e-02 4.126570835165617466e+09 1.082581525668376177e+00
4.085285803928561527e-02 4.113911594145507812e+09 1.082571458727011215e+00
4.161390553316707264e-02 4.101259934790971279e+09 1.082561457198477406e+00
4.238913057338778573e-02 4.088606220269932747e+09 1.082553168399991828e+00
4.317879727332021161e-02 4.075939449812865734e+09 1.082548425372008793e+00
4.398317466650223523e-02 4.063247151303530216e+09 1.082549261514174521e+00
4.480253679829489938e-02 4.050515267338048935e+09 1.082557926258957526e+00
4.563716281924758839e-02 4.037728034557450771e+09 1.082576901860345497e+00
4.648733708020256344e-02 4.024867898701510906e+09 1.082608156397385279e+00
4.735334922917116413e-02 4.011915697654017448e+09 1.082647431797020054e+00
4.823549431001467047e-02 3.998850377196731091e+09 1.082686728679039811e+00
4.913407286296361809e-02 3.985648685723999977e+09 1.082717088918296877e+00
5.004939102700953213e-02 3.972285020815862656e+09 1.082728541235385977e+00
5.098176064420424647e-02 3.958731269952545643e+09 1.082710022782105819e+00
5.193149936590212012e-02 3.944956644459207535e+09 1.082649296624380364e+00
5.289893076098151070e-02 3.930928117891367912e+09 1.082533068675482824e+00
5.388438442608223938e-02 3.916642479281838417e+09 1.082357672598683873e+00
5.488819609789671872e-02 3.902145996715962410e+09 1.082135824529568913e+00
5.591070776755290017e-02 3.887493885151835918e+09 1.081883263403656148e+00
5.695226779712821846e-02 3.872746962808012962e+09 1.081617669010428440e+00
5.801323103833375128e-02 3.857972016546709538e+09 1.081358814001432744e+00
5.909395895340967958e-02 3.843242198099653244e+09 1.081128729440261615e+00
6.019481973827271043e-02 3.828637456248561382e+09 1.080951885966657144e+00
6.131618844795772016e-02 3.814244884006251335e+09 1.080855353409129860e+00
6.245844712439614643e-02 3.800122044137755394e+09 1.080857371921552623e+00
6.362198492657485105e-02 3.786240413295993328e+09 1.080949417869287998e+00
6.480719826311967524e-02 3.772554066525632381e+09 1.081117374567264422e+00
6.601449092734885948e-02 3.759011535040833473e+09 1.081345182842389674e+00
6.724427423484245769e-02 3.745555373213294506e+09 1.081614667418126174e+00
6.849696716357443760e-02 3.732121704392044544e+09 1.081905352831523670e+00
6.977299649665534564e-02 3.718639747334656715e+09 1.082194269278875520e+00
7.107279696773415034e-02 3.705031325844231606e+09 1.082455749084364705e+00
7.239681140910873836e-02 3.691211855638827324e+09 1.082661732859795833e+00
7.374549090259549522e-02 3.677138239884559631e+09 1.082798451696503461e+00
7.511929493320965157e-02 3.662824442800123215e+09 1.082872185343736637e+00
7.651869154570821452e-02 3.648289831106677055e+09 1.082891514008954337e+00
7.794415750404946885e-02 3.633555957500247002e+09 1.082866251384731360e+00
7.939617845382279659e-02 3.618646697750348091e+09 1.082807542766511144e+00
8.087524908770453436e-02 3.603588395803888798e+09 1.082727970542731288e+00
8.238187331399605962e-02 3.588410017732440948e+09 1.082641667936285579e+00
8.391656442830157381e-02 3.573143247608794212e+09 1.082564387984010557e+00
8.547984528840409102e-02 3.557814791828988075e+09 1.082507344025339657e+00
8.707224849239916797e-02 3.542438228498749256e+09 1.082470523992982603e+00
8.869431656014709064e-02 3.527026402835904121e+09 1.082452392108423034e+00
9.034660211810524588e-02 3.511593106286877155e+09 1.082451158970466398e+00
9.202966808760409956e-02 3.496153130306735516e+09 1.082464759246177577e+00
9.374408787662991127e-02 3.480722323523356915e+09 1.082490827772232489e+00
9.549044557518077125e-02 3.465317652597257614e+09 1.082526673978035037e+00
9.726933615426168467e-02 3.449957267124927044e+09 1.082569254540881820e+00
9.908136566858666283e-02 3.434657199796610832e+09 1.082615129564070910e+00
1.009271514630570854e-01 3.419402642423062801e+09 1.082660305578898141e+00
1.028073223830864719e-01 3.404159215697890282e+09 1.082700248199456095e+00
1.047225189888434382e-01 3.388888590573822975e+09 1.082729913058907201e+00
1.066733937734857113e-01 3.373548385411766052e+09 1.082743706885740620e+00
1.086606113854596822e-01 3.358091892529210091e+09 1.082735445510605965e+00
1.106848488549412035e-01 3.342467796078266144e+09 1.082698309440202733e+00
1.127467958244946084e-01 3.326619883030657291e+09 1.082624796956381363e+00
1.148471547840289042e-01 3.310490390814251900e+09 1.082507209998428088e+00
1.169866413101306873e-01 3.294077258738347054e+09 1.082346115835643330e+00
1.191659843098558796e-01 3.277429349665493011e+09 1.082149849786752327e+00
1.213859262690627772e-01 3.260601904770570278e+09 1.081928076828643004e+00
1.236472235053715091e-01 3.243655449823322773e+09 1.081691678604979057e+00
1.259506464258357550e-01 3.226656105832830906e+09 1.081452849478957257e+00
1.282969797894147612e-01 3.209675926688558102e+09 1.081225200290765631e+00
1.306870229743346268e-01 3.192793269010356426e+09 1.081023870773310191e+00
1.331215902504307713e-01 3.176093200462716579e+09 1.080865651744373102e+00
1.356015110565633452e-01 3.159644218506236553e+09 1.080764430627176864e+00
1.381276302832009362e-01 3.143421591443807602e+09 1.080715899249243828e+00
1.407008085602685088e-01 3.127371693161191463e+09 1.080709924661743315e+00
1.433219225503573890e-01 3.111435042348194599e+09 1.080735024494138941e+00
1.459918652473978506e-01 3.095545877234728813e+09 1.080778251356264263e+00
1.487115462808953625e-01 3.079631716573652744e+09 1.080825070240726493e+00
1.514818922258345801e-01 3.063612910756989002e+09 1.080859229017167245e+00
1.543038469183564687e-01 3.047402265660873413e+09 1.080862639068526532e+00
1.571783717773162781e-01 3.030945162935103416e+09 1.080824089246573250e+00
1.601064461318317811e-01 3.014291351670783043e+09 1.080755193937866343e+00
1.630890675549332702e-01 2.997513441523303032e+09 1.080673044197972388e+00
1.661272522034293042e-01 2.980690681629342556e+09 1.080596777318007184e+00
1.692220351641037235e-01 2.963909352453240871e+09 1.080547739714958766e+00
1.723744708063619790e-01 2.947263200447923183e+09 1.080549665037558116e+00
1.755856331414468730e-01 2.930853924883651257e+09 1.080628869858341501e+00
1.788566161883461958e-01 2.914791728094044209e+09 1.080814469777339415e+00
1.821885343465165230e-01 2.899175187796394348e+09 1.081132805414576126e+00
1.855825227755517060e-01 2.883956814072252750e+09 1.081569468128581235e+00
1.890397377819219571e-01 2.869014040684827328e+09 1.082088232249363458e+00
1.925613572129196704e-01 2.854211516583335876e+09 1.082648172145276533e+00
1.961485808579429280e-01 2.839400462417156219e+09 1.083203336916864767e+00
1.998026308572548593e-01 2.824417755929591179e+09 1.083702334105231868e+00
2.035247521183575770e-01 2.809085055929044724e+09 1.084087907522089056e+00
2.073162127401229071e-01 2.793207996698381424e+09 1.084296517006155147e+00
2.111783044448242164e-01 2.776626437418673992e+09 1.084274156145190959e+00
2.151123430182164953e-01 2.759406793204036713e+09 1.084038257563349594e+00
2.191196687578147451e-01 2.741693237680649281e+09 1.083631895684754598e+00
2.232016469295232397e-01 2.723643798267308235e+09 1.083103866387320258e+00
2.273596682327715113e-01 2.705430941185750961e+09 1.082509077653289520e+00
2.315951492743152096e-01 2.687242268558360100e+09 1.081908988098027269e+00
2.359095330508633737e-01 2.669281358458801746e+09 1.081372104023138991e+00
2.403042894406967056e-01 2.651768792600034237e+09 1.080974550440270576e+00
2.447809157044440187e-01 2.634933008959008694e+09 1.080797199386552165e+00
2.493409369951877785e-01 2.618831485995820045e+09 1.080864732181185728e+00
2.539859068780723761e-01 2.603358275653699875e+09 1.081146464598340629e+00
2.587174078595921300e-01 2.588390935589022636e+09 1.081605445336832227e+00
2.635370519267393186e-01 2.573794635285007477e+09 1.082199723736004149e+00
2.684464810961962322e-01 2.559421113819400787e+09 1.082881862490070457e+00
2.734473679737579599e-01 2.545107636104141712e+09 1.083598428763985488e+00
2.785414163241766161e-01 2.530675973904221535e+09 1.084289469598658240e+00
2.837303616516211324e-01 2.515966681140710354e+09 1.084898565061821696e+00
2.890159717909508430e-01 2.500958499276912689e+09 1.085409006623665684e+00
2.944000475100033709e-01 2.485669873845484257e+09 1.085815085344540964e+00
2.998844231231027613e-01 2.470121308008556366e+09 1.086110893507667319e+00
3.054709671159968054e-01 2.454335465717467308e+09 1.086290322859639890e+00
3.111615827824359970e-01 2.438337279141109467e+09 1.086347063405795232e+00
3.169582088726115021e-01 2.422154060736807346e+09 1.086274602743000806e+00
3.228628202536730218e-01 2.405815620729998112e+09 1.086066225988060907e+00
3.288774285825510346e-01 2.389356994417342186e+09 1.085719155889647958e+00
3.350040829913132900e-01 2.372832842077798367e+09 1.085257524197020151e+00
3.412448707852889229e-01 2.356308924794363976e+09 1.084719291309124145e+00
3.476019181541977754e-01 2.339856352260671139e+09 1.084147099167686923e+00
3.540773908965269556e-01 2.323551880090379238e+09 1.083588598843195472e+00
3.606734951574028236e-01 2.307478260845538616e+09 1.083096840824790741e+00
3.673924781802074269e-01 2.291724644518068314e+09 1.082730716712698715e+00
3.742366290721980682e-01 2.276386461559610367e+09 1.082555081543718600e+00
3.812082795843887983e-01 2.261512716142469883e+09 1.082605829256380714e+00
3.883098049059605095e-01 2.247057536859709263e+09 1.082856436194672645e+00
3.955436244734701345e-01 2.232959606109891415e+09 1.083269558354910123e+00
4.029122027951347884e-01 2.219151214708365917e+09 1.083802857752690141e+00
4.104180502904709038e-01 2.205557750564707279e+09 1.084408524166291521e+00
4.180637241455757991e-01 2.192097171965664864e+09 1.085032777087309386e+00
4.258518291843414461e-01 2.178679472378222942e+09 1.085615353963508944e+00
4.337850187558989212e-01 2.165206232035656452e+09 1.086089055113201862e+00
4.418659956385941334e-01 2.151604613477029324e+09 1.086404267142605073e+00
4.500975129608046355e-01 2.137884201311147451e+09 1.086571146019962519e+00
4.584823751389096036e-01 2.124069476849216461e+09 1.086612054050746012e+00
4.670234388327330621e-01 2.110187009174917936e+09 1.086552536431418137e+00
4.757236139187884794e-01 2.096265565620341778e+09 1.086421556335678273e+00
4.845858644816490868e-01 2.082336230214321613e+09 1.086251750428466334e+00
4.936132098237911991e-01 2.068432531467914104e+09 1.086079708844450487e+00
5.028087254942474882e-01 2.054589647454522133e+09 1.085944279874802243e+00
5.121755443364236493e-01 2.040832079054654121e+09 1.085859876233402410e+00
5.217168575554343990e-01 2.027175988318836927e+09 1.085820608489758143e+00
5.314359158053235666e-01 2.013638216406485796e+09 1.085819205848300717e+00
5.413360302965375404e-01 2.000236552155605555e+09 1.085847400299297050e+00
5.514205739240296555e-01 1.986989787324671745e+09 1.085895840876325291e+00
5.616929824163804374e-01 1.973917776825595617e+09 1.085954002394007079e+00
5.721567555063246102e-01 1.961041504580571175e+09 1.086010088593959866e+00
5.828154581230839959e-01 1.948381067987906694e+09 1.086052139822357709e+00
5.936727216069119795e-01 1.935939784871864557e+09 1.086077281806412831e+00
6.047322449462643190e-01 1.923711469886513948e+09 1.086087724346112671e+00
6.159977960380161877e-01 1.911688646997582912e+09 1.086086036390284004e+00
6.274732129711574347e-01 1.899862513376411676e+09 1.086075136475526781e+00
6.391624053343999412e-01 1.888222833222312689e+09 1.086058321339547161e+00
6.510693555481454897e-01 1.876757824195103645e+09 1.086039296586373437e+00
6.631981202212668958e-01 1.865454036194337130e+09 1.086022209569688979e+00
6.755528315331639222e-01 1.854299648463624239e+09 1.086010753520052274e+00
6.881376986415662644e-01 1.843295901918153048e+09 1.086005014540282199e+00
7.009570091165617800e-01 1.832447526614274502e+09 1.086003983138143614e+00
7.140151304013395706e-01 1.821759115058027506e+09 1.086006512893409992e+00
7.273165113001454074e-01 1.811235103805118561e+09 1.086011309082343779e+00
7.408656834939559843e-01 1.800879753606391191e+09 1.086016916516304942e+00
7.546672630843886953e-01 1.790697127948580742e+09 1.086021706553652377e+00
7.687259521663728501e-01 1.780691069842460632e+09 1.086023863238866127e+00
7.830465404301183430e-01 1.770864523926173210e+09 1.086021713618314344e+00
7.976339067929273385e-01 1.761215422925019026e+09 1.086015893540674515e+00
8.124930210614047521e-01 1.751738859938322067e+09 1.086008221948642216e+00
8.276289456246344045e-01 1.742428872209820271e+09 1.086000742084543447e+00
8.430468371788967241e-01 1.733278360343886852e+09 1.085995735356007685e+00
8.587519484845170803e-01 1.724278993850596666e+09 1.085995740270280230e+00
8.747496301554414933e-01 1.715421109960992336e+09 1.086003572723112987e+00
8.910453324821513421e-01 1.706693605435488701e+09 1.086022347747635841e+00
9.076446072885356875e-01 1.698085161313390017e+09 1.086054050013233407e+00
9.245531098233570333e-01 1.689589014189231396e+09 1.086094189593198589e+00
9.417766006869519035e-01 1.681199031508968830e+09 1.086135812164651604e+00
9.593209477938241525e-01 1.672908043713491201e+09 1.086171143527442817e+00
9.771921283717996953e-01 1.664707760894054413e+09 1.086191524536426645e+00
9.953962309984233370e-01 1.656588684082550287e+09 1.086187342194668393e+00
1.013939457675291811e+00 1.648540010945606232e+09 1.086147956970222594e+00
1.032828125941028574e+00 1.640549535762248993e+09 1.086061626373240552e+00
1.052068671023622892e+00 1.632605018662685633e+09 1.085916894495558394e+00
1.071667648032863296e+00 1.624709039984695196e+09 1.085717523255227634e+00
1.091631734193614811e+00 1.616874296498044252e+09 1.085478172522651885e+00
1.111967731120699021e+00 1.609114502794168472e+09 1.085215508282212582e+00
1.132682567136153784e+00 1.601444310658690691e+09 1.084948213627449087e+00
1.153783299629660863e+00 1.593879369232552052e+09 1.084697147341283863e+00
1.175277117462945276e+00 1.586436390409070730e+09 1.084485516970634666e+00
1.197171343418965694e+00 1.579133220116054535e+09 1.084339068650845173e+00
1.219473436696737023e+00 1.571987975881777287e+09 1.084285186476012575e+00
1.242190995452616242e+00 1.565000876593690634e+09 1.084331454880536061e+00
1.265331759388941713e+00 1.558153640448280573e+09 1.084464571445373338e+00
1.288903612390891462e+00 1.551425008872171164e+09 1.084668532152722076e+00
1.312914585212463958e+00 1.544791179727148056e+09 1.084925184746397875e+00
1.337372858212495075e+00 1.538225607175322533e+09 1.085214038966210603e+00
1.362286764141645401e+00 1.531698791809848309e+09 1.085512066027824796e+00
1.387664790981307128e+00 1.525178062027673244e+09 1.085793488003683915e+00
1.413515584835394190e+00 1.518627348270618200e+09 1.086029558318196697e+00
1.439847952876006643e+00 1.512016027767356634e+09 1.086195888153080213e+00
1.466670866343967150e+00 1.505344428871354103e+09 1.086293902235978326e+00
1.493993463605256311e+00 1.498620841024150372e+09 1.086332150626823978e+00
1.521825053264385552e+00 1.491854328536666393e+09 1.086320438465574023e+00
1.550175117335768737e+00 1.485054777455599308e+09 1.086269925795622759e+00
1.579053314474174297e+00 1.478232945386948586e+09 1.086193234813212616e+00
1.608469483265355215e+00 1.471400514596844912e+09 1.086104565427747470e+00
1.638433645577983100e+00 1.464570148745208979e+09 1.086019820158551807e+00
1.668956009978023181e+00 1.457752822330055952e+09 1.085953227669299803e+00
1.700046975206716438e+00 1.450949777684866667e+09 1.085906934504539123e+00
1.731717133723352786e+00 1.444159603844197750e+09 1.085879931469082793e+00
1.763977275314043469e+00 1.437380547337430239e+09 1.085871014768132303e+00
1.796838390767719229e+00 1.430610484253623247e+09 1.085878768408524042e+00
1.830311675620611256e+00 1.423846890582630873e+09 1.085901545317468520e+00
1.864408533970485227e+00 1.417086810757351875e+09 1.085937447101832154e+00
1.899140582361933616e+00 1.410326824324290752e+09 1.085984302368718568e+00
1.934519653744044332e+00 1.403562993288954973e+09 1.086039631480510970e+00
1.970557801501798378e+00 1.396789088929820061e+09 1.086099412771249106e+00
2.007267303562568106e+00 1.389994861444020748e+09 1.086156842645046083e+00
2.044660666579115826e+00 1.383168604337124825e+09 1.086204078995466116e+00
2.082750630190514318e+00 1.376297406200288057e+09 1.086232402664408792e+00
2.121550171362450055e+00 1.369367072773284674e+09 1.086232149839229111e+00
2.161072508808376647e+00 1.362362046517329931e+09 1.086192640810820675e+00
2.201331107493030181e+00 1.355265324098553896e+09 1.086102105138425422e+00
2.242339683219845003e+00 1.348058943599216461e+09 1.085947988045847579e+00
2.284112207303823361e+00 1.340743664926482439e+09 1.085730259242476015e+00
2.326662911331458083e+00 1.333346022751184702e+09 1.085466551815242875e+00
2.370006292009327886e+00 1.325896669035469532e+09 1.085177827552342489e+00
2.414157116103017753e+00 1.318429044868752241e+09 1.084887567687850662e+00
2.459130425468043946e+00 1.310979545181975126e+09 1.084621970688458559e+00
2.504941542174502267e+00 1.303587701059229851e+09 1.084410169417574954e+00
2.551606073727183954e+00 1.296296383415764570e+09 1.084284471008759354e+00
2.599139918382932901e+00 1.289152032570434570e+09 1.084280623451397307e+00
2.647559270567066747e+00 1.282197918951802015e+09 1.084432735101588108e+00
2.696880626390692370e+00 1.275424108033387899e+09 1.084734569740711807e+00
2.747120789270811603e+00 1.268791633956773758e+09 1.085157195549072640e+00
2.798296875655115645e+00 1.262257243252576590e+09 1.085667680192056617e+00
2.850426320853434614e+00 1.255773232837606430e+09 1.086228852606706319e+00
2.903526884977813971e+00 1.249287125480692625e+09 1.086798928069973247e+00
2.957616658993253544e+00 1.242741345438158989e+09 1.087331120052423161e+00
3.012714070881164385e+00 1.236072905031486511e+09 1.087773246409736050e+00
3.068837891917642224e+00 1.229232565315642118e+09 1.088082458129054020e+00
3.126007243068700259e+00 1.222233045507494926e+09 1.088263201137868785e+00
3.184241601504649744e+00 1.215102571313665152e+09 1.088332079715785605e+00
3.243560807235807975e+00 1.207872138015894175e+09 1.088308140820057890e+00
3.303985069871854918e+00 1.200575652885572195e+09 1.088213058585269621e+00
3.365534975507090909e+00 1.193250090644741535e+09 1.088071333490693071e+00
3.428231493733967294e+00 1.185935665287325382e+09 1.087910508676382948e+00
3.492095984787267682e+00 1.178676022291649580e+09 1.087761406433792155e+00
3.557150206821382277e+00 1.171511576368341446e+09 1.087653323269773598e+00
3.623416323323146226e+00 1.164447290673464298e+09 1.087590117064708206e+00
3.690916910662774608e+00 1.157474652420378208e+09 1.087565816823822695e+00
3.759674965785463563e+00 1.150584019653710365e+09 1.087573593288686080e+00
3.829713914046277257e+00 1.143764548142476082e+09 1.087605693372565074e+00
3.901057617190989202e+00 1.137004102246330500e+09 1.087653361440094280e+00
3.973730381485604202e+00 1.130289161095209837e+09 1.087706755543586645e+00
4.047756965997318268e+00 1.123604726474195957e+09 1.087754862332277472e+00
4.123162591029748469e+00 1.116939711333836079e+09 1.087788783158161632e+00
4.199972946715301525e+00 1.110297711374721766e+09 1.087808472671146331e+00
4.278214201767612579e+00 1.103685294699618578e+09 1.087815713835569076e+00
4.357913012397025554e+00 1.097109408149117470e+09 1.087812548887299391e+00
4.439096531392166867e+00 1.090577397788996458e+09 1.087801300884565947e+00
4.521792417370697592e+00 1.084097030967269659e+09 1.087784596786780744e+00
4.606028844202397998e+00 1.077676520119391203e+09 1.087765392177072243e+00
4.691834510607794329e+00 1.071324548523100138e+09 1.087746997755960177e+00
4.779238649935595440e+00 1.065049083248445749e+09 1.087732524558102654e+00
4.868271040122278848e+00 1.058852724574767351e+09 1.087722637427128491e+00
4.958962013837211913e+00 1.052736279204171300e+09 1.087717224335589927e+00
5.051342468816761411e+00 1.046700317662364960e+09 1.087716142080971560e+00
5.145443878390924652e+00 1.040745152735060215e+09 1.087719213463039569e+00
5.241298302206056192e+00 1.034870816091083527e+09 1.087726224160576294e+00
5.338938397147350301e+00 1.029077033155338526e+09 1.087736919380803968e+00
5.438397428464796235e+00 1.023363211158429384e+09 1.087750996922649760e+00
5.539709281106400596e+00 1.017730472735684276e+09 1.087767642447757810e+00
5.642908471262536807e+00 1.012183983396991253e+09 1.087784982773273956e+00
5.748030158125351008e+00 1.006729588560357809e+09 1.087800806400118114e+00
5.855110155867238042e+00 1.001373350988144517e+09 1.087812649380384800e+00
5.964184945842459840e+00 9.961215621165124178e+08 1.087817775466414005e+00
6.075291689016070862e+00 9.909807543734982014e+08 1.087813154980953101e+00
6.188468238624382778e+00 9.859577145839084387e+08 1.087795442349803299e+00
6.303753153071275150e+00 9.810594985685173273e+08 1.087760952239417378e+00
6.421185709064758385e+00 9.762922876178485155e+08 1.087706709424291374e+00
6.540805914998252923e+00 9.716524707681399584e+08 1.087638771927376125e+00
6.662654524581149929e+00 9.671305835647039413e+08 1.087568747636450617e+00
6.786773050723295064e+00 9.627158374348993301e+08 1.087509642937568133e+00
6.913203779678127603e+00 9.583960464376884699e+08 1.087475938892843663e+00
7.041989785449288775e+00 9.541575113008222580e+08 1.087483709704204937e+00
7.173174944465612768e+00 9.499848964647713900e+08 1.087550751804404303e+00
7.306803950529499936e+00 9.458611003672530651e+08 1.087696725020345978e+00
7.442922330043757917e+00 9.417700927575993538e+08 1.087940576886729183e+00
7.581576457522110069e+00 9.377217086500269175e+08 1.088277642928833666e+00
7.722813571388642551e+00 9.337416000093624592e+08 1.088688399186372502e+00
7.866681790071582192e+00 9.298578081997127533e+08 1.089150601851294642e+00
8.013230128396878982e+00 9.261008041510891914e+08 1.089639177285386840e+00
8.162508514287219796e+00 9.225036815886280537e+08 1.090125980359001323e+00
8.314567805772055564e+00 9.191023765776870251e+08 1.090579542048784045e+00
8.469459808314576676e+00 9.159359183924180269e+08 1.090964808085012949e+00
8.627237292461440887e+00 9.130466088994305134e+08 1.091242898618217883e+00
8.787954011821311084e+00 9.104404319994499683e+08 1.091380959979883380e+00
8.951664721378293166e+00 9.080217044596142769e+08 1.091368730005368937e+00
9.118425196146562328e+00 9.056683385062404871e+08 1.091199448906176261e+00
9.288292250172489162e+00 9.032451315930144787e+08 1.090866253380879280e+00
9.461323755890759912e+00 9.006028165025798082e+08 1.090362187653567849e+00
9.637578663841079418e+00 8.975772956186902523e+08 1.089680215774814442e+00
9.817117022752183786e+00 8.939891487826682329e+08 1.088813235245808642e+00
1.000000000000000000e+01 8.896435232267184258e+08 1.087754092024521890e+00
