# Reference: https://doi.org/10.1016/j.nuclphysa.2013.09.007
1.000000000000000021e-03 1.422111106770495588e-08 1.111024302164448585e+00
1.018628990244687619e-03 1.763510321909481120e-08 1.111095536363718717e+00
1.037605019766911670e-03 2.189674834866074081e-08 1.111165767987513320e+00
1.056934553557988335e-03 2.722165537002570745e-08 1.111234921348430049e+00
1.076624177045493267e-03 3.388111629500285613e-08 1.111302918971259546e+00
1.096680598336868600e-03 4.221657490442044518e-08 1.111369681647124352e+00
1.117110650504824203e-03 5.265784007771114632e-08 1.111435128497728408e+00
1.137921293915315117e-03 6.574599751917857567e-08 1.111499177050569331e+00
1.159119618598885779e-03 8.216220888688573319e-08 1.111561743326038076e+00
1.180712846666190276e-03 1.027638775002941705e-07 1.111622741937377867e+00
1.202708334768511989e-03 1.286300165126306522e-07 1.111682086204559772e+00
1.225113576604118949e-03 1.611180923693699885e-07 1.111739688283184924e+00
1.247936205471311460e-03 2.019351494834225604e-07 1.111795459309615097e+00
1.271183996869028896e-03 2.532266697328243570e-07 1.111849309563600174e+00
1.294864871145904933e-03 3.176874035868921196e-07 1.111901148649767190e+00
1.318986896198670470e-03 3.986993519463719836e-07 1.111950885699417801e+00
1.343558290220826226e-03 5.005032051851239154e-07 1.111998429594182047e+00
1.368587424502519176e-03 6.284108866383757889e-07 1.112043689213177755e+00
1.394082826282578647e-03 7.890684317726029284e-07 1.112086573705427517e+00
1.420053181653683095e-03 9.907802921486108543e-07 1.112126992789410185e+00
1.446507338521647217e-03 1.243908315233745573e-06 1.112164857081735292e+00
1.473454309619835756e-03 1.561361145136906118e-06 1.112200078457064034e+00
1.500903275579736594e-03 1.959192639065883811e-06 1.112232570441536783e+00
1.528863588058731147e-03 2.457331116294332905e-06 1.112262248642109208e+00
1.557344772926135207e-03 3.080464856978015981e-06 1.112289031214359625e+00
1.586356533508589657e-03 3.859113239800325315e-06 1.112312839371485840e+00
1.615908753895919101e-03 4.830917225284691057e-06 1.112333597937392282e+00
1.646011502308549748e-03 6.042187510078582790e-06 1.112351235946943850e+00
1.676675034527699143e-03 7.549753527824923474e-06 1.112365687296667627e+00
1.707909797389426916e-03 9.423161461736070474e-06 1.112376891449380567e+00
1.739726432343800767e-03 1.174727444834625755e-05 1.112384794196454640e+00
1.772135779080358372e-03 1.462533306155663272e-05 1.112389348481650719e+00
1.805148879221108154e-03 1.818253883879655279e-05 1.112390515290713422e+00
1.838776980082326793e-03 2.257022793275030646e-05 1.112388264611176014e+00
1.873031538506436536e-03 2.797070587777076330e-05 1.112382576467106032e+00
1.907924224765265072e-03 3.460281797838410817e-05 1.112373442033820714e+00
1.943466926536020246e-03 4.272833313975706081e-05 1.112360864837922403e+00
1.979671752951332481e-03 5.265922247858817646e-05 1.112344862048330052e+00
2.016551038724746607e-03 6.476591851692650671e-05 1.112325465864354435e+00
2.054117348353064112e-03 7.948664735610294499e-05 1.112302725007240145e+00
2.092383480396977150e-03 9.733793672522160706e-05 1.112276706321998931e+00
2.131362471841437810e-03 1.189264197218569400e-04 1.112247496496804100e+00
2.171067602537264923e-03 1.449620808769100128e-04 1.112215203907667815e+00
2.211512399725488933e-03 1.762731325077535331e-04 1.112179960596618722e+00
2.252710642645980484e-03 2.138227712207999909e-04 1.112141924392126890e+00
2.294676367231936100e-03 2.587281546665129483e-04 1.112101281181079315e+00
2.337423870891814758e-03 3.122820671483871545e-04 1.112058247342219142e+00
2.380967717380358135e-03 3.759779220200545392e-04 1.112013072351597076e+00
2.425322741760352948e-03 4.515389949669681080e-04 1.111966041571279540e+00
2.470504055456825433e-03 5.409531157726135513e-04 1.111917479233296424e+00
2.516527051405391836e-03 6.465144936792036881e-04 1.111867751631606671e+00
2.563407409296514835e-03 7.708749482556212203e-04 1.111817270535711888e+00
2.611161100917459583e-03 9.171076114147657266e-04 1.111766496840472351e+00
2.659804395593758260e-03 1.088787222483804948e-03 1.111715944467663864e+00
2.709353865732051433e-03 1.290092549073665719e-03 1.111666184535891500e+00
2.759826392466180594e-03 1.525938363171710924e-03 1.111617849816621151e+00
2.811239171408464344e-03 1.802146974097935690e-03 1.111571639495346986e+00
2.863609718508115885e-03 2.125672845025242379e-03 1.111528324258262312e+00
2.916955876018795853e-03 2.504898707031136523e-03 1.111488751726270374e+00
2.971295818577334054e-03 2.950028443930822596e-03 1.111453852259765229e+00
3.026648059395692196e-03 3.473577335476476721e-03 1.111424618801299058e+00
3.083031456568277075e-03 4.090023079970635071e-03 1.111401447964063482e+00
3.140465219496752208e-03 4.815554222170958382e-03 1.111384009971853049e+00
3.198968915434537586e-03 5.668995278953619342e-03 1.111371876266152636e+00
3.258562476153226226e-03 6.672245996707645496e-03 1.111364546626232741e+00
3.319266204733189573e-03 7.850734495234426222e-03 1.111361442929289067e+00
3.381100782480685445e-03 9.233924678556356194e-03 1.111361902467433271e+00
3.444087275973823411e-03 1.085588143310015422e-02 1.111365170793980228e+00
3.508247144239792347e-03 1.275589664401614344e-02 1.111370394070118728e+00
3.573602246065788347e-03 1.497917836628362594e-02 1.111376610881680271e+00
3.640174847446141400e-03 1.757760456659799089e-02 1.111382743494358616e+00
3.707987629168172684e-03 2.061054168983279811e-02 1.111387588514365143e+00
3.777063694539364597e-03 2.414572689628280075e-02 1.111389806920182854e+00
3.847426577258505898e-03 2.826021117514550263e-02 1.111387913429792818e+00
3.919100249433401899e-03 3.304135869977108814e-02 1.111380265166542758e+00
3.992109129748053209e-03 3.858789581333370994e-02 1.111365049585698817e+00
4.066478091781853925e-03 4.501129611772775735e-02 1.111340710096023754e+00
4.142232472483897525e-03 5.243879246617817735e-02 1.111308034302612491e+00
4.219398080805024202e-03 6.101500945619878907e-02 1.111268813494179053e+00
4.298001206490798497e-03 7.090379769927479536e-02 1.111225073850678591e+00
4.378068629038166758e-03 8.229082713554140838e-02 1.111179094759066510e+00
4.459627626819095622e-03 9.538664755781792182e-02 1.111133429213903678e+00
4.542705986374042521e-03 1.104303406334305321e-01 1.111090925671762930e+00
4.627332011878692967e-03 1.276939258021100310e-01 1.111054751471752589e+00
4.713534534786906725e-03 1.474877311847707650e-01 1.111028417945827407e+00
4.801342923653449841e-03 1.701670038790714934e-01 1.111015807355399954e+00
4.890787094139589959e-03 1.961401163523524560e-01 1.111021201805323377e+00
4.981897519205159656e-03 2.258788334022798494e-01 1.111049314302849700e+00
5.074705239490466188e-03 2.599270033576515648e-01 1.111104370821899945e+00
5.169241873891598608e-03 2.988814388677048517e-01 1.111183840886683205e+00
5.265539630332755246e-03 3.434022184415664314e-01 1.111281542030914560e+00
5.363631316739239652e-03 3.942309095040001932e-01 1.111390482223223231e+00
5.463550352214875498e-03 4.522002078604602238e-01 1.111502807352078515e+00
5.565330778427646403e-03 5.182448569864398502e-01 1.111609731034686854e+00
5.669007271207434327e-03 5.934141923021966081e-01 1.111701460210437586e+00
5.774615152359819509e-03 6.788866870678404997e-01 1.111767116483897144e+00
5.882190401699956099e-03 7.759869840373141425e-01 1.111794653232394570e+00
5.991769669310619169e-03 8.862060343869435641e-01 1.111770768555265132e+00
6.103390288028621123e-03 1.011217532690841026e+00 1.111684498296877432e+00
6.217090286163826779e-03 1.152864627329368563e+00 1.111542800458179991e+00
6.332908400455114321e-03 1.313190657417155016e+00 1.111359745474366667e+00
6.450884089267692675e-03 1.494471885183911386e+00 1.111151204876657417e+00
6.571057546036270826e-03 1.699245517296269714e+00 1.110934990252265386e+00
6.693469712958660493e-03 1.930342619908710144e+00 1.110731005986917763e+00
6.818162294944479437e-03 2.190927200546935794e+00 1.110561415661516893e+00
6.945177773823696388e-03 2.484543079697954404e+00 1.110450824163690342e+00
7.074559422819878297e-03 2.815164975418114945e+00 1.110424952399008180e+00
7.206351321293052656e-03 3.187160437907258892e+00 1.110486143825813121e+00
7.340598369757212090e-03 3.605306656026284973e+00 1.110614604521253268e+00
7.477346305177588227e-03 4.074898671218417867e+00 1.110787285798359170e+00
7.616641716552892058e-03 4.601815406360419303e+00 1.110978260629564174e+00
7.758532060787835978e-03 5.192595912486924981e+00 1.111158482171168638e+00
7.903065678861348128e-03 5.854531016937941423e+00 1.111295532204556569e+00
8.050291812295981564e-03 6.595771053352604163e+00 1.111353760414780290e+00
8.200260619934130954e-03 7.425238187536199241e+00 1.111317214695620059e+00
8.353023195026778799e-03 8.352480102312407340e+00 1.111205384235892435e+00
8.508631582640582489e-03 9.387932300259816287e+00 1.111043535538293270e+00
8.667138797389234081e-03 1.054302506298760456e+01 1.110860078578411736e+00
8.828598841495149604e-03 1.183028202572932130e+01 1.110686810546912762e+00
8.993066723187623582e-03 1.326343542158403999e+01 1.110559184204249927e+00
9.160598475443709407e-03 1.485761209040679987e+01 1.110506932375509015e+00
9.331251175078249249e-03 1.662973581088366615e+01 1.110517880546328939e+00
9.505082962189511861e-03 1.859871663803047070e+01 1.110565056392841532e+00
9.682153059967075343e-03 2.078572778600651105e+01 1.110618186631061821e+00
9.862521794868784469e-03 2.321460900531033289e+01 1.110643425942777318e+00
1.004625061717340749e-02 2.591235655717957442e+01 1.110603267788792259e+00
1.023340212191641702e-02 2.890801088988357748e+01 1.110479956946387903e+00
1.042404007021556327e-02 3.223027580869257491e+01 1.110301662638985665e+00
1.061822941099384125e-02 3.590923881002158424e+01 1.110105682252379600e+00
1.081603630310709954e-02 3.997654031859005386e+01 1.109933717057785874e+00
1.101752813788386791e-02 4.446518596098671594e+01 1.109832210981526845e+00
1.122277356208507652e-02 4.941149171344491009e+01 1.109826763603239064e+00
1.143184250129149725e-02 5.486157398955771214e+01 1.109862936514415255e+00
1.164480618372686072e-02 6.086962641847293298e+01 1.109863371504663299e+00
1.186173716452478509e-02 6.749859332065391015e+01 1.109741797741527369e+00
1.208270935044776506e-02 7.482201133795837222e+01 1.109404856692522312e+00
1.230779802506665188e-02 8.291166817551525980e+01 1.108866177774507245e+00
1.253707987440920262e-02 9.182354119834852213e+01 1.108309723524017576e+00
1.277063301308643990e-02 1.016078777955683705e+02 1.107953527790626058e+00
1.300853701090571267e-02 1.123073093023238016e+02 1.108040136605172643e+00
1.325087291997953214e-02 1.239681915896798046e+02 1.108724355933443873e+00
1.349772330233941706e-02 1.366907512599051984e+02 1.109752780833331398e+00
1.374917225806419029e-02 1.506124778109797830e+02 1.110742152512447012e+00
1.400530545393219653e-02 1.659069021957477901e+02 1.111263143502554618e+00
1.426621015260736910e-02 1.827652957860370009e+02 1.110990196605988967e+00
1.453197524236895383e-02 2.013005853883159091e+02 1.110153818418641913e+00
1.480269126739508674e-02 2.215848648964519043e+02 1.109156367542923016e+00
1.507845045861051086e-02 2.436596922968855665e+02 1.108444023759371566e+00
1.535934676510897039e-02 2.675944740042653507e+02 1.108271990711830801e+00
1.564547588616095955e-02 2.935795304901363920e+02 1.108483291240441870e+00
1.593693530381774456e-02 3.218644594196069875e+02 1.108854888204046985e+00
1.623382431612278159e-02 3.527479702198951941e+02 1.109160212736300943e+00
1.653624407094180307e-02 3.864797942266543487e+02 1.109331920284254425e+00
1.684429760042315330e-02 4.232775822205314284e+02 1.109384308273361430e+00
1.715808985610004986e-02 4.633649497946573774e+02 1.109334389592373071e+00
1.747772774464680795e-02 5.069694863195194330e+02 1.109201605248488320e+00
1.780332016430113962e-02 5.543198890038049740e+02 1.109008008123643529e+00
1.813497804196495186e-02 6.056432780969367968e+02 1.108778273261336933e+00
1.847281437099634188e-02 6.611981267212539706e+02 1.108532760420663177e+00
1.881694424970555696e-02 7.213040590349347667e+02 1.108284594074241625e+00
1.916748492056815148e-02 7.863168702326090624e+02 1.108047772876070702e+00
1.952455581016860828e-02 8.566329648751436707e+02 1.107837868241631218e+00
1.988827856988809734e-02 9.326980219073884655e+02 1.107672150034017866e+00
2.025877711735016989e-02 1.015010527443403134e+03 1.107568233964148829e+00
2.063617767863858837e-02 1.104054430060198911e+03 1.107529546936247167e+00
2.102060883130158278e-02 1.200302998000898242e+03 1.107549869022709244e+00
2.141220154815729262e-02 1.304255453838598896e+03 1.107621894205023549e+00
2.181108924191518805e-02 1.416439325596305480e+03 1.107737263423252516e+00
2.221740781062883641e-02 1.537412715014371315e+03 1.107886471692003383e+00
2.263129568399528321e-02 1.667767148201888176e+03 1.108058769003233746e+00
2.305289387051707301e-02 1.808131167210381818e+03 1.108242054903791685e+00
2.348234600554275145e-02 1.959174853668067954e+03 1.108422766705945639e+00
2.391979840020238418e-02 2.121615513950362583e+03 1.108585761378527046e+00
2.436540009125464853e-02 2.296224800652644262e+03 1.108714191278020289e+00
2.481930289186254010e-02 2.483837598974472712e+03 1.108789374016740048e+00
2.528166144331499277e-02 2.685358651455956533e+03 1.108791691162493098e+00
2.575263326771199887e-02 2.901707209286229045e+03 1.108715007925805685e+00
2.623237882163122203e-02 3.133813250088841869e+03 1.108564824636640411e+00
2.672106155079433804e-02 3.382661121231536526e+03 1.108347887706205404e+00
2.721884794575178332e-02 3.649297988427099426e+03 1.108071994749080247e+00
2.772590759860482645e-02 3.934843123125082911e+03 1.107746078125354972e+00
2.824241326078434297e-02 4.240499542202970588e+03 1.107380294362802609e+00
2.876854090190592711e-02 4.567568515631096489e+03 1.106986120090168502e+00
2.930446976972142861e-02 4.917467555349734539e+03 1.106576455222637145e+00
2.985038245118730796e-02 5.291752616451773974e+03 1.106165734271010503e+00
3.040646493467067182e-02 5.692118772500625710e+03 1.105768932114018943e+00
3.097290667331408301e-02 6.120174296705803499e+03 1.105391987248282915e+00
3.154990064958086704e-02 6.577472222740448160e+03 1.105035440883191944e+00
3.213764344100276948e-02 7.065621427907627549e+03 1.104699743390787692e+00
3.273633528715245988e-02 7.586290956078112686e+03 1.104385304841719595e+00
3.334618015786364187e-02 8.141214474844088727e+03 1.104092489495407170e+00
3.396738582272208068e-02 8.732196499160578242e+03 1.103821609826981520e+00
3.460016392185108480e-02 9.361120853369351607e+03 1.103572920057105611e+00
3.524473003801584237e-02 1.002996192740511287e+04 1.103346609148530000e+00
3.590130377007068330e-02 1.074079937896780029e+04 1.103142793230887264e+00
3.657010880777489259e-02 1.149583704383647455e+04 1.102961507412756559e+00
3.725137300800209633e-02 1.229742694440339255e+04 1.102802696937459581e+00
3.794532847236938011e-02 1.314809943609945549e+04 1.102666207636358031e+00
3.865221162631261864e-02 1.405060070826265837e+04 1.102551775630657538e+00
3.937226329963479377e-02 1.500793906767563931e+04 1.102459016229850430e+00
4.010572880855495931e-02 1.602344119623355436e+04 1.102387411408233042e+00
4.085285803928561527e-02 1.710054752357614780e+04 1.102336003859945457e+00
4.161390553316707264e-02 1.824227540120859703e+04 1.102302851928663063e+00
4.238913057338778573e-02 1.945163988040709955e+04 1.102285582309151302e+00
4.317879727332021161e-02 2.073176207791387787e+04 1.102281480931640578e+00
4.398317466650223523e-02 2.208588513972502187e+04 1.102287463951061142e+00
4.480253679829489938e-02 2.351739547767923796e+04 1.102300046741908401e+00
4.563716281924758839e-02 2.502985041250172435e+04 1.102315310801228465e+00
4.648733708020256344e-02 2.662701353450398165e+04 1.102328868464257150e+00
4.735334922917116413e-02 2.831289929778505029e+04 1.102335825340976516e+00
4.823549431001467047e-02 3.009182860211554726e+04 1.102330740387552410e+00
4.913407286296361809e-02 3.196849739751787274e+04 1.102307583534739344e+00
5.004939102700953213e-02 3.394806064475000312e+04 1.102259691036072020e+00
5.098176064420424647e-02 3.603592705480355653e+04 1.102181521424907551e+00
5.193149936590212012e-02 3.823693479755971930e+04 1.102073325149896199e+00
5.289893076098151070e-02 4.055593879787765763e+04 1.101936881776356181e+00
5.388438442608223938e-02 4.299803943302343396e+04 1.101774286660558655e+00
5.488819609789671872e-02 4.556863504720597120e+04 1.101587977711742994e+00
5.591070776755290017e-02 4.827348761136806570e+04 1.101380764009973534e+00
5.695226779712821846e-02 5.111880392792342900e+04 1.101155856418119638e+00
5.801323103833375128e-02 5.411133515430937405e+04 1.100916900341076365e+00
5.909395895340967958e-02 5.725849786464716453e+04 1.100668010802343666e+00
6.019481973827271043e-02 6.056851737141750345e+04 1.100413810776508017e+00
6.131618844795772016e-02 6.404962957129107235e+04 1.100159698608685899e+00
6.245844712439614643e-02 6.770839237694036274e+04 1.099912248572957330e+00
6.362198492657485105e-02 7.155111845913463912e+04 1.099678846802634391e+00
6.480719826311967524e-02 7.558416962694618269e+04 1.099467673895907494e+00
6.601449092734885948e-02 7.981396964592157747e+04 1.099287767438546171e+00
6.724427423484245769e-02 8.424702570373093477e+04 1.099149089583125294e+00
6.849696716357443760e-02 8.888996045289310860e+04 1.099062600236084375e+00
6.977299649665534564e-02 9.374955682450254972e+04 1.099040336484488734e+00
7.107279696773415034e-02 9.883292606632669049e+04 1.099091439924585245e+00
7.239681140910873836e-02 1.041483148342922359e+05 1.099197274681990244e+00
7.374549090259549522e-02 1.097050404318340588e+05 1.099324504679508596e+00
7.511929493320965157e-02 1.155134338151572883e+05 1.099435752692140555e+00
7.651869154570821452e-02 1.215850851681638160e+05 1.099489317095856400e+00
7.794415750404946885e-02 1.279331384406944417e+05 1.099438843457744452e+00
7.939617845382279659e-02 1.345726416918312316e+05 1.099232994256102991e+00
8.087524908770453436e-02 1.415205214353236952e+05 1.098818978346061348e+00
8.238187331399605962e-02 1.487889335087331419e+05 1.098200615266964331e+00
8.391656442830157381e-02 1.563844862740762765e+05 1.097433285733953046e+00
8.547984528840409102e-02 1.643125381218920229e+05 1.096580710009232185e+00
8.707224849239916797e-02 1.725771385284855496e+05 1.095714171913909185e+00
8.869431656014709064e-02 1.811808159740925475e+05 1.094913079905552866e+00
9.034660211810524588e-02 1.901243769053631404e+05 1.094265412153418104e+00
9.202966808760409956e-02 1.994120044757736905e+05 1.093828029136848512e+00
9.374408787662991127e-02 2.090599085905102256e+05 1.093572567976009990e+00
9.549044557518077125e-02 2.190894590404813935e+05 1.093454433314601237e+00
9.726933615426168467e-02 2.295267116909421165e+05 1.093423354978739326e+00
9.908136566858666283e-02 2.404034029707749141e+05 1.093422869905059880e+00
1.009271514630570854e-01 2.517572123112404661e+05 1.093391160296180109e+00
1.028073223830864719e-01 2.636113777096067206e+05 1.093291685710250150e+00
1.047225189888434382e-01 2.759676838616058230e+05 1.093117202116636211e+00
1.066733937734857113e-01 2.888225699652464245e+05 1.092861413434660811e+00
1.086606113854596822e-01 3.021671345842943410e+05 1.092517618992316031e+00
1.106848488549412035e-01 3.159865485245204763e+05 1.092079057135308284e+00
1.127467958244946084e-01 3.302799394199437229e+05 1.091560571492038223e+00
1.148471547840289042e-01 3.450793590266510146e+05 1.091013805535366199e+00
1.169866413101306873e-01 3.604282632667281432e+05 1.090499472571674344e+00
1.191659843098558796e-01 3.763809382526596310e+05 1.090085128231416345e+00
1.213859262690627772e-01 3.930014108816350345e+05 1.089838850969577555e+00
1.236472235053715091e-01 4.103208183736402425e+05 1.089738725528881513e+00
1.259506464258357550e-01 4.283366670571456780e+05 1.089687136932982359e+00
1.282969797894147612e-01 4.470386470447069150e+05 1.089573213697492715e+00
1.306870229743346268e-01 4.664082110700810445e+05 1.089274377266841398e+00
1.331215902504307713e-01 4.864349624195576762e+05 1.088741840842396114e+00
1.356015110565633452e-01 5.071362323085303069e+05 1.088080165030006485e+00
1.381276302832009362e-01 5.285357667063433910e+05 1.087422950747570560e+00
1.407008085602685088e-01 5.506617390550983837e+05 1.086918190153239649e+00
1.433219225503573890e-01 5.735408383245660225e+05 1.086641143889154115e+00
1.459918652473978506e-01 5.971907386026098393e+05 1.086506661880176638e+00
1.487115462808953625e-01 6.216294228581229690e+05 1.086400642080108225e+00
1.514818922258345801e-01 6.468779518989740172e+05 1.086200876122407788e+00
1.543038469183564687e-01 6.729831901409032289e+05 1.085879316115627713e+00
1.571783717773162781e-01 7.000245074286361923e+05 1.085507097068394655e+00
1.601064461318317811e-01 7.281003557713284390e+05 1.085167664441446300e+00
1.630890675549332702e-01 7.573031615238564555e+05 1.084930292977990485e+00
1.661272522034293042e-01 7.876365524812246440e+05 1.084784464481527433e+00
1.692220351641037235e-01 8.190700684628046583e+05 1.084697928111578058e+00
1.723744708063619790e-01 8.515561680722538149e+05 1.084634445718692941e+00
1.755856331414468730e-01 8.850273700188074727e+05 1.084553455722393034e+00
1.788566161883461958e-01 9.193931402253645938e+05 1.084409727190515760e+00
1.821885343465165230e-01 9.545464407182305586e+05 1.084156514873056976e+00
1.855825227755517060e-01 9.904810843152725138e+05 1.083785849412553182e+00
1.890397377819219571e-01 1.027285214861581917e+06 1.083319265663725384e+00
1.925613572129196704e-01 1.065077363011127571e+06 1.082781719374839025e+00
1.961485808579429280e-01 1.104010278057303978e+06 1.082201303074638910e+00
1.998026308572548593e-01 1.144276933557990240e+06 1.081609481611260248e+00
2.035247521183575770e-01 1.186082782855977304e+06 1.081036000072197911e+00
2.073162127401229071e-01 1.229505569256805582e+06 1.080488096250865171e+00
2.111783044448242164e-01 1.274577019750648644e+06 1.079965936384600145e+00
2.151123430182164953e-01 1.321324189617707860e+06 1.079469588900999755e+00
2.191196687578147451e-01 1.369768526692954125e+06 1.078999014707923809e+00
2.232016469295232397e-01 1.419924821682386566e+06 1.078554055692963809e+00
2.273596682327715113e-01 1.471800043588108150e+06 1.078134422312631902e+00
2.315951492743152096e-01 1.525392054006746970e+06 1.077739680208132489e+00
2.359095330508633737e-01 1.580688194969600067e+06 1.077369235781094448e+00
2.403042894406967056e-01 1.637663746267356910e+06 1.077022320659128951e+00
2.447809157044440187e-01 1.696280249920420814e+06 1.076697974977577577e+00
2.493409369951877785e-01 1.756483701694600284e+06 1.076395029400375236e+00
2.539859068780723761e-01 1.818213484331808286e+06 1.076112049032831974e+00
2.587174078595921300e-01 1.881463631565218791e+06 1.075847111980947846e+00
2.635370519267393186e-01 1.946256770243013976e+06 1.075597902482348767e+00
2.684464810961962322e-01 2.012623332903422648e+06 1.075361765610468368e+00
2.734473679737579599e-01 2.080603522281179205e+06 1.075135678500639180e+00
2.785414163241766161e-01 2.150249621582956053e+06 1.074916219420268826e+00
2.837303616516211324e-01 2.221628639114855789e+06 1.074699534752585395e+00
2.890159717909508430e-01 2.294825329395464621e+06 1.074481303799469600e+00
2.944000475100033709e-01 2.369945640606910922e+06 1.074256701312888973e+00
2.998844231231027613e-01 2.447120648065460380e+06 1.074020357670522730e+00
3.054709671159968054e-01 2.526486040036906023e+06 1.073767521648706591e+00
3.111615827824359970e-01 2.608093080731093884e+06 1.073498220434520256e+00
3.169582088726115021e-01 2.691966862049693707e+06 1.073213981651105264e+00
3.228628202536730218e-01 2.778131744048121851e+06 1.072916557795126957e+00
3.288774285825510346e-01 2.866611731437149923e+06 1.072607944677477887e+00
3.350040829913132900e-01 2.957430952563029714e+06 1.072290401159605278e+00
3.412448707852889229e-01 3.050614255384157877e+06 1.071966470268497451e+00
3.476019181541977754e-01 3.146187936114733573e+06 1.071639001793949664e+00
3.540773908965269556e-01 3.244180976884445641e+06 1.071311063712704570e+00
3.606734951574028236e-01 3.344630939263080712e+06 1.070984509712969990e+00
3.673924781802074269e-01 3.447585205486281309e+06 1.070660243318171778e+00
3.742366290721980682e-01 3.553099754358776379e+06 1.070339225645199122e+00
3.812082795843887983e-01 3.661241130123344250e+06 1.070022504100251126e+00
3.883098049059605095e-01 3.772088789787991904e+06 1.069711218506489647e+00
3.955436244734701345e-01 3.885737795520098414e+06 1.069406607638805573e+00
4.029122027951347884e-01 4.002300058798524551e+06 1.069109947688944962e+00
4.104180502904709038e-01 4.121830465332402382e+06 1.068819766787257652e+00
4.180637241455757991e-01 4.244280684901106171e+06 1.068530505310681722e+00
4.258518291843414461e-01 4.369577378989079967e+06 1.068235670519958713e+00
4.337850187558989212e-01 4.497626695974969305e+06 1.067928027579895023e+00
4.418659956385941334e-01 4.628312284583454952e+06 1.067599541819707287e+00
4.500975129608046355e-01 4.761493221459845081e+06 1.067241317739409556e+00
4.584823751389096036e-01 4.897050081032769755e+06 1.066847096636972747e+00
4.670234388327330621e-01 5.035042367247684859e+06 1.066424159926949500e+00
4.757236139187884794e-01 5.175605881740292534e+06 1.065984231830035878e+00
4.845858644816490868e-01 5.318919059774942696e+06 1.065540437799112672e+00
4.936132098237911991e-01 5.465210318132716231e+06 1.065107414209861991e+00
5.028087254942474882e-01 5.614764617922186852e+06 1.064701326154495087e+00
5.121755443364236493e-01 5.767796633480506949e+06 1.064332264183556198e+00
5.217168575554343990e-01 5.924324025748779997e+06 1.063997831153221219e+00
5.314359158053235666e-01 6.084339544324135408e+06 1.063693881978498013e+00
5.413360302965375404e-01 6.247831024222593755e+06 1.063415664598328814e+00
5.514205739240296555e-01 6.414781678686440922e+06 1.063157767499245177e+00
5.616929824163804374e-01 6.585170517560592853e+06 1.062914063667272702e+00
5.721567555063246102e-01 6.758972908380581066e+06 1.062677650837928089e+00
5.828154581230839959e-01 6.936161298664937727e+06 1.062440787932890762e+00
5.936727216069119795e-01 7.116706119312486611e+06 1.062194827596948166e+00
6.047322449462643190e-01 7.300577097796518356e+06 1.061930298104291515e+00
6.159977960380161877e-01 7.487751767810442485e+06 1.061641983342220596e+00
6.274732129711574347e-01 7.678220712944272906e+06 1.061330750347473373e+00
6.391624053343999412e-01 7.871982876873552799e+06 1.060998054098044818e+00
6.510693555481454897e-01 8.069047758330639452e+06 1.060645589642966513e+00
6.631981202212668958e-01 8.269438475768785924e+06 1.060275312096833789e+00
6.755528315331639222e-01 8.473195257714362815e+06 1.059889458013980379e+00
6.881376986415662644e-01 8.680379402118429542e+06 1.059490568242524633e+00
7.009570091165617800e-01 8.891077746052825823e+06 1.059081512376374601e+00
7.140151304013395706e-01 9.105384816509086639e+06 1.058665539706764358e+00
7.273165113001454074e-01 9.323349236545512453e+06 1.058246366942109828e+00
7.408656834939559843e-01 9.545024216710960492e+06 1.057828152593659032e+00
7.546672630843886953e-01 9.770484782685643062e+06 1.057415515145543328e+00
7.687259521663728501e-01 9.999832263960607350e+06 1.057013568728136121e+00
7.830465404301183430e-01 1.023319935557856970e+07 1.056627961441321650e+00
7.976339067929273385e-01 1.047075581599081494e+07 1.056264916571515444e+00
8.124930210614047521e-01 1.071268698044905998e+07 1.055931300112054938e+00
8.276289456246344045e-01 1.095903177559780329e+07 1.055634803123487231e+00
8.430468371788967241e-01 1.120976103594871052e+07 1.055383919863498221e+00
8.587519484845170803e-01 1.146484430487503670e+07 1.055187948869860781e+00
8.747496301554414933e-01 1.172425139062369242e+07 1.055057055846928993e+00
8.910453324821513421e-01 1.198795399231280945e+07 1.055002342147798755e+00
9.076446072885356875e-01 1.225592639469026960e+07 1.055035420184674111e+00
9.245531098233570333e-01 1.252811264721709117e+07 1.055154450912373365e+00
9.417766006869519035e-01 1.280441557201182283e+07 1.055340451206378205e+00
9.593209477938241525e-01 1.308473005160693452e+07 1.055571057142443259e+00
9.771921283717996953e-01 1.336894615605916269e+07 1.055821101115221650e+00
9.953962309984233370e-01 1.365695062110763229e+07 1.056062375549374988e+00
1.013939457675291811e+00 1.394863402923968807e+07 1.056265880269451785e+00
1.032828125941028574e+00 1.424393805612884089e+07 1.056421674774689068e+00
1.052068671023622892e+00 1.454284514643257111e+07 1.056530667252136846e+00
1.071667648032863296e+00 1.484536142086809315e+07 1.056594172604310433e+00
1.091631734193614811e+00 1.515152176086239889e+07 1.056613851439151874e+00
1.111967731120699021e+00 1.546139571972320974e+07 1.056591740823903391e+00
1.132682567136153784e+00 1.577509413010605611e+07 1.056530287125059031e+00
1.153783299629660863e+00 1.609277647676204517e+07 1.056432381081821248e+00
1.175277117462945276e+00 1.641465911364679597e+07 1.056301395276741051e+00
1.197171343418965694e+00 1.674102441701025888e+07 1.056141224186087468e+00
1.219473436696737023e+00 1.707223098170195520e+07 1.055956327014439644e+00
1.242190995452616242e+00 1.740872498735223338e+07 1.055751773543541328e+00
1.265331759388941713e+00 1.775101745894315094e+07 1.055533061072401635e+00
1.288903612390891462e+00 1.809928543374174833e+07 1.055303535482982502e+00
1.312914585212463958e+00 1.845343937283160910e+07 1.055065051868124160e+00
1.337372858212495075e+00 1.881336849576020613e+07 1.054819672388578544e+00
1.362286764141645401e+00 1.917894477604448050e+07 1.054569716071796392e+00
1.387664790981307128e+00 1.955002241487647220e+07 1.054317779269464017e+00
1.413515584835394190e+00 1.992643739826491103e+07 1.054066757561452405e+00
1.439847952876006643e+00 2.030800715344002098e+07 1.053819869218820315e+00
1.466670866343967150e+00 2.069453032168993354e+07 1.053580680350193033e+00
1.493993463605256311e+00 2.108578666614291072e+07 1.053353131869104953e+00
1.521825053264385552e+00 2.148155173804258928e+07 1.053141184721134715e+00
1.550175117335768737e+00 2.188170484575547278e+07 1.052946108021933780e+00
1.579053314474174297e+00 2.228619176396946236e+07 1.052767754393091337e+00
1.608469483265355215e+00 2.269498088417300954e+07 1.052605878710001441e+00
1.638433645577983100e+00 2.310806826380730420e+07 1.052460137124887174e+00
1.668956009978023181e+00 2.352548361623285711e+07 1.052330077403529351e+00
1.700046975206716438e+00 2.394729700094258040e+07 1.052215128530163968e+00
1.731717133723352786e+00 2.437362627880683169e+07 1.052114589532388012e+00
1.763977275314043469e+00 2.480464148333803192e+07 1.052027583609110195e+00
1.796838390767719229e+00 2.524044347271504253e+07 1.051951940260424712e+00
1.830311675620611256e+00 2.568101553647118062e+07 1.051883790749998715e+00
1.864408533970485227e+00 2.612635809573717043e+07 1.051818697630261923e+00
1.899140582361933616e+00 2.657650292327783629e+07 1.051751690406929507e+00
1.934519653744044332e+00 2.703151939860570431e+07 1.051677222844171755e+00
1.970557801501798378e+00 2.749152148378441110e+07 1.051589127627661213e+00
2.007267303562568106e+00 2.795667499620652944e+07 1.051480578468811489e+00
2.044660666579115826e+00 2.842709260776474327e+07 1.051346344657227982e+00
2.082750630190514318e+00 2.890266812445050851e+07 1.051186043748863153e+00
2.121550171362450055e+00 2.938326611382832751e+07 1.051000100836580575e+00
2.161072508808376647e+00 2.986875697872759774e+07 1.050789085760903907e+00
2.201331107493030181e+00 3.035902028187248111e+07 1.050553726392298604e+00
2.242339683219845003e+00 3.085394852504455298e+07 1.050294922836632949e+00
2.284112207303823361e+00 3.135345142296918482e+07 1.050013762624281810e+00
2.326662911331458083e+00 3.185746071514057368e+07 1.049711536948217061e+00
2.370006292009327886e+00 3.236593556225704029e+07 1.049389758021902930e+00
2.414157116103017753e+00 3.287886857794003934e+07 1.049050177633961356e+00
2.459130425468043946e+00 3.339629255110062286e+07 1.048694806983504257e+00
2.504941542174502267e+00 3.391828786845884472e+07 1.048325937421841880e+00
2.551606073727183954e+00 3.444493159039795399e+07 1.047945634879541288e+00
2.599139918382932901e+00 3.497617532052225620e+07 1.047554651974583972e+00
2.647559270567066747e+00 3.551196856688794494e+07 1.047153560491978386e+00
2.696880626390692370e+00 3.605229327773456275e+07 1.046743022015572899e+00
2.747120789270811603e+00 3.659717040890277177e+07 1.046323795301568271e+00
2.798296875655115645e+00 3.714666722358255088e+07 1.045896744156574742e+00
2.850426320853434614e+00 3.770090538942451775e+07 1.045462845853837308e+00
2.903526884977813971e+00 3.826006994543401152e+07 1.045023200123835760e+00
2.957616658993253544e+00 3.882441921997579932e+07 1.044579038758293388e+00
3.012714070881164385e+00 3.939429438382031024e+07 1.044131731720378653e+00
3.068837891917642224e+00 3.996991183163399249e+07 1.043682160550202909e+00
3.126007243068700259e+00 4.055108520710612088e+07 1.043229944181920610e+00
3.184241601504649744e+00 4.113756718225933611e+07 1.042774479045926572e+00
3.243560807235807975e+00 4.172910248551479727e+07 1.042315087141151730e+00
3.303985069871854918e+00 4.232542982314873487e+07 1.041851009935277350e+00
3.365534975507090909e+00 4.292628413423198462e+07 1.041381401850071775e+00
3.428231493733967294e+00 4.353139920964451134e+07 1.040905323307588670e+00
3.492095984787267682e+00 4.414051070750068128e+07 1.040421733311924779e+00
3.557150206821382277e+00 4.475335498048426956e+07 1.039929574782633148e+00
3.623416323323146226e+00 4.536964892766355723e+07 1.039428238489096490e+00
3.690916910662774608e+00 4.598910705618146062e+07 1.038917266352588076e+00
3.759674965785463563e+00 4.661145453319141269e+07 1.038396165504584800e+00
3.829713914046277257e+00 4.723643194298023731e+07 1.037864405542119561e+00
3.901057617190989202e+00 4.786380060287872702e+07 1.037321415870412711e+00
3.973730381485604202e+00 4.849334849355316162e+07 1.036766582876891052e+00
4.047756965997318268e+00 4.912488897465357929e+07 1.036199370981523149e+00
4.123162591029748469e+00 4.975817063919429481e+07 1.035620825820769531e+00
4.199972946715301525e+00 5.039289761989881843e+07 1.035033275722028412e+00
4.278214201767612579e+00 5.102879720490108430e+07 1.034439351036686272e+00
4.357913012397025554e+00 5.166562762670315802e+07 1.033841985322226042e+00
4.439096531392166867e+00 5.230318524963375181e+07 1.033244438712408897e+00
4.521792417370697592e+00 5.294131249919700623e+07 1.032650322938894583e+00
4.606028844202397998e+00 5.357990658671031147e+07 1.032063628139568978e+00
4.691834510607794329e+00 5.421892908738369495e+07 1.031488751603965248e+00
4.779238649935595440e+00 5.485841643584150821e+07 1.030930528623421161e+00
4.868271040122278848e+00 5.549849141027128696e+07 1.030394265633308937e+00
4.958962013837211913e+00 5.613937568529491127e+07 1.029885775857198427e+00
5.051342468816761411e+00 5.678135546449696273e+07 1.029411110177647304e+00
5.145443878390924652e+00 5.742393147431248426e+07 1.028971148404760561e+00
5.241298302206056192e+00 5.806577719671136141e+07 1.028561610836484563e+00
5.338938397147350301e+00 5.870540210422296077e+07 1.028177419767067891e+00
5.438397428464796235e+00 5.934116660960025340e+07 1.027812801407105292e+00
5.539709281106400596e+00 5.997127257570534199e+07 1.027461226984858422e+00
5.642908471262536807e+00 6.059375374335943162e+07 1.027115350012173689e+00
5.748030158125351008e+00 6.120646617900101840e+07 1.026766939617417496e+00
5.855110155867238042e+00 6.180707886540982127e+07 1.026406809878786630e+00
5.964184945842459840e+00 6.239306458287393302e+07 1.026024745130988958e+00
6.075291689016070862e+00 6.296204969623221457e+07 1.025610630240476384e+00
6.188468238624382778e+00 6.351568516727115959e+07 1.025167277011643785e+00
6.303753153071275150e+00 6.405880980144994706e+07 1.024706969996030059e+00
6.421185709064758385e+00 6.459720768691863865e+07 1.024243601754285304e+00
6.540805914998252923e+00 6.513765329427759349e+07 1.023792658150992407e+00
6.662654524581149929e+00 6.568800741967245191e+07 1.023371343806753542e+00
6.786773050723295064e+00 6.625732966862037033e+07 1.022998718926878547e+00
6.913203779678127603e+00 6.685601249483609200e+07 1.022695849162154502e+00
7.041989785449288775e+00 6.749582828460685909e+07 1.022485745364665632e+00
7.173174944465612768e+00 6.818255980893480778e+07 1.022378882469572758e+00
7.306803950529499936e+00 6.891003517505575716e+07 1.022362296694668160e+00
7.442922330043757917e+00 6.966968605949072540e+07 1.022418956060283657e+00
7.581576457522110069e+00 7.045135500130040944e+07 1.022529559524111953e+00
7.722813571388642551e+00 7.124309002388662100e+07 1.022672336132385063e+00
7.866681790071582192e+00 7.203093767727862298e+07 1.022822833232921669e+00
8.013230128396878982e+00 7.279874587518967688e+07 1.022953698954091717e+00
8.162508514287219796e+00 7.353354704164841771e+07 1.023042390256308165e+00
8.314567805772055564e+00 7.423838862856724858e+07 1.023088913334950556e+00
8.469459808314576676e+00 7.492069927314966917e+07 1.023098361327759775e+00
8.627237292461440887e+00 7.558938104416073859e+07 1.023076577120662689e+00
8.787954011821311084e+00 7.625493480939653516e+07 1.023030214197121701e+00
8.951664721378293166e+00 7.692960685012333095e+07 1.022966801900517364e+00
9.118425196146562328e+00 7.762756465944339335e+07 1.022894815546751435e+00
9.288292250172489162e+00 7.836511214171801507e+07 1.022823751891637878e+00
9.461323755890759912e+00 7.916095733212351799e+07 1.022764210536872609e+00
9.637578663841079418e+00 8.003654949513497949e+07 1.022727981951555343e+00
9.817117022752183786e+00 8.101650734211993217e+07 1.022728142895769521e+00
1.000000000000000000e+01 8.212916656097270548e+07 1.022779160161553236e+00
