# Reference: https://doi.org/10.1016/j.nuclphysa.2013.09.007
1.000000000000000021e-03 1.445025951324057454e-08 1.086485677687262008e+00
1.018628990244687619e-03 1.792086556139769333e-08 1.086564551961748171e+00
1.037605019766911670e-03 2.225351577553376744e-08 1.086642936875352738e+00
1.056934553557988335e-03 2.766754926900271374e-08 1.086720769630419969e+00
1.076624177045493267e-03 3.443896552756200423e-08 1.086797985395875132e+00
1.096680598336868600e-03 4.291514948271670016e-08 1.086874517303576093e+00
1.117110650504824203e-03 5.353340790048561754e-08 1.086950296449719744e+00
1.137921293915315117e-03 6.684428776848946972e-08 1.087025251901803546e+00
1.159119618598885779e-03 8.354088676865842147e-08 1.087099310711689970e+00
1.180712846666190276e-03 1.044956611718967332e-07 1.087172397935348256e+00
1.202708334768511989e-03 1.308065994123121228e-07 1.087244436659903002e+00
1.225113576604118949e-03 1.638550740978536774e-07 1.087315348038651708e+00
1.247936205471311460e-03 2.053782274906318479e-07 1.087385051334771147e+00
1.271183996869028896e-03 2.575594042187554636e-07 1.087453463974475065e+00
1.294864871145904933e-03 3.231409414342287861e-07 1.087520501610444112e+00
1.318986896198670470e-03 4.055645847025239305e-07 1.087586078196403960e+00
1.343558290220826226e-03 5.091459440014446483e-07 1.087650106073789091e+00
1.368587424502519176e-03 6.392907669213424348e-07 1.087712496071493451e+00
1.394082826282578647e-03 8.027624157337360390e-07 1.087773157619778219e+00
1.420053181653683095e-03 1.008011822417137922e-06 1.087831998879478457e+00
1.446507338521647217e-03 1.265583391452813226e-06 1.087888926887730090e+00
1.473454309619835756e-03 1.588612852415738122e-06 1.087943847721519086e+00
1.500903275579736594e-03 1.993435956766721343e-06 1.087996666680439928e+00
1.528863588058731147e-03 2.500330182216088291e-06 1.088047288490147313e+00
1.557344772926135207e-03 3.134415259506966146e-06 1.088095617528078263e+00
1.586356533508589657e-03 3.926742362327452946e-06 1.088141558073131954e+00
1.615908753895919101e-03 4.915606175459990616e-06 1.088185014581095400e+00
1.646011502308549748e-03 6.148118732295001490e-06 1.088225891987734562e+00
1.676675034527699143e-03 7.682088820077474924e-06 1.088264096041577922e+00
1.707909797389426916e-03 9.588255795185028429e-06 1.088299533668567021e+00
1.739726432343800767e-03 1.195293171505068931e-05 1.088332113370879650e+00
1.772135779080358372e-03 1.488111064663456362e-05 1.088361745662379088e+00
1.805148879221108154e-03 1.850010872013551383e-05 1.088388343543308601e+00
1.838776980082326793e-03 2.296380284658169289e-05 1.088411823017007896e+00
1.873031538506436536e-03 2.845753994587042654e-05 1.088432103651612470e+00
1.907924224765265072e-03 3.520379207084266585e-05 1.088449109189881359e+00
1.943466926536020246e-03 4.346863615328385702e-05 1.088462768210500586e+00
1.979671752951332481e-03 5.356914066552709308e-05 1.088473014844419273e+00
2.016551038724746607e-03 6.588174604755830022e-05 1.088479789550004240e+00
2.054117348353064112e-03 8.085173251049006531e-05 1.088483039951033016e+00
2.092383480396977150e-03 9.900387960780335683e-05 1.088482721741801607e+00
2.131362471841437810e-03 1.209544393465608489e-04 1.088478799663894048e+00
2.171067602537264923e-03 1.474245721317691020e-04 1.088471248559442772e+00
2.211512399725488933e-03 1.792554372206604102e-04 1.088460054506017238e+00
2.252710642645980484e-03 2.174251927776823666e-04 1.088445216038597563e+00
2.294676367231936100e-03 2.630682529973472298e-04 1.088426745464440515e+00
2.337423870891814758e-03 3.174972812032278847e-04 1.088404670277000497e+00
2.380967717380358135e-03 3.822285811562453335e-04 1.088379034675470480e+00
2.425322741760352948e-03 4.590118003195129185e-04 1.088349901196910885e+00
2.470504055456825433e-03 5.498651994476121477e-04 1.088317352468385568e+00
2.516527051405391836e-03 6.571181998038437642e-04 1.088281493086991736e+00
2.563407409296514835e-03 7.834635285902195314e-04 1.088242451636173502e+00
2.611161100917459583e-03 9.320220934765678644e-04 1.088200382847247738e+00
2.659804395593758260e-03 1.106424795525752210e-03 1.088155469915647711e+00
2.709353865732051433e-03 1.310916930524095138e-03 1.088107926981998874e+00
2.759826392466180594e-03 1.550492766125356183e-03 1.088058001788805740e+00
2.811239171408464344e-03 1.831070510627285427e-03 1.088005978524230866e+00
2.863609718508115885e-03 2.159721492798126821e-03 1.087952180865206397e+00
2.916955876018795853e-03 2.544972370617223922e-03 1.087896975232927499e+00
2.971295818577334054e-03 2.997206205462868162e-03 1.087840774274660083e+00
3.026648059395692196e-03 3.529163037419036277e-03 1.087784041719164874e+00
3.083031456568277075e-03 4.155583114575449842e-03 1.087727324949462115e+00
3.140465219496752208e-03 4.892949562457984437e-03 1.087671265142771793e+00
3.198968915434537586e-03 5.760433064681482959e-03 1.087616575171031164e+00
3.258562476153226226e-03 6.780339912519499877e-03 1.087564043635330213e+00
3.319266204733189573e-03 7.978573867970810765e-03 1.087514540689642928e+00
3.381100782480685445e-03 9.385152884967887937e-03 1.087469024263791217e+00
3.444087275973823411e-03 1.103478398595916093e-02 1.087428546712865707e+00
3.508247144239792347e-03 1.296749897324262456e-02 1.087394261922396410e+00
3.573602246065788347e-03 1.522935279179390804e-02 1.087367432900827380e+00
3.640174847446141400e-03 1.787318522203158039e-02 1.087349439893336100e+00
3.707987629168172684e-03 2.095944514224857419e-02 1.087341789053750452e+00
3.777063694539364597e-03 2.455707484689184997e-02 1.087346121714312108e+00
3.847426577258505898e-03 2.874444983954323532e-02 1.087364224296325732e+00
3.919100249433401899e-03 3.361036716090664428e-02 1.087398038908361730e+00
3.992109129748053209e-03 3.925507271338406906e-02 1.087449674682687162e+00
4.066478091781853925e-03 4.579165232506377664e-02 1.087520729656378471e+00
4.142232472483897525e-03 5.334925783151984319e-02 1.087608994126340489e+00
4.219398080805024202e-03 6.207473048896761103e-02 1.087710549436401442e+00
4.298001206490798497e-03 7.213442195870599372e-02 1.087820966469979833e+00
4.378068629038166758e-03 8.371684261453594955e-02 1.087935264582834183e+00
4.459627626819095622e-03 9.703579497948075505e-02 1.088047866623077953e+00
4.542705986374042521e-03 1.123341226021856154e-01 1.088152551094503817e+00
4.627332011878692967e-03 1.298882446928550649e-01 1.088242401377429003e+00
4.713534534786906725e-03 1.500136980197631642e-01 1.088309751937818426e+00
4.801342923653449841e-03 1.730719740007846674e-01 1.088346131476815470e+00
4.890787094139589959e-03 1.994790255086713593e-01 1.088342202999841524e+00
4.981897519205159656e-03 2.297159313921883772e-01 1.088287700818084902e+00
5.074705239490466188e-03 2.643378436219507299e-01 1.088173281014117144e+00
5.169241873891598608e-03 3.039533035463454214e-01 1.088003149459678687e+00
5.265539630332755246e-03 3.492347854572905308e-01 1.087788791937915001e+00
5.363631316739239652e-03 4.009375762588843206e-01 1.087543231461879145e+00
5.463550352214875498e-03 4.599094128267426362e-01 1.087281119199714707e+00
5.565330778427646403e-03 5.271013374038141519e-01 1.087018862200305636e+00
5.669007271207434327e-03 6.035800977970194880e-01 1.086774761930329181e+00
5.774615152359819509e-03 6.905424414468378513e-01 1.086569165143591809e+00
5.882190401699956099e-03 7.893317526315020149e-01 1.086424628886515364e+00
5.991769669310619169e-03 9.014576101740313652e-01 1.086366101779653093e+00
6.103390288028621123e-03 1.028612979499171631e+00 1.086414593046327370e+00
6.217090286163826779e-03 1.172668568652739607e+00 1.086559580486906373e+00
6.332908400455114321e-03 1.335702961082539497e+00 1.086778167893527769e+00
6.450884089267692675e-03 1.520035464712061524e+00 1.087044484565167002e+00
6.571057546036270826e-03 1.728256664266030640e+00 1.087329428576743640e+00
6.693469712958660493e-03 1.963264669415940578e+00 1.087600394571480722e+00
6.818162294944479437e-03 2.228308556042567723e+00 1.087820991274146554e+00
6.945177773823696388e-03 2.527040908597235624e+00 1.087950751382726455e+00
7.074559422819878297e-03 2.863573481441963331e+00 1.087947047362987751e+00
7.206351321293052656e-03 3.242395984525475061e+00 1.087800589610733226e+00
7.340598369757212090e-03 3.668371436757266402e+00 1.087533601900195768e+00
7.477346305177588227e-03 4.146861176118886938e+00 1.087172376606224677e+00
7.616641716552892058e-03 4.683778721246541821e+00 1.086746629454875768e+00
7.758532060787835978e-03 5.285648367498160916e+00 1.086289753492533317e+00
7.903065678861348128e-03 5.959673470385684624e+00 1.085839097902447703e+00
8.050291812295981564e-03 6.713816923823844540e+00 1.085435945172842587e+00
8.200260619934130954e-03 7.556893616969025729e+00 1.085106584839385491e+00
8.353023195026778799e-03 8.498681110314086240e+00 1.084849404190197264e+00
8.508631582640582489e-03 9.550061152036677825e+00 1.084659677999008753e+00
8.667138797389234081e-03 1.072318942584800716e+01 1.084531874289647702e+00
8.828598841495149604e-03 1.203170404055712339e+01 1.084459579742700353e+00
8.993066723187623582e-03 1.349098345933570897e+01 1.084435419611778473e+00
9.160598475443709407e-03 1.511812910380748676e+01 1.084452045913570695e+00
9.331251175078249249e-03 1.693073379179885052e+01 1.084506100479710966e+00
9.505082962189511861e-03 1.894742914838828440e+01 1.084595146500690444e+00
9.682153059967075343e-03 2.118825153783989634e+01 1.084716328158108700e+00
9.862521794868784469e-03 2.367467112947838359e+01 1.084866332765729746e+00
1.004625061717340749e-02 2.642961609711226600e+01 1.085041330503535795e+00
1.023340212191641702e-02 2.947841820155804982e+01 1.085234490892483805e+00
1.042404007021556327e-02 3.285051154409950414e+01 1.085433205684116498e+00
1.061822941099384125e-02 3.657899263798722700e+01 1.085622785943914703e+00
1.081603630310709954e-02 4.070112411496713634e+01 1.085786855907954651e+00
1.101752813788386791e-02 4.525916620492179732e+01 1.085907221373178855e+00
1.122277356208507652e-02 5.029930149325350897e+01 1.085962351052229824e+00
1.143184250129149725e-02 5.586636985559939461e+01 1.085924063862435229e+00
1.164480618372686072e-02 6.200670006202486917e+01 1.085760403129981455e+00
1.186173716452478509e-02 6.876890652250942537e+01 1.085436218514211459e+00
1.208270935044776506e-02 7.620375772162813632e+01 1.084914289025505685e+00
1.230779802506665188e-02 8.436994439724573169e+01 1.084216534667843179e+00
1.253707987440920262e-02 9.334068114630454716e+01 1.083458003300189043e+00
1.277063301308643990e-02 1.032006659667393507e+02 1.082773972889230274e+00
1.300853701090571267e-02 1.140481660578818719e+02 1.082314891431661152e+00
1.325087291997953214e-02 1.259906290713697814e+02 1.082197190013429289e+00
1.349772330233941706e-02 1.391210782809650084e+02 1.082362784665422462e+00
1.374917225806419029e-02 1.535282778143578923e+02 1.082702686490331079e+00
1.400530545393219653e-02 1.692995557402285272e+02 1.083094436317840525e+00
1.426621015260736910e-02 1.865260051090489242e+02 1.083427159544158913e+00
1.453197524236895383e-02 2.053285140684454859e+02 1.083678767059002235e+00
1.480269126739508674e-02 2.258482488730079183e+02 1.083849487678264945e+00
1.507845045861051086e-02 2.482444361448149266e+02 1.083940008426145463e+00
1.535934676510897039e-02 2.726860018777397840e+02 1.083958554077565140e+00
1.564547588616095955e-02 2.993376619441085609e+02 1.083927608097669859e+00
1.593693530381774456e-02 3.283734567179170085e+02 1.083873863688525896e+00
1.623382431612278159e-02 3.599801315203359877e+02 1.083824736398175670e+00
1.653624407094180307e-02 3.943633249764841366e+02 1.083791037723227157e+00
1.684429760042315330e-02 4.317493208285154651e+02 1.083775300365879879e+00
1.715808985610004986e-02 4.723864772299453421e+02 1.083780227762187742e+00
1.747772774464680795e-02 5.165490973817807117e+02 1.083808759092594665e+00
1.780332016430113962e-02 5.645422419622524330e+02 1.083864086605659249e+00
1.813497804196495186e-02 6.167068717440422461e+02 1.083949543874328736e+00
1.847281437099634188e-02 6.733929167807342537e+02 1.084063675258968074e+00
1.881694424970555696e-02 7.349360162925819395e+02 1.084198063473838181e+00
1.916748492056815148e-02 8.016854978701107939e+02 1.084342775791102831e+00
1.952455581016860828e-02 8.740064635411040399e+02 1.084486675215358353e+00
1.988827856988809734e-02 9.522794740232927779e+02 1.084617323096707775e+00
2.025877711735016989e-02 1.036901357197250945e+03 1.084721712607461308e+00
2.063617767863858837e-02 1.128298076348603900e+03 1.084794404942622137e+00
2.102060883130158278e-02 1.226926398755425453e+03 1.084834956916647997e+00
2.141220154815729262e-02 1.333270786781163451e+03 1.084843081751308169e+00
2.181108924191518805e-02 1.447846732735050637e+03 1.084818591838192736e+00
2.221740781062883641e-02 1.571205124678102038e+03 1.084761409517396524e+00
2.263129568399528321e-02 1.703937783999359226e+03 1.084671578633233491e+00
2.305289387051707301e-02 1.846684448164236073e+03 1.084549276914786864e+00
2.348234600554275145e-02 2.000141525485638113e+03 1.084394829232286472e+00
2.391979840020238418e-02 2.165073013409808937e+03 1.084208721783846086e+00
2.436540009125464853e-02 2.342324050870759038e+03 1.083991617271002683e+00
2.481930289186254010e-02 2.532837673105172598e+03 1.083744371125863415e+00
2.528166144331499277e-02 2.737665180004064496e+03 1.083468096535632919e+00
2.575263326771199887e-02 2.957831008117503643e+03 1.083164854012446776e+00
2.623237882163122203e-02 3.194315828119802063e+03 1.082837592190674325e+00
2.672106155079433804e-02 3.448147521590302404e+03 1.082489697407428508e+00
2.721884794575178332e-02 3.720407411781146038e+03 1.082125015537002133e+00
2.772590759860482645e-02 4.012234989588914686e+03 1.081747888839250438e+00
2.824241326078434297e-02 4.324833916083784970e+03 1.081363195430682822e+00
2.876854090190592711e-02 4.659479624981673624e+03 1.080976391603850617e+00
2.930446976972142861e-02 5.017528910489353621e+03 1.080593557249081904e+00
2.985038245118730796e-02 5.400431958541154927e+03 1.080221444665541375e+00
3.040646493467067182e-02 5.809733604119040137e+03 1.079867022064364690e+00
3.097290667331408301e-02 6.246957873823785121e+03 1.079533097013782639e+00
3.154990064958086704e-02 6.713626294366357797e+03 1.079219973815458866e+00
3.213764344100276948e-02 7.211318256570316407e+03 1.078927872212343431e+00
3.273633528715245988e-02 7.741677301838513813e+03 1.078656945777704212e+00
3.334618015786364187e-02 8.306418854756164365e+03 1.078407274339788779e+00
3.396738582272208068e-02 8.907340561579265341e+03 1.078178855797131019e+00
3.460016392185108480e-02 9.546335846614003458e+03 1.077971597281448979e+00
3.524473003801584237e-02 1.022541140223084039e+04 1.077785305622454448e+00
3.590130377007068330e-02 1.094670944847669489e+04 1.077619677066190773e+00
3.657010880777489259e-02 1.171253573893097564e+04 1.077474286195726716e+00
3.725137300800209633e-02 1.252539445595604957e+04 1.077348574000183357e+00
3.794532847236938011e-02 1.338803133803094715e+04 1.077241835035182671e+00
3.865221162631261864e-02 1.430348662408763266e+04 1.077153203614893417e+00
3.937226329963479377e-02 1.527515969759924519e+04 1.077081638972951394e+00
4.010572880855495931e-02 1.630688696452883414e+04 1.077025908984636793e+00
4.085285803928561527e-02 1.740263781056149674e+04 1.076984395252218674e+00
4.161390553316707264e-02 1.856572423170525144e+04 1.076954752459830411e+00
4.238913057338778573e-02 1.979940363297919976e+04 1.076934233125222518e+00
4.317879727332021161e-02 2.110702229875488047e+04 1.076919731476743580e+00
4.398317466650223523e-02 2.249201997911897706e+04 1.076907753862275774e+00
4.480253679829489938e-02 2.395793726621161841e+04 1.076894387193368052e+00
4.563716281924758839e-02 2.550842653193642764e+04 1.076875265338232524e+00
4.648733708020256344e-02 2.714726732936521148e+04 1.076845533381260545e+00
4.735334922917116413e-02 2.887838730760226463e+04 1.076799809672627672e+00
4.823549431001467047e-02 3.070588985640415194e+04 1.076732145599764046e+00
4.913407286296361809e-02 3.263408988590510853e+04 1.076635983023391141e+00
5.004939102700953213e-02 3.466755935046423110e+04 1.076504109701735379e+00
5.098176064420424647e-02 3.681108033696495113e+04 1.076331490280377556e+00
5.193149936590212012e-02 3.906939492009276000e+04 1.076122747250135347e+00
5.289893076098151070e-02 4.144744062930087966e+04 1.075885384813159984e+00
5.388438442608223938e-02 4.395047419156852993e+04 1.075627884083859787e+00
5.488819609789671872e-02 4.658414674072837806e+04 1.075359780464169468e+00
5.591070776755290017e-02 4.935459649570457259e+04 1.075091746939674353e+00
5.695226779712821846e-02 5.226856198286139261e+04 1.074835683961083532e+00
5.801323103833375128e-02 5.533351938391505973e+04 1.074604816684171960e+00
5.909395895340967958e-02 5.855784820848735399e+04 1.074413800469178781e+00
6.019481973827271043e-02 6.195102538539168017e+04 1.074278804416806787e+00
6.131618844795772016e-02 6.552230027402372798e+04 1.074208149972860404e+00
6.245844712439614643e-02 6.927792900563488365e+04 1.074187509351177461e+00
6.362198492657485105e-02 7.322340266256536415e+04 1.074197173984897002e+00
6.480719826311967524e-02 7.736383534428145504e+04 1.074215010579653962e+00
6.601449092734885948e-02 8.170388393495911441e+04 1.074216261401599093e+00
6.724427423484245769e-02 8.624766277109767543e+04 1.074173335971452481e+00
6.849696716357443760e-02 9.099865378289049841e+04 1.074055595542260155e+00
6.977299649665534564e-02 9.595961287677749351e+04 1.073829132249258356e+00
7.107279696773415034e-02 1.011332635279498936e+05 1.073463469156201722e+00
7.239681140910873836e-02 1.065275282829057105e+05 1.072973893314709715e+00
7.374549090259549522e-02 1.121542109138702217e+05 1.072398922427107104e+00
7.511929493320965157e-02 1.180275467189888586e+05 1.071781899249251158e+00
7.651869154570821452e-02 1.241647496466121374e+05 1.071171278115147008e+00
7.794415750404946885e-02 1.305866662523650884e+05 1.070621019534393481e+00
7.939617845382279659e-02 1.373185483172825479e+05 1.070191037257043565e+00
8.087524908770453436e-02 1.443900026867625129e+05 1.069943238586304357e+00
8.238187331399605962e-02 1.518204479653657472e+05 1.069874357062986503e+00
8.391656442830157381e-02 1.596174040078970138e+05 1.069921784679281229e+00
8.547984528840409102e-02 1.677858395712864876e+05 1.070013527519265928e+00
8.707224849239916797e-02 1.763279494874400261e+05 1.070068977226495965e+00
8.869431656014709064e-02 1.852425620692928496e+05 1.069998219289657104e+00
9.034660211810524588e-02 1.945245111336304108e+05 1.069701655009766439e+00
9.202966808760409956e-02 2.041712449669406924e+05 1.069125636826332659e+00
9.374408787662991127e-02 2.141942981808964105e+05 1.068338171073777598e+00
9.549044557518077125e-02 2.246093725640581397e+05 1.067433065646413715e+00
9.726933615426168467e-02 2.354351047106220503e+05 1.066515235900254543e+00
9.908136566858666283e-02 2.466937536931239592e+05 1.065701510145143693e+00
1.009271514630570854e-01 2.584114328360374784e+05 1.065117161625424247e+00
1.028073223830864719e-01 2.706052143214305397e+05 1.064795945890198992e+00
1.047225189888434382e-01 2.832787563191888039e+05 1.064666643154672299e+00
1.066733937734857113e-01 2.964326857760262792e+05 1.064644291731518644e+00
1.086606113854596822e-01 3.100647765252557583e+05 1.064633625113654780e+00
1.106848488549412035e-01 3.241698631781470613e+05 1.064529267411481683e+00
1.127467958244946084e-01 3.387577102625353727e+05 1.064278982378100924e+00
1.148471547840289042e-01 3.538701138849051204e+05 1.063927899146407619e+00
1.169866413101306873e-01 3.695626742907566368e+05 1.063535777921123193e+00
1.191659843098558796e-01 3.859050080153733725e+05 1.063169436440630777e+00
1.213859262690627772e-01 4.029782882469460601e+05 1.062897553561985786e+00
1.236472235053715091e-01 4.208058703487705206e+05 1.062715268201262608e+00
1.259506464258357550e-01 4.393510632776033017e+05 1.062556253032653331e+00
1.282969797894147612e-01 4.585574310921769938e+05 1.062344970301814628e+00
1.306870229743346268e-01 4.783471683379561291e+05 1.061998013075899028e+00
1.331215902504307713e-01 4.986788586615886888e+05 1.061486280904378798e+00
1.356015110565633452e-01 5.196161964874498080e+05 1.060892829389575631e+00
1.381276302832009362e-01 5.412555800045138458e+05 1.060322578279710104e+00
1.407008085602685088e-01 5.637201161946060602e+05 1.059891714211219194e+00
1.433219225503573890e-01 5.870965218723831931e+05 1.059660934119084574e+00
1.459918652473978506e-01 6.113553229237740161e+05 1.059568234769315609e+00
1.487115462808953625e-01 6.364355264411458047e+05 1.059529684469571631e+00
1.514818922258345801e-01 6.622570837296157843e+05 1.059454279499336016e+00
1.543038469183564687e-01 6.888009254746041261e+05 1.059300320507038373e+00
1.571783717773162781e-01 7.161274696591184475e+05 1.059078004408127605e+00
1.601064461318317811e-01 7.443178034325159388e+05 1.058801139947715519e+00
1.630890675549332702e-01 7.734549430617359467e+05 1.058485591737651887e+00
1.661272522034293042e-01 8.035669693082242738e+05 1.058150099433016411e+00
1.692220351641037235e-01 8.346672572050357703e+05 1.057815843602882611e+00
1.723744708063619790e-01 8.667683225544419838e+05 1.057506438161739171e+00
1.755856331414468730e-01 8.998819020132258302e+05 1.057248124630841835e+00
1.788566161883461958e-01 9.340190754698128439e+05 1.057069986249227878e+00
1.821885343465165230e-01 9.691904989049946889e+05 1.057001089736789634e+00
1.855825227755517060e-01 1.005407381241064402e+06 1.057034847457826832e+00
1.890397377819219571e-01 1.042681761252818978e+06 1.057137062862286925e+00
1.925613572129196704e-01 1.081026507989835693e+06 1.057268776827301471e+00
1.961485808579429280e-01 1.120455828342665453e+06 1.057386339415883558e+00
1.998026308572548593e-01 1.160985885556308553e+06 1.057441030250002800e+00
2.035247521183575770e-01 1.202633879220061470e+06 1.057388252692718966e+00
2.073162127401229071e-01 1.245411861626483034e+06 1.057224901301556219e+00
2.111783044448242164e-01 1.289331233274314785e+06 1.056961920992524950e+00
2.151123430182164953e-01 1.334405432974846335e+06 1.056611939582710935e+00
2.191196687578147451e-01 1.380650743859007955e+06 1.056189394113318025e+00
2.232016469295232397e-01 1.428087238344978308e+06 1.055710668058178925e+00
2.273596682327715113e-01 1.476739878816002980e+06 1.055194239022488878e+00
2.315951492743152096e-01 1.526639792475174414e+06 1.054660838486034757e+00
2.359095330508633737e-01 1.577825741283528041e+06 1.054133625465446755e+00
2.403042894406967056e-01 1.630345810900565702e+06 1.053638376352589390e+00
2.447809157044440187e-01 1.684259346298530465e+06 1.053203693643026018e+00
2.493409369951877785e-01 1.739639166423467221e+06 1.052861236813931844e+00
2.539859068780723761e-01 1.796564173426044406e+06 1.052640689543333341e+00
2.587174078595921300e-01 1.855064674834861886e+06 1.052541163210418906e+00
2.635370519267393186e-01 1.915147994195443345e+06 1.052548069968743949e+00
2.684464810961962322e-01 1.976819159548855620e+06 1.052644702229555529e+00
2.734473679737579599e-01 2.040081016528749838e+06 1.052812061647277364e+00
2.785414163241766161e-01 2.104934353415056597e+06 1.053028651703404872e+00
2.837303616516211324e-01 2.171378090247008018e+06 1.053270258209687560e+00
2.890159717909508430e-01 2.239409541407557204e+06 1.053509718489915370e+00
2.944000475100033709e-01 2.309024761868292000e+06 1.053716680440810238e+00
2.998844231231027613e-01 2.380218988094992936e+06 1.053857353212209524e+00
3.054709671159968054e-01 2.452990453994272277e+06 1.053902127049981763e+00
3.111615827824359970e-01 2.527353310958261602e+06 1.053852806358259731e+00
3.169582088726115021e-01 2.603331438811990898e+06 1.053721238587621789e+00
3.228628202536730218e-01 2.680956827405319549e+06 1.053520994450165338e+00
3.288774285825510346e-01 2.760271501090049278e+06 1.053267500499906806e+00
3.350040829913132900e-01 2.841329714531953912e+06 1.052978181897939569e+00
3.412448707852889229e-01 2.924200451581496745e+06 1.052672616731883837e+00
3.476019181541977754e-01 3.008970263982250355e+06 1.052372703626389461e+00
3.540773908965269556e-01 3.095741103560562246e+06 1.052101549547112658e+00
3.606734951574028236e-01 3.184561474382959306e+06 1.051866918574654974e+00
3.673924781802074269e-01 3.275431339764241595e+06 1.051664155154601765e+00
3.742366290721980682e-01 3.368347427677394357e+06 1.051487639299763410e+00
3.812082795843887983e-01 3.463304613919106312e+06 1.051330989768255231e+00
3.883098049059605095e-01 3.560296334089508280e+06 1.051186999632249597e+00
3.955436244734701345e-01 3.659315102248350158e+06 1.051047567681068884e+00
4.029122027951347884e-01 3.760353546711565927e+06 1.050903752674789526e+00
4.104180502904709038e-01 3.863421885899683461e+06 1.050750879071634669e+00
4.180637241455757991e-01 3.968559449083623011e+06 1.050590959225497834e+00
4.258518291843414461e-01 4.075819578853559215e+06 1.050426769948964445e+00
4.337850187558989212e-01 4.185270870052943937e+06 1.050261421716188082e+00
4.418659956385941334e-01 4.297000145057905465e+06 1.050098385164964343e+00
4.500975129608046355e-01 4.411115821352102794e+06 1.049941519509446586e+00
4.584823751389096036e-01 4.527725604884047993e+06 1.049793637514738531e+00
4.670234388327330621e-01 4.646854715734362602e+06 1.049652021080911934e+00
4.757236139187884794e-01 4.768505750684356317e+06 1.049512162159443873e+00
4.845858644816490868e-01 4.892681156987332739e+06 1.049369015076972333e+00
4.936132098237911991e-01 5.019383983245850541e+06 1.049216953660334850e+00
5.028087254942474882e-01 5.148618779588587582e+06 1.049049754450725347e+00
5.121755443364236493e-01 5.280392833797155879e+06 1.048862744100044653e+00
5.217168575554343990e-01 5.414717589494457468e+06 1.048654610674450316e+00
5.314359158053235666e-01 5.551609885603240691e+06 1.048424342613893945e+00
5.413360302965375404e-01 5.691093617293449119e+06 1.048170889808377693e+00
5.514205739240296555e-01 5.833201672193859704e+06 1.047893162405656886e+00
5.616929824163804374e-01 5.977978143110754900e+06 1.047590029598266526e+00
5.721567555063246102e-01 6.125480846872184426e+06 1.047260318390879297e+00
5.828154581230839959e-01 6.275784182443298399e+06 1.046902812349154610e+00
5.936727216069119795e-01 6.428982365703485906e+06 1.046516250331405384e+00
6.047322449462643190e-01 6.585191179016578943e+06 1.046099422064717066e+00
6.159977960380161877e-01 6.744486258537422866e+06 1.045654423120626841e+00
6.274732129711574347e-01 6.906874628210316412e+06 1.045187855376270347e+00
6.391624053343999412e-01 7.072360367894164287e+06 1.044707405499160524e+00
6.510693555481454897e-01 7.240950212347295135e+06 1.044221680189505896e+00
6.631981202212668958e-01 7.412654903307886794e+06 1.043740278134680954e+00
6.755528315331639222e-01 7.587490760317814536e+06 1.043273867618350836e+00
6.881376986415662644e-01 7.765481493792259134e+06 1.042834270430067267e+00
7.009570091165617800e-01 7.946660285640158691e+06 1.042434550219664580e+00
7.140151304013395706e-01 8.131070834542090073e+06 1.042080945960583094e+00
7.273165113001454074e-01 8.318766621009007096e+06 1.041753307771970727e+00
7.408656834939559843e-01 8.509816554383788258e+06 1.041423508772006068e+00
7.546672630843886953e-01 8.704309031111218035e+06 1.041060164285365186e+00
7.687259521663728501e-01 8.902355645354675129e+06 1.040628380914928153e+00
7.830465404301183430e-01 9.104095371466847137e+06 1.040089500641350195e+00
7.976339067929273385e-01 9.309699271938759834e+06 1.039400843475633440e+00
8.124930210614047521e-01 9.519332264269838110e+06 1.038526580899950202e+00
8.276289456246344045e-01 9.732895314964110032e+06 1.037502090682100864e+00
8.430468371788967241e-01 9.950142393399674445e+06 1.036398005897044117e+00
8.587519484845170803e-01 1.017077838854925707e+07 1.035293266366123177e+00
8.747496301554414933e-01 1.039445443828062713e+07 1.034275651346249880e+00
8.910453324821513421e-01 1.062076269572216645e+07 1.033442498198901216e+00
9.076446072885356875e-01 1.084924454690699466e+07 1.032898651104920074e+00
9.245531098233570333e-01 1.107978000432140008e+07 1.032675607752552960e+00
9.417766006869519035e-01 1.131273229052199610e+07 1.032710722576798190e+00
9.593209477938241525e-01 1.154859647852013633e+07 1.032928002040027771e+00
9.771921283717996953e-01 1.178799342148505338e+07 1.033241895301156621e+00
9.953962309984233370e-01 1.203168711345560849e+07 1.033556390431779271e+00
1.013939457675291811e+00 1.228052344157852791e+07 1.033772841458022063e+00
1.032828125941028574e+00 1.253477889337921143e+07 1.033859416281784460e+00
1.052068671023622892e+00 1.279437639085923508e+07 1.033822418323941728e+00
1.071667648032863296e+00 1.305920809998342395e+07 1.033669779257410326e+00
1.091631734193614811e+00 1.332913526829057001e+07 1.033410848073324617e+00
1.111967731120699021e+00 1.360398499333653040e+07 1.033056500581306381e+00
1.132682567136153784e+00 1.388354677121132240e+07 1.032619256003807218e+00
1.153783299629660863e+00 1.416756882376755401e+07 1.032113401530446506e+00
1.175277117462945276e+00 1.445575420607866347e+07 1.031555125881547408e+00
1.197171343418965694e+00 1.474775669915202446e+07 1.030962663150035263e+00
1.219473436696737023e+00 1.504317649715877324e+07 1.030356448454234464e+00
1.242190995452616242e+00 1.534155570347960107e+07 1.029759287248952715e+00
1.265331759388941713e+00 1.564240236103986576e+07 1.029194866534221431e+00
1.288903612390891462e+00 1.594552016922522709e+07 1.028668992925077408e+00
1.312914585212463958e+00 1.625096087113458291e+07 1.028174192329350145e+00
1.337372858212495075e+00 1.655883296749818139e+07 1.027701751174889822e+00
1.362286764141645401e+00 1.686930685926903784e+07 1.027241852088405460e+00
1.387664790981307128e+00 1.718262464719289169e+07 1.026783483009256370e+00
1.413515584835394190e+00 1.749911097031917423e+07 1.026314341042069422e+00
1.439847952876006643e+00 1.781918500548193976e+07 1.025820731121905194e+00
1.466670866343967150e+00 1.814337377512668073e+07 1.025287459664206979e+00
1.493993463605256311e+00 1.847232694270607084e+07 1.024697723492545842e+00
1.521825053264385552e+00 1.880674301805322245e+07 1.024036128744371776e+00
1.550175117335768737e+00 1.914672229166489840e+07 1.023310956209509293e+00
1.579053314474174297e+00 1.949202185670286417e+07 1.022543822309325945e+00
1.608469483265355215e+00 1.984235282758202776e+07 1.021759011358150726e+00
1.638433645577983100e+00 2.019737819579497352e+07 1.020983607723286113e+00
1.668956009978023181e+00 2.055670861518594995e+07 1.020247712917231375e+00
1.700046975206716438e+00 2.091989797152620554e+07 1.019584685842137572e+00
1.731717133723352786e+00 2.128643874665921926e+07 1.019031410529544379e+00
1.763977275314043469e+00 2.165576705814795569e+07 1.018627687991640718e+00
1.796838390767719229e+00 2.202758595671238750e+07 1.018386934624415430e+00
1.830311675620611256e+00 2.240200677899438515e+07 1.018286080640025792e+00
1.864408533970485227e+00 2.277923222865675762e+07 1.018296609784891338e+00
1.899140582361933616e+00 2.315954526938321814e+07 1.018386270133488702e+00
1.934519653744044332e+00 2.354332081837509945e+07 1.018518733420260114e+00
1.970557801501798378e+00 2.393103866177612916e+07 1.018653239697822732e+00
2.007267303562568106e+00 2.432329661957943439e+07 1.018744302296114679e+00
2.044660666579115826e+00 2.472056745330407843e+07 1.018757556111909768e+00
2.082750630190514318e+00 2.512281774076014385e+07 1.018692654058841685e+00
2.121550171362450055e+00 2.552993611562313139e+07 1.018554840341466594e+00
2.161072508808376647e+00 2.594180787168410420e+07 1.018350269831083565e+00
2.201331107493030181e+00 2.635831642631961405e+07 1.018086081257796538e+00
2.242339683219845003e+00 2.677934503697334230e+07 1.017770475337935299e+00
2.284112207303823361e+00 2.720477879536939785e+07 1.017412798332149482e+00
2.326662911331458083e+00 2.763450692584614083e+07 1.017023631616033263e+00
2.370006292009327886e+00 2.806842541599763930e+07 1.016614887948092516e+00
2.414157116103017753e+00 2.850644000976169854e+07 1.016199915242149032e+00
2.459130425468043946e+00 2.894846959524545819e+07 1.015793608796375924e+00
2.504941542174502267e+00 2.939445000513749197e+07 1.015412528785287094e+00
2.551606073727183954e+00 2.984431891449106112e+07 1.015070138244759335e+00
2.599139918382932901e+00 3.029797767274002731e+07 1.014766640125232433e+00
2.647559270567066747e+00 3.075533375928967074e+07 1.014499376999834945e+00
2.696880626390692370e+00 3.121631438637969270e+07 1.014265236666630932e+00
2.747120789270811603e+00 3.168087122204009816e+07 1.014060611250190425e+00
2.798296875655115645e+00 3.214898565634625405e+07 1.013881353350646108e+00
2.850426320853434614e+00 3.262067465724234655e+07 1.013722729095588582e+00
2.903526884977813971e+00 3.309599726672960445e+07 1.013579367956420230e+00
2.957616658993253544e+00 3.357506179361758381e+07 1.013445209200594999e+00
3.012714070881164385e+00 3.405803336389980465e+07 1.013313456387432421e+00
3.068837891917642224e+00 3.454508005565993488e+07 1.013178287698073055e+00
3.126007243068700259e+00 3.503629965144205838e+07 1.013036977831353713e+00
3.184241601504649744e+00 3.553182375540928543e+07 1.012886979333566195e+00
3.243560807235807975e+00 3.603184014853736758e+07 1.012725476549594772e+00
3.303985069871854918e+00 3.653660128531445563e+07 1.012549365270588364e+00
3.365534975507090909e+00 3.704643367753684521e+07 1.012355231131519151e+00
3.428231493733967294e+00 3.756174825507795811e+07 1.012139326710069787e+00
3.492095984787267682e+00 3.808305180693072081e+07 1.011897547281107368e+00
3.557150206821382277e+00 3.861084375893702358e+07 1.011626484429713368e+00
3.623416323323146226e+00 3.914502647454544157e+07 1.011328868391482949e+00
3.690916910662774608e+00 3.968523722956198454e+07 1.011010213214681874e+00
3.759674965785463563e+00 4.023106684903404862e+07 1.010676744970643526e+00
3.829713914046277257e+00 4.078205681495979428e+07 1.010335455042108865e+00
3.901057617190989202e+00 4.133769595325586200e+07 1.009994160457631907e+00
3.973730381485604202e+00 4.189741701022723317e+07 1.009661568844961721e+00
4.047756965997318268e+00 4.246061932734993845e+07 1.009346866618364258e+00
4.123162591029748469e+00 4.302698959844540060e+07 1.009053941089365525e+00
4.199972946715301525e+00 4.359645822548883408e+07 1.008782599453605044e+00
4.278214201767612579e+00 4.416900069769414514e+07 1.008532444197054900e+00
4.357913012397025554e+00 4.474464067614237219e+07 1.008302940996115726e+00
4.439096531392166867e+00 4.532345814512587339e+07 1.008093405445442237e+00
4.521792417370697592e+00 4.590559839262229204e+07 1.007902988778584197e+00
4.606028844202397998e+00 4.649128189257007092e+07 1.007730662515964104e+00
4.691834510607794329e+00 4.708081517092050612e+07 1.007575201971813161e+00
4.779238649935595440e+00 4.767460274874309450e+07 1.007435168548908466e+00
4.868271040122278848e+00 4.827316026941016316e+07 1.007308890747374841e+00
4.958962013837211913e+00 4.887712893365324289e+07 1.007194443811499251e+00
5.051342468816761411e+00 4.948725791683627665e+07 1.007089675093492565e+00
5.145443878390924652e+00 5.010381887188914418e+07 1.006993016869548674e+00
5.241298302206056192e+00 5.072658074378250539e+07 1.006903467798802243e+00
5.338938397147350301e+00 5.135527670353715867e+07 1.006819905130155846e+00
5.438397428464796235e+00 5.198962106890353560e+07 1.006741048215438861e+00
5.539709281106400596e+00 5.262930948157705367e+07 1.006665445240952028e+00
5.642908471262536807e+00 5.327401923899766058e+07 1.006591459044261727e+00
5.748030158125351008e+00 5.392340979911927134e+07 1.006517251965103332e+00
5.855110155867238042e+00 5.457712347774308175e+07 1.006440769678028868e+00
5.964184945842459840e+00 5.523478635921845585e+07 1.006359723953493823e+00
6.075291689016070862e+00 5.589601094243007898e+07 1.006271894832996505e+00
6.188468238624382778e+00 5.656041385093943775e+07 1.006178535442811883e+00
6.303753153071275150e+00 5.722761432930622250e+07 1.006083464790461957e+00
6.421185709064758385e+00 5.789722708726432920e+07 1.005990989090245424e+00
6.540805914998252923e+00 5.856886499445669353e+07 1.005905903210076113e+00
6.662654524581149929e+00 5.924214233583187312e+07 1.005833529301563667e+00
6.786773050723295064e+00 5.991667849961734563e+07 1.005779758353652298e+00
6.913203779678127603e+00 6.059210213078765571e+07 1.005751094945675383e+00
7.041989785449288775e+00 6.126805363494444638e+07 1.005754608383326643e+00
7.173174944465612768e+00 6.194404866385734081e+07 1.005791656706011672e+00
7.306803950529499936e+00 6.261936766072957963e+07 1.005853148576638656e+00
7.442922330043757917e+00 6.329323781384541839e+07 1.005927874163455193e+00
7.581576457522110069e+00 6.396485266941299289e+07 1.006003258132284195e+00
7.722813571388642551e+00 6.463337326512057334e+07 1.006065248827550329e+00
7.866681790071582192e+00 6.529792958660065383e+07 1.006098201656268731e+00
8.013230128396878982e+00 6.595762240226442367e+07 1.006084760381418031e+00
8.162508514287219796e+00 6.661157839509941638e+07 1.006012045764592910e+00
8.314567805772055564e+00 6.725907638555125892e+07 1.005885819189960895e+00
8.469459808314576676e+00 6.789944160994811356e+07 1.005716634392492814e+00
8.627237292461440887e+00 6.853202384234353900e+07 1.005516442226845442e+00
8.787954011821311084e+00 6.915620490305542946e+07 1.005298700103887333e+00
8.951664721378293166e+00 6.977140684847395122e+07 1.005078490204398767e+00
9.118425196146562328e+00 7.037710087107889354e+07 1.004872647648349604e+00
9.288292250172489162e+00 7.097281693901310861e+07 1.004699900017754333e+00
9.461323755890759912e+00 7.155815420542961359e+07 1.004581019891896521e+00
9.637578663841079418e+00 7.213279221936476231e+07 1.004538992363472660e+00
9.817117022752183786e+00 7.269650297225326300e+07 1.004599199872171278e+00
1.000000000000000000e+01 7.324916381775286794e+07 1.004789627129669238e+00
