# Reference: https://doi.org/10.1038/s41586-020-2878-4
1.000000000000000021e-03 1.369854006819702587e-11 1.014706671718299980e+00
1.018628990244687619e-03 1.521425002607269668e-11 1.014734125808683718e+00
1.037605019766911670e-03 1.692355131408879835e-11 1.014761933988578724e+00
1.056934553557988335e-03 1.885397805396466586e-11 1.014790097293701399e+00
1.076624177045493267e-03 2.103733736592617220e-11 1.014818616590384082e+00
1.096680598336868600e-03 2.351042291125136558e-11 1.014847492566496978e+00
1.117110650504824203e-03 2.631585531825009335e-11 1.014876725722045014e+00
1.137921293915315117e-03 2.950307331942748224e-11 1.014906316359432070e+00
1.159119618598885779e-03 3.312950412046349929e-11 1.014936264573384150e+00
1.180712846666190276e-03 3.726194717803075701e-11 1.014966570240525279e+00
1.202708334768511989e-03 4.197821238840674270e-11 1.014997233008595456e+00
1.225113576604118949e-03 4.736906193245636195e-11 1.015028252285305799e+00
1.247936205471311460e-03 5.354051499005866238e-11 1.015059627226819750e+00
1.271183996869028896e-03 6.061658660137098115e-11 1.015091356725855709e+00
1.294864871145904933e-03 6.874254656925915389e-11 1.015123439399401306e+00
1.318986896198670470e-03 7.808880202449872955e-11 1.015155873576033985e+00
1.343558290220826226e-03 8.885552879584246872e-11 1.015188657282837914e+00
1.368587424502519176e-03 1.012782028772941810e-10 1.015221788231913225e+00
1.394082826282578647e-03 1.156342150907809162e-10 1.015255263806469577e+00
1.420053181653683095e-03 1.322507907621495721e-10 1.015289081046496289e+00
1.446507338521647217e-03 1.515144834068722153e-10 1.015323236634007253e+00
1.473454309619835756e-03 1.738825689563326457e-10 1.015357726877849309e+00
1.500903275579736594e-03 1.998967372776291875e-10 1.015392547698074299e+00
1.528863588058731147e-03 2.301995635158760781e-10 1.015427694609867260e+00
1.557344772926135207e-03 2.655543466438680230e-10 1.015463162707027633e+00
1.586356533508589657e-03 3.068690308771507144e-10 1.015498946645000622e+00
1.615908753895919101e-03 3.552250826422483749e-10 1.015535040623455787e+00
1.646011502308549748e-03 4.119123881436915455e-10 1.015571438368410240e+00
1.676675034527699143e-03 4.784714723543541705e-10 1.015608133113897749e+00
1.707909797389426916e-03 5.567446294168783345e-10 1.015645117583182877e+00
1.739726432343800767e-03 6.489379092622652502e-10 1.015682383969520375e+00
1.772135779080358372e-03 7.576963408328897212e-10 1.015719923916464262e+00
1.805148879221108154e-03 8.861953072409422664e-10 1.015757728497729051e+00
1.838776980082326793e-03 1.038251645394517997e-09 1.015795788196609539e+00
1.873031538506436536e-03 1.218458850248449895e-09 1.015834092884963846e+00
1.907924224765265072e-03 1.432351756529746241e-09 1.015872631801770787e+00
1.943466926536020246e-03 1.686607291127475873e-09 1.015911393531270468e+00
1.979671752951332481e-03 1.989289389622193357e-09 1.015950365980700543e+00
2.016551038724746607e-03 2.350148014845748749e-09 1.015989536357643441e+00
2.054117348353064112e-03 2.780984482593945082e-09 1.016028891146999902e+00
2.092383480396977150e-03 3.296098086025444092e-09 1.016068416087610338e+00
2.131362471841437810e-03 3.912832433710923193e-09 1.016108096148543805e+00
2.171067602537264923e-03 4.652244120641591687e-09 1.016147915505083876e+00
2.211512399725488933e-03 5.539921512163892012e-09 1.016187857514433412e+00
2.252710642645980484e-03 6.606987751149929383e-09 1.016227904691177297e+00
2.294676367231936100e-03 7.891329857723619717e-09 1.016268038682532460e+00
2.337423870891814758e-03 9.439105292100272783e-09 1.016308240243430028e+00
2.380967717380358135e-03 1.130658897309018143e-08 1.016348489211470474e+00
2.425322741760352948e-03 1.356243794305835399e-08 1.016388764481799489e+00
2.470504055456825433e-03 1.629046819073663194e-08 1.016429043981963654e+00
2.516527051405391836e-03 1.959305923830785367e-08 1.016469304646798077e+00
2.563407409296514835e-03 2.359532774352265131e-08 1.016509522393414855e+00
2.611161100917459583e-03 2.845024247731156691e-08 1.016549672096364709e+00
2.659804395593758260e-03 3.434489068867750948e-08 1.016589727563043777e+00
2.709353865732051433e-03 4.150815131732584761e-08 1.016629661509437010e+00
2.759826392466180594e-03 5.022008521383310325e-08 1.016669445536286576e+00
2.811239171408464344e-03 6.082341814320197979e-08 1.016709050105786050e+00
2.863609718508115885e-03 7.373757076912235070e-08 1.016748444518912109e+00
2.916955876018795853e-03 8.947578315533584385e-08 1.016787596893509615e+00
2.971295818577334054e-03 1.086659919006610736e-07 1.016826474143260883e+00
3.026648059395692196e-03 1.320762483479998573e-07 1.016865041957677684e+00
3.083031456568277075e-03 1.606456189977558811e-07 1.016903264783266536e+00
3.140465219496752208e-03 1.955216869593144382e-07 1.016941105806031143e+00
3.198968915434537586e-03 2.381059785164926872e-07 1.016978526935488070e+00
3.258562476153226226e-03 2.901088738616033266e-07 1.017015488790383948e+00
3.319266204733189573e-03 3.536158273490025775e-07 1.017051950686322481e+00
3.381100782480685445e-03 4.311670208124507148e-07 1.017087870625517976e+00
3.444087275973823411e-03 5.258529026548299010e-07 1.017123205288916310e+00
3.508247144239792347e-03 6.414284224799955588e-07 1.017157910030937140e+00
3.573602246065788347e-03 7.824491499741501515e-07 1.017191938877112678e+00
3.640174847446141400e-03 9.544328576211074407e-07 1.017225244524918804e+00
3.707987629168172684e-03 1.164050534653798609e-06 1.017257778348114483e+00
3.777063694539364597e-03 1.419351163031639537e-06 1.017289490404930996e+00
3.847426577258505898e-03 1.730024895995550379e-06 1.017320329450476235e+00
3.919100249433401899e-03 2.107709497348125665e-06 1.017350242953742878e+00
3.992109129748053209e-03 2.566344975646640289e-06 1.017379177119642986e+00
4.066478091781853925e-03 3.122581220407633367e-06 1.017407076916516218e+00
4.142232472483897525e-03 3.796243042523212922e-06 1.017433886109593955e+00
4.219398080805024202e-03 4.610856250288909901e-06 1.017459547300930689e+00
4.298001206490798497e-03 5.594237155044932498e-06 1.017484001976357355e+00
4.378068629038166758e-03 6.779146085316017211e-06 1.017507190560042130e+00
4.459627626819095622e-03 8.204002978232106654e-06 1.017529052477287310e+00
4.542705986374042521e-03 9.913659795173936949e-06 1.017549526226235956e+00
4.627332011878692967e-03 1.196022026868058642e-05 1.017568549459205718e+00
4.713534534786906725e-03 1.440389224698345469e-05 1.017586059074414351e+00
4.801342923653449841e-03 1.731385161932958930e-05 1.017601991318915156e+00
4.890787094139589959e-03 2.076908949946843467e-05 1.017616281903617415e+00
4.981897519205159656e-03 2.485920612239517381e-05 1.017628866131318199e+00
5.074705239490466188e-03 2.968510598918109331e-05 1.017639679038741640e+00
5.169241873891598608e-03 3.535953953426068419e-05 1.017648655553640813e+00
5.265539630332755246e-03 4.200742750996195338e-05 1.017655730668092007e+00
5.363631316739239652e-03 4.976589608634239808e-05 1.017660839629182190e+00
5.463550352214875498e-03 5.878394423971764762e-05 1.017663918148366431e+00
5.565330778427646403e-03 6.922166141627440457e-05 1.017664902630864177e+00
5.669007271207434327e-03 8.124891391647189802e-05 1.017663730426538349e+00
5.774615152359819509e-03 9.504342424135097040e-05 1.017660340103808458e+00
5.882190401699956099e-03 1.107881800503225623e-04 1.017654671748237316e+00
5.991769669310619169e-03 1.286681295378979545e-04 1.017646667287543050e+00
6.103390288028621123e-03 1.488661487814555199e-04 1.017636270844895829e+00
6.217090286163826779e-03 1.715583043003048025e-04 1.017623429122483492e+00
6.332908400455114321e-03 1.969084803846511721e-04 1.017608091817445271e+00
6.450884089267692675e-03 2.250624945411759626e-04 1.017590212072419842e+00
6.571057546036270826e-03 2.561418835159693557e-04 1.017569746963084221e+00
6.693469712958660493e-03 2.902376036039803760e-04 1.017546658025216821e+00
6.818162294944479437e-03 3.274039481379469345e-04 1.017520911823978302e+00
6.945177773823696388e-03 3.676530371367927848e-04 1.017492480568265023e+00
7.074559422819878297e-03 4.109502735440585396e-04 1.017461342773183786e+00
7.206351321293052656e-03 4.572111817361287607e-04 1.017427483973872837e+00
7.340598369757212090e-03 5.063000420543736562e-04 1.017390897494109714e+00
7.477346305177588227e-03 5.580307063433740311e-04 1.017351585273351677e+00
7.616641716552892058e-03 6.121699222227283861e-04 1.017309558756093413e+00
7.758532060787835978e-03 6.684434091478175244e-04 1.017264839847661140e+00
7.903065678861348128e-03 7.265448214969807668e-04 1.017217461940828516e+00
8.050291812295981564e-03 7.861476106793769195e-04 1.017167471017911939e+00
8.200260619934130954e-03 8.469196706804352475e-04 1.017114926833296407e+00
8.353023195026778799e-03 9.085405335774776646e-04 1.017059904181655705e+00
8.508631582640582489e-03 9.707207895894333360e-04 1.017002494257464917e+00
8.667138797389234081e-03 1.033223357647993683e-03 1.016942806111754027e+00
8.828598841495149604e-03 1.095886245085319786e-03 1.016880968212436676e+00
8.993066723187623582e-03 1.158646526265964339e-03 1.016817130114941126e+00
9.160598475443709407e-03 1.221565456895551101e-03 1.016751464250313930e+00
9.331251175078249249e-03 1.284854940968958772e-03 1.016684167838418418e+00
9.505082962189511861e-03 1.348906001679577461e-03 1.016615464934346402e+00
9.682153059967075343e-03 1.414320504793256401e-03 1.016545608616687302e+00
9.862521794868784469e-03 1.481948187430027521e-03 1.016474883326870637e+00
1.004625061717340749e-02 1.552928755487832527e-03 1.016403606484916233e+00
1.023340212191641702e-02 1.628312562003999793e-03 1.016332021921046325e+00
1.042404007021556327e-02 1.708515674459714501e-03 1.016260180655235823e+00
1.061822941099384125e-02 1.793896986656310808e-03 1.016188111893134627e+00
1.081603630310709954e-02 1.884845244125061105e-03 1.016115846297753755e+00
1.101752813788386791e-02 1.981781741272177488e-03 1.016043416030543600e+00
1.122277356208507652e-02 2.085163277716886067e-03 1.015970854792615841e+00
1.143184250129149725e-02 2.195485399828179737e-03 1.015898197866030417e+00
1.164480618372686072e-02 2.313285956137575792e-03 1.015825482155048309e+00
1.186173716452478509e-02 2.439148998252715656e-03 1.015752746227253311e+00
1.208270935044776506e-02 2.573709062145007869e-03 1.015680030354426666e+00
1.230779802506665188e-02 2.717655868265025226e-03 1.015607376553054220e+00
1.253707987440920262e-02 2.871739482883088872e-03 1.015534828624330865e+00
1.277063301308643990e-02 3.036775987395039667e-03 1.015462432193518838e+00
1.300853701090571267e-02 3.213653707111887182e-03 1.015390234748496212e+00
1.325087291997953214e-02 3.403340056307443007e-03 1.015318285677328847e+00
1.349772330233941706e-02 3.606889062074568851e-03 1.015246636304672156e+00
1.374917225806419029e-02 3.825449635883951694e-03 1.015175339926804865e+00
1.400530545393219653e-02 4.060274668700235810e-03 1.015104451845068700e+00
1.426621015260736910e-02 4.312731033141516644e-03 1.015034029397480220e+00
1.453197524236895383e-02 4.584310584524821201e-03 1.014964131988252305e+00
1.480269126739508674e-02 4.876642261782455565e-03 1.014894821114948664e+00
1.507845045861051086e-02 5.191505399220363269e-03 1.014826160392970467e+00
1.535934676510897039e-02 5.530844370985834972e-03 1.014758215577046707e+00
1.564547588616095955e-02 5.896784701979125402e-03 1.014691054579381468e+00
1.593693530381774456e-02 6.291650791848491485e-03 1.014624747484077272e+00
1.623382431612278159e-02 6.717985412712478011e-03 1.014559366557429287e+00
1.653624407094180307e-02 7.178571156420830192e-03 1.014494986253652309e+00
1.684429760042315330e-02 7.676454023550520131e-03 1.014431683215568425e+00
1.715808985610004986e-02 8.214969363990163448e-03 1.014369536269750682e+00
1.747772774464680795e-02 8.797770397934740610e-03 1.014308626415576509e+00
1.780332016430113962e-02 9.428859566424032182e-03 1.014249036807608917e+00
1.813497804196495186e-02 1.011262298222375539e-02 1.014190852730676884e+00
1.847281437099634188e-02 1.085386827486507604e-02 1.014134161566980552e+00
1.881694424970555696e-02 1.165786614798454933e-02 1.014079052754501831e+00
1.916748492056815148e-02 1.253039599268051738e-02 1.014025617735944795e+00
1.952455581016860828e-02 1.347779592730970200e-02 1.013973949897374771e+00
1.988827856988809734e-02 1.450701766183034973e-02 1.013924144495670143e+00
2.025877711735016989e-02 1.562568661323335967e-02 1.013876298573831436e+00
2.063617767863858837e-02 1.684216772749418459e-02 1.013830510863130030e+00
2.102060883130158278e-02 1.816563749244414980e-02 1.013786881671004281e+00
2.141220154815729262e-02 1.960616265451356477e-02 1.013745512753535305e+00
2.181108924191518805e-02 2.117478617983252487e-02 1.013706507171252769e+00
2.221740781062883641e-02 2.288362102594493352e-02 1.013669969126934411e+00
2.263129568399528321e-02 2.474595231348496530e-02 1.013636003783971118e+00
2.305289387051707301e-02 2.677634850649499021e-02 1.013604717063769645e+00
2.348234600554275145e-02 2.899078222432063465e-02 1.013576215420560089e+00
2.391979840020238418e-02 3.140676131567338852e-02 1.013550605591865938e+00
2.436540009125464853e-02 3.404347082469715013e-02 1.013527994322773296e+00
2.481930289186254010e-02 3.692192646762709751e-02 1.013508488062009327e+00
2.528166144331499277e-02 4.006514021448525503e-02 1.013492192627706290e+00
2.575263326771199887e-02 4.349829853047101902e-02 1.013479212840584509e+00
2.623237882163122203e-02 4.724895377318300699e-02 1.013469652122135578e+00
2.672106155079433804e-02 5.134722916107440499e-02 1.013463612055221175e+00
2.721884794575178332e-02 5.582603762174964679e-02 1.013461191904337033e+00
2.772590759860482645e-02 6.072131469164033374e-02 1.013462488092602642e+00
2.824241326078434297e-02 6.607226546667502309e-02 1.013467593632346730e+00
2.876854090190592711e-02 7.192162539191596093e-02 1.013476597505947208e+00
2.930446976972142861e-02 7.831593442164519470e-02 1.013489583993371301e+00
2.985038245118730796e-02 8.530582377478986011e-02 1.013506631942620695e+00
3.040646493467067182e-02 9.294631414859994001e-02 1.013527813979044234e+00
3.097290667331408301e-02 1.012971238310207550e-01 1.013553195649215644e+00
3.154990064958086704e-02 1.104229846645206486e-01 1.013582834494796359e+00
3.213764344100276948e-02 1.203939632571965623e-01 1.013616779051506933e+00
3.273633528715245988e-02 1.312857842077697346e-01 1.013655067768018281e+00
3.334618015786364187e-02 1.431801514080317528e-01 1.013697727839240059e+00
3.396738582272208068e-02 1.561650627097866117e-01 1.013744773948137112e+00
3.460016392185108480e-02 1.703351123962325853e-01 1.013796206909828967e+00
3.524473003801584237e-02 1.857917749861218160e-01 1.013852012211335696e+00
3.590130377007068330e-02 2.026436629328435823e-01 1.013912158439920219e+00
3.657010880777489259e-02 2.210067497744738485e-01 1.013976595592537500e+00
3.725137300800209633e-02 2.410045492648910381e-01 1.014045253258438972e+00
3.794532847236938011e-02 2.627682399968226945e-01 1.014118038666494526e+00
3.865221162631261864e-02 2.864367240487865063e-01 1.014194834588279859e+00
3.937226329963479377e-02 3.121566072909292000e-01 1.014275497087440137e+00
4.010572880855495931e-02 3.400820882199490636e-01 1.014359853105271991e+00
4.085285803928561527e-02 3.703747416197534781e-01 1.014447697871875054e+00
4.161390553316707264e-02 4.032031830306213593e-01 1.014538792131596256e+00
4.238913057338778573e-02 4.387426000326413167e-01 1.014632859170847334e+00
4.317879727332021161e-02 4.771741367945164236e-01 1.014729581635688493e+00
4.398317466650223523e-02 5.186841192987722282e-01 1.014828598125869785e+00
4.480253679829489938e-02 5.634631102261274949e-01 1.014929499551284087e+00
4.563716281924758839e-02 6.117047847643967140e-01 1.015031825236022867e+00
4.648733708020256344e-02 6.636046216982502965e-01 1.015135058754436548e+00
4.735334922917116413e-02 7.193584081265551600e-01 1.015238623482796143e+00
4.823549431001467047e-02 7.791605611230887352e-01 1.015341877849309293e+00
4.913407286296361809e-02 8.432022756653037021e-01 1.015444110264400734e+00
5.004939102700953213e-02 9.116695149511612195e-01 1.015544533732184007e+00
5.098176064420424647e-02 9.847384165682390167e-01 1.015642436185309805e+00
5.193149936590212012e-02 1.062565157138066985e+00 1.015737583106323783e+00
5.289893076098151070e-02 1.145286457301437855e+00 1.015829847089946059e+00
5.388438442608223938e-02 1.233017260782460989e+00 1.015919101074533648e+00
5.488819609789671872e-02 1.325846819217223471e+00 1.016005218771228291e+00
5.591070776755290017e-02 1.423834690382339785e+00 1.016088075135109792e+00
5.695226779712821846e-02 1.527006731228907954e+00 1.016167546881415529e+00
5.801323103833375128e-02 1.635351182534150905e+00 1.016243513050084424e+00
5.909395895340967958e-02 1.748814957181182406e+00 1.016315855622089703e+00
6.019481973827271043e-02 1.867300258432389448e+00 1.016384460191247951e+00
6.131618844795772016e-02 1.990661667347270569e+00 1.016449216695427982e+00
6.245844712439614643e-02 2.118703848911295928e+00 1.016510020211326415e+00
6.362198492657485105e-02 2.251180033646904555e+00 1.016566771817249304e+00
6.480719826311967524e-02 2.387791434628169451e+00 1.016619379528612921e+00
6.601449092734885948e-02 2.528187758124993856e+00 1.016667759311174590e+00
6.724427423484245769e-02 2.671968958881234535e+00 1.016711836177327521e+00
6.849696716357443760e-02 2.818688377785662613e+00 1.016751545371119114e+00
6.977299649665534564e-02 2.967857380183117399e+00 1.016786833648018584e+00
7.107279696773415034e-02 3.118951587383816726e+00 1.016817660655828792e+00
7.239681140910873836e-02 3.271418762551898674e+00 1.016844000423552830e+00
7.374549090259549522e-02 3.424688376042817506e+00 1.016865842965442468e+00
7.511929493320965157e-02 3.578182835875308943e+00 1.016883196007919654e+00
7.651869154570821452e-02 3.731330328363887006e+00 1.016896086847549618e+00
7.794415750404946885e-02 3.883579174536288647e+00 1.016904564348757090e+00
7.939617845382279659e-02 4.034413572863364550e+00 1.016908701090537104e+00
8.087524908770453436e-02 4.183370571551233930e+00 1.016908595671999871e+00
8.238187331399605962e-02 4.330058098103967801e+00 1.016904375187219767e+00
8.391656442830157381e-02 4.474173874312734611e+00 1.016896197880539754e+00
8.547984528840409102e-02 4.615525065797060122e+00 1.016884255994199959e+00
8.707224849239916797e-02 4.754048561514264470e+00 1.016868778820940511e+00
8.869431656014709064e-02 4.889831855387030579e+00 1.016850035975059408e+00
9.034660211810524588e-02 5.023134615003461256e+00 1.016828340896303251e+00
9.202966808760409956e-02 5.154411177707953762e+00 1.016804054601930574e+00
9.374408787662991127e-02 5.284334420290505818e+00 1.016777589703329099e+00
9.549044557518077125e-02 5.413821715314627525e+00 1.016749414704685384e+00
9.726933615426168467e-02 5.544064029247007142e+00 1.016720058602421428e+00
9.908136566858666283e-02 5.676559655436131280e+00 1.016690115805420902e+00
1.009271514630570854e-01 5.813111653438647330e+00 1.016660236565193554e+00
1.028073223830864719e-01 5.954870180593633933e+00 1.016630795027295253e+00
1.047225189888434382e-01 6.102112484108436874e+00 1.016601845628907430e+00
1.066733937734857113e-01 6.255086780845495298e+00 1.016573429954789276e+00
1.086606113854596822e-01 6.414053703081521007e+00 1.016545591205395338e+00
1.106848488549412035e-01 6.579286946735956931e+00 1.016518374237330047e+00
1.127467958244946084e-01 6.751073952495890040e+00 1.016491825603745847e+00
1.148471547840289042e-01 6.929716621228862117e+00 1.016465993594584338e+00
1.169866413101306873e-01 7.115532065091813685e+00 1.016440928276555633e+00
1.191659843098558796e-01 7.308853395754708160e+00 1.016416681532732236e+00
1.213859262690627772e-01 7.510030551159998957e+00 1.016393307101630672e+00
1.236472235053715091e-01 7.719431162232847754e+00 1.016370860615638527e+00
1.259506464258357550e-01 7.937441460940140026e+00 1.016349399638631690e+00
1.282969797894147612e-01 8.164467231067446207e+00 1.016328983702615263e+00
1.306870229743346268e-01 8.400934803040499332e+00 1.016309674343207403e+00
1.331215902504307713e-01 8.647292094059146450e+00 1.016291535133766910e+00
1.356015110565633452e-01 8.904009694735163905e+00 1.016274631717951404e+00
1.381276302832009362e-01 9.171582003328476063e+00 1.016259031840476057e+00
1.407008085602685088e-01 9.450528408556435167e+00 1.016244805375822180e+00
1.433219225503573890e-01 9.741394521804652484e+00 1.016232024354625452e+00
1.459918652473978506e-01 1.004475345939396291e+01 1.016220762987450454e+00
1.487115462808953625e-01 1.036120717535010449e+01 1.016211097685641551e+00
1.514818922258345801e-01 1.069138784488053950e+01 1.016203107078905488e+00
1.543038469183564687e-01 1.103595929848006563e+01 1.016196872029262233e+00
1.571783717773162781e-01 1.139561850626007988e+01 1.016192475640973258e+00
1.601064461318317811e-01 1.177109711172218276e+01 1.016190003266017605e+00
1.630890675549332702e-01 1.216316301376861553e+01 1.016189542504666532e+00
1.661272522034293042e-01 1.257262199525778712e+01 1.016191183200661596e+00
1.692220351641037235e-01 1.300031939586413365e+01 1.016195017430474357e+00
1.723744708063619790e-01 1.344714182638706212e+01 1.016201139486077931e+00
1.755856331414468730e-01 1.391401892096410897e+01 1.016209645850628007e+00
1.788566161883461958e-01 1.440192512287684679e+01 1.016220635166397601e+00
1.821885343465165230e-01 1.491188149878740887e+01 1.016234208194271904e+00
1.855825227755517060e-01 1.544495757530391700e+01 1.016250467764048704e+00
1.890397377819219571e-01 1.600227319074057419e+01 1.016269518714745690e+00
1.925613572129196704e-01 1.658500035380782833e+01 1.016291467824052885e+00
1.961485808579429280e-01 1.719436509973573379e+01 1.016316423726006946e+00
1.998026308572548593e-01 1.783164933299788757e+01 1.016344496815903220e+00
2.035247521183575770e-01 1.849819264436001021e+01 1.016375799141386427e+00
2.073162127401229071e-01 1.919539408842947381e+01 1.016410444278590619e+00
2.111783044448242164e-01 1.992471390622674576e+01 1.016448547192118523e+00
2.151123430182164953e-01 2.068767517554419300e+01 1.016490224077564397e+00
2.191196687578147451e-01 2.148586537000538854e+01 1.016535592185200176e+00
2.232016469295232397e-01 2.232093780579923248e+01 1.016584769623340101e+00
2.273596682327715113e-01 2.319461295304910564e+01 1.016637875139807301e+00
2.315951492743152096e-01 2.410867958670579014e+01 1.016695027879809254e+00
2.359095330508633737e-01 2.506499574974473177e+01 1.016756347118418669e+00
2.403042894406967056e-01 2.606548949933084813e+01 1.016821951965728887e+00
2.447809157044440187e-01 2.711215940451879192e+01 1.016891961042628134e+00
2.493409369951877785e-01 2.820707476202847985e+01 1.016966492124988797e+00
2.539859068780723761e-01 2.935237549471588281e+01 1.017045661753930519e+00
2.587174078595921300e-01 3.055027169561331135e+01 1.017129584809647769e+00
2.635370519267393186e-01 3.180304277890063958e+01 1.017218374046131801e+00
2.684464810961962322e-01 3.311303619797237019e+01 1.017312139583936181e+00
2.734473679737579599e-01 3.448266568997286896e+01 1.017410988357942969e+00
2.785414163241766161e-01 3.591440900588398932e+01 1.017515023516892159e+00
2.837303616516211324e-01 3.741080508558207640e+01 1.017624343771213358e+00
2.890159717909508430e-01 3.897445063836417489e+01 1.017739042685478212e+00
2.944000475100033709e-01 4.060799609141640332e+01 1.017859207911547825e+00
2.998844231231027613e-01 4.231414087172388605e+01 1.017984920358235623e+00
3.054709671159968054e-01 4.409562799116533682e+01 1.018116253293026130e+00
3.111615827824359970e-01 4.595523791019299864e+01 1.018253271371112989e+00
3.169582088726115021e-01 4.789578166275965287e+01 1.018396029586704721e+00
3.228628202536730218e-01 4.992009323423664569e+01 1.018544572141224958e+00
3.288774285825510346e-01 5.203102119519308388e+01 1.018698931222692394e+00
3.350040829913132900e-01 5.423141960730371380e+01 1.018859125690197320e+00
3.412448707852889229e-01 5.652413823355563949e+01 1.019025159657015234e+00
3.476019181541977754e-01 5.891201210358341456e+01 1.019197020965478373e+00
3.540773908965269556e-01 6.139785050658888821e+01 1.019374679546311446e+00
3.606734951574028236e-01 6.398442550915202531e+01 1.019558085654671320e+00
3.673924781802074269e-01 6.667446012351120999e+01 1.019747167974659030e+00
3.742366290721980682e-01 6.947061628378676801e+01 1.019941831583568437e+00
3.812082795843887983e-01 7.237548282332987526e+01 1.020141955766599384e+00
3.883098049059605095e-01 7.539156368602239411e+01 1.020347391672213000e+00
3.955436244734701345e-01 7.852126664808336898e+01 1.020557959797714132e+00
4.029122027951347884e-01 8.176689287478731671e+01 1.020773447294036185e+00
4.104180502904709038e-01 8.513062768855944284e+01 1.020993605078057032e+00
4.180637241455757991e-01 8.861453298113490007e+01 1.021218144740104750e+00
4.258518291843414461e-01 9.222054176286867744e+01 1.021446735233607184e+00
4.337850187558989212e-01 9.595045540677487850e+01 1.021678999333111015e+00
4.418659956385941334e-01 9.980594421340873623e+01 1.021914509846137520e+00
4.500975129608046355e-01 1.037885519952563413e+02 1.022152785563553268e+00
4.584823751389096036e-01 1.078997054558283253e+02 1.022393286932323786e+00
4.670234388327330621e-01 1.121407292193271985e+02 1.022635411433682417e+00
4.757236139187884794e-01 1.165128674517856098e+02 1.022878488648886641e+00
4.845858644816490868e-01 1.210173131044696078e+02 1.023121774993863253e+00
4.936132098237911991e-01 1.256552459059690250e+02 1.023364448103146751e+00
5.028087254942474882e-01 1.304278678696842064e+02 1.023605604962062543e+00
5.121755443364236493e-01 1.353354715286956491e+02 1.023844570571800006e+00
5.217168575554343990e-01 1.403764541578096896e+02 1.024081159170373345e+00
5.314359158053235666e-01 1.455484963069979756e+02 1.024315236538232865e+00
5.413360302965375404e-01 1.508486800266867647e+02 1.024546672385470591e+00
5.514205739240296555e-01 1.562734707718479115e+02 1.024775341236542348e+00
5.616929824163804374e-01 1.618187051588166128e+02 1.025001123394374103e+00
5.721567555063246102e-01 1.674795856504934477e+02 1.025223905989492090e+00
5.828154581230839959e-01 1.732506833052758282e+02 1.025443584120177221e+00
5.936727216069119795e-01 1.791259497750122023e+02 1.025660062090026470e+00
6.047322449462643190e-01 1.850987397754315111e+02 1.025873254749714247e+00
6.159977960380161877e-01 1.911618452770616727e+02 1.026083088950175082e+00
6.274732129711574347e-01 1.973075426740122680e+02 1.026289505114891032e+00
6.391624053343999412e-01 2.035276541810467279e+02 1.026492458939461283e+00
6.510693555481454897e-01 2.098136246856520302e+02 1.026691923227143421e+00
6.631981202212668958e-01 2.161566152416094724e+02 1.026887889869621429e+00
6.755528315331639222e-01 2.225476143353411089e+02 1.027080371982838303e+00
6.881376986415662644e-01 2.289775679887451645e+02 1.027269406208370039e+00
7.009570091165617800e-01 2.354375296866973883e+02 1.027455055191486499e+00
7.140151304013395706e-01 2.419188310400632247e+02 1.027637410247767891e+00
7.273165113001454074e-01 2.484132740244517663e+02 1.027816594230913427e+00
7.408656834939559843e-01 2.549133455820181098e+02 1.027992764615208054e+00
7.546672630843886953e-01 2.614124553524105181e+02 1.028166116806991326e+00
7.687259521663728501e-01 2.679051973268258280e+02 1.028336887700428193e+00
7.830465404301183430e-01 2.743876363173639561e+02 1.028505359493893545e+00
7.976339067929273385e-01 2.808576203282124197e+02 1.028671863784389462e+00
8.124930210614047521e-01 2.873151202366632901e+02 1.028836785958585853e+00
8.276289456246344045e-01 2.937625986777619573e+02 1.029000569900362372e+00
8.430468371788967241e-01 3.002054107212190956e+02 1.029163723036098821e+00
8.587519484845170803e-01 3.066522398870595794e+02 1.029326821740463860e+00
8.747496301554414933e-01 3.131155743329359780e+02 1.029490517127065408e+00
8.910453324821513421e-01 3.196122297417100526e+02 1.029655541250089179e+00
9.076446072885356875e-01 3.261639276430636869e+02 1.029822713744967588e+00
9.245531098233570333e-01 3.327979407438435260e+02 1.029992948938207142e+00
9.417766006869519035e-01 3.395478204798628781e+02 1.030167263458785509e+00
9.593209477938241525e-01 3.464542266458021231e+02 1.030346784386028114e+00
9.771921283717996953e-01 3.535658848831766363e+02 1.030532757971604596e+00
9.953962309984233370e-01 3.609407053715218012e+02 1.030726558976303275e+00
1.013939457675291811e+00 3.686424819219305391e+02 1.030929601121747030e+00
1.032828125941028574e+00 3.767038731546086296e+02 1.031142545027928126e+00
1.052068671023622892e+00 3.851388295651278213e+02 1.031365626372040323e+00
1.071667648032863296e+00 3.939610990599970251e+02 1.031599072905069248e+00
1.091631734193614811e+00 4.031842624973480156e+02 1.031843107018939554e+00
1.111967731120699021e+00 4.128215807199619007e+02 1.032097944637246911e+00
1.132682567136153784e+00 4.228858124819058730e+02 1.032363794008238633e+00
1.153783299629660863e+00 4.333889991886206303e+02 1.032640854392902430e+00
1.175277117462945276e+00 4.443422119739669824e+02 1.032929314640542717e+00
1.197171343418965694e+00 4.557552562457803447e+02 1.033229351643709659e+00
1.219473436696737023e+00 4.676363284597475740e+02 1.033541128663808095e+00
1.242190995452616242e+00 4.799916195511792125e+02 1.033864793518131098e+00
1.265331759388941713e+00 4.928248591934969909e+02 1.034200476618456710e+00
1.288903612390891462e+00 5.061367948967474604e+02 1.034548288850695164e+00
1.312914585212463958e+00 5.199245999547971451e+02 1.034908319284391531e+00
1.337372858212495075e+00 5.341812044526355976e+02 1.035280632700157133e+00
1.362286764141645401e+00 5.488945440250375896e+02 1.035665266922345618e+00
1.387664790981307128e+00 5.640467218987732849e+02 1.036062229943469859e+00
1.413515584835394190e+00 5.796130810527639596e+02 1.036471496826009142e+00
1.439847952876006643e+00 5.955611852109811934e+02 1.036893006366354619e+00
1.466670866343967150e+00 6.118497099757063324e+02 1.037326657504698213e+00
1.493993463605256311e+00 6.284272488639860512e+02 1.037772305463673828e+00
1.521825053264385552e+00 6.452363564884758489e+02 1.038229764994458293e+00
1.550175117335768737e+00 6.622519085313648475e+02 1.038698858850572782e+00
1.579053314474174297e+00 6.794674113459798264e+02 1.039179389216073002e+00
1.608469483265355215e+00 6.968779827340450765e+02 1.039671107894025281e+00
1.638433645577983100e+00 7.144806763582440681e+02 1.040173711576985349e+00
1.668956009978023181e+00 7.322749670661424943e+02 1.040686836938234050e+00
1.700046975206716438e+00 7.502632938223398469e+02 1.041210055368017029e+00
1.731717133723352786e+00 7.684516654773836990e+02 1.041742867331955535e+00
1.763977275314043469e+00 7.868503354788022079e+02 1.042284696327569593e+00
1.796838390767719229e+00 8.054745527774171023e+02 1.042834882413578246e+00
1.830311675620611256e+00 8.243453976748910463e+02 1.043392675285353288e+00
1.864408533970485227e+00 8.434907132878485072e+02 1.043957226868581722e+00
1.899140582361933616e+00 8.629461457834331668e+02 1.044527583401867910e+00
1.934519653744044332e+00 8.827563097121367264e+02 1.045102676977671896e+00
1.970557801501798378e+00 9.029760988032319347e+02 1.045681316509659897e+00
2.007267303562568106e+00 9.236720708653880365e+02 1.046262180615465276e+00
2.044660666579115826e+00 9.449016211189276646e+02 1.046844380429587718e+00
2.082750630190514318e+00 9.666792589937724642e+02 1.047428273195386561e+00
2.121550171362450055e+00 9.890127979705622465e+02 1.048014464120897937e+00
2.161072508808376647e+00 1.011909608325948284e+03 1.048603645943133600e+00
2.201331107493030181e+00 1.035376573386673044e+03 1.049196606643686636e+00
2.242339683219845003e+00 1.059420045727913703e+03 1.049794237730577784e+00
2.284112207303823361e+00 1.084045803792939751e+03 1.050397543126127431e+00
2.326662911331458083e+00 1.109259009488044740e+03 1.051007648703709441e+00
2.370006292009327886e+00 1.135064167390608191e+03 1.051625812519624947e+00
2.414157116103017753e+00 1.161465086299362611e+03 1.052253435790047709e+00
2.459130425468043946e+00 1.188464843954434173e+03 1.052892074667085565e+00
2.504941542174502267e+00 1.216065755860918671e+03 1.053543452872524266e+00
2.551606073727183954e+00 1.244269349263502363e+03 1.054209475252821715e+00
2.599139918382932901e+00 1.273076343441212657e+03 1.054892242324468654e+00
2.647559270567066747e+00 1.302486637620568899e+03 1.055594065884996047e+00
2.696880626390692370e+00 1.332499307942422774e+03 1.056317485771766540e+00
2.747120789270811603e+00 1.363112615062296300e+03 1.057065287858351521e+00
2.798296875655115645e+00 1.394324024116342798e+03 1.057840523386836207e+00
2.850426320853434614e+00 1.426130238944669827e+03 1.058646529743983100e+00
2.903526884977813971e+00 1.458527252631196006e+03 1.059486952799918225e+00
2.957616658993253544e+00 1.491510416594169783e+03 1.060365770940076224e+00
3.012714070881164385e+00 1.525074527978149263e+03 1.061287312309860287e+00
3.068837891917642224e+00 1.559213523951418210e+03 1.062254955628051833e+00
3.126007243068700259e+00 1.593920045589188476e+03 1.063269512915947956e+00
3.184241601504649744e+00 1.629186203699817725e+03 1.064331384646906020e+00
3.243560807235807975e+00 1.665003839622197347e+03 1.065440867721227036e+00
3.303985069871854918e+00 1.701364722058697225e+03 1.066598143240889085e+00
3.365534975507090909e+00 1.738260779997977352e+03 1.067803263242690148e+00
3.428231493733967294e+00 1.775684375424169275e+03 1.069056136311581140e+00
3.492095984787267682e+00 1.813628619772279990e+03 1.070356511991057191e+00
3.557150206821382277e+00 1.852087738379826078e+03 1.071703963902440826e+00
3.623416323323146226e+00 1.891057487509771818e+03 1.073097871479734344e+00
3.690916910662774608e+00 1.930535628890466114e+03 1.074537400221524441e+00
3.759674965785463563e+00 1.970522467147878160e+03 1.076021480356208260e+00
3.829713914046277257e+00 2.011021456011095097e+03 1.077548783811664190e+00
3.901057617190989202e+00 2.052039879775522877e+03 1.079117699375504280e+00
3.973730381485604202e+00 2.093589617236238155e+03 1.080726305927292463e+00
4.047756965997318268e+00 2.135686171620084679e+03 1.082372586195141428e+00
4.123162591029748469e+00 2.178326826770878142e+03 1.084057350114251195e+00
4.199972946715301525e+00 2.221493727570965802e+03 1.085783656538026776e+00
4.278214201767612579e+00 2.265168180759154893e+03 1.087554884990501236e+00
4.357913012397025554e+00 2.309331189660958444e+03 1.089374717838621720e+00
4.439096531392166867e+00 2.353963732668934426e+03 1.091247164528284852e+00
4.521792417370697592e+00 2.399047086999960811e+03 1.093176587721392812e+00
4.606028844202397998e+00 2.444563201781159933e+03 1.095167731498858155e+00
4.691834510607794329e+00 2.490495124750319974e+03 1.097225751811823358e+00
4.779238649935595440e+00 2.536827487117293913e+03 1.099356249382918094e+00
4.868271040122278848e+00 2.583547051428362465e+03 1.101565305281434037e+00
4.958962013837211913e+00 2.630643327620706714e+03 1.103859519421246382e+00
5.051342468816761411e+00 2.678108071571123673e+03 1.106245984658069226e+00
5.145443878390924652e+00 2.725914446113380563e+03 1.108731129785668124e+00
5.241298302206056192e+00 2.774015692460562605e+03 1.111320743943045697e+00
5.338938397147350301e+00 2.822361618287079182e+03 1.114020967189392364e+00
5.438397428464796235e+00 2.870899292747004438e+03 1.116838352921555311e+00
5.539709281106400596e+00 2.919573178516066946e+03 1.119779898100438764e+00
5.642908471262536807e+00 2.968325301654402210e+03 1.122853075941924628e+00
5.748030158125351008e+00 3.017095462573340228e+03 1.126065871304479771e+00
5.855110155867238042e+00 3.065821491405326924e+03 1.129426819031067897e+00
5.964184945842459840e+00 3.114439551060228041e+03 1.132945045531616790e+00
6.075291689016070862e+00 3.162882094551054706e+03 1.136630373994087950e+00
6.188468238624382778e+00 3.211052093069972216e+03 1.140494018461164716e+00
6.303753153071275150e+00 3.258828201393409017e+03 1.144548482868596340e+00
6.421185709064758385e+00 3.306079789432591951e+03 1.148807241252713052e+00
6.540805914998252923e+00 3.352666981171440057e+03 1.153284811546156696e+00
6.662654524581149929e+00 3.398440486309153584e+03 1.157996843469857762e+00
6.786773050723295064e+00 3.443241487211536878e+03 1.162960214939997794e+00
6.913203779678127603e+00 3.486901590437341838e+03 1.168193137966741402e+00
7.041989785449288775e+00 3.529243179763062017e+03 1.173715254235665029e+00
7.173174944465612768e+00 3.570101097234818099e+03 1.179546393507315827e+00
7.306803950529499936e+00 3.609340547206768406e+03 1.185705636519007511e+00
7.442922330043757917e+00 3.646830503553634117e+03 1.192213210651823063e+00
7.581576457522110069e+00 3.682441850303844603e+03 1.199090784880149085e+00
7.722813571388642551e+00 3.716048450693904670e+03 1.206361591847729509e+00
7.866681790071582192e+00 3.747528286984429542e+03 1.214050562198990324e+00
8.013230128396878982e+00 3.776764635866507888e+03 1.222184477887463538e+00
8.162508514287219796e+00 3.803591865224826961e+03 1.230801990033871807e+00
8.314567805772055564e+00 3.827668578635604263e+03 1.239976646119242076e+00
8.469459808314576676e+00 3.848595966760151896e+03 1.249796720988591403e+00
8.627237292461440887e+00 3.865948510538134542e+03 1.260360971080929815e+00
8.787954011821311084e+00 3.879274996438228300e+03 1.271779952669818359e+00
8.951664721378293166e+00 3.888100207415945988e+03 1.284177559304175098e+00
9.118425196146562328e+00 3.891927407093645343e+03 1.297692823077263302e+00
9.288292250172489162e+00 3.890241740992910309e+03 1.312482034405243470e+00
9.461323755890759912e+00 3.882514681867705804e+03 1.328721247545054940e+00
9.637578663841079418e+00 3.868209645078597532e+03 1.346609254815974266e+00
9.817117022752183786e+00 3.846788893073002782e+03 1.366371132313485504e+00
1.000000000000000000e+01 3.817721833764216171e+03 1.388262485005169022e+00
