# Reference: https://doi.org/10.1016/j.nuclphysa.2013.09.007
1.000000000000000021e-03 1.178000000000005884e-47 1.100000000000000021e+00
1.018628990244687619e-03 2.300502591965178415e-47 1.100000000000000021e+00
1.037605019766911670e-03 4.510911446200798572e-47 1.100000000000000021e+00
1.056934553557988335e-03 8.879677374279486711e-47 1.100000000000000021e+00
1.076624177045493267e-03 1.754466269904221209e-46 1.100000000000000021e+00
1.096680598336868600e-03 3.478787283125192503e-46 1.100000000000000021e+00
1.117110650504824203e-03 6.920893800814365471e-46 1.100000000000000021e+00
1.137921293915315117e-03 1.381213307862933037e-45 1.100000000000000021e+00
1.159119618598885779e-03 2.764602535932463322e-45 1.100000000000000021e+00
1.180712846666190276e-03 5.548600509379204433e-45 1.100000000000000021e+00
1.202708334768511989e-03 1.116386937831258689e-44 1.100000000000000021e+00
1.225113576604118949e-03 2.251254501440859145e-44 1.100000000000000021e+00
1.247936205471311460e-03 4.548909915238233396e-44 1.100000000000000021e+00
1.271183996869028896e-03 9.207752608783317607e-44 1.100000000000000021e+00
1.294864871145904933e-03 1.866596950674526604e-43 1.100000000000000021e+00
1.318986896198670470e-03 3.788624178781976027e-43 1.100000000000000021e+00
1.343558290220826226e-03 7.697089108156502374e-43 1.100000000000000021e+00
1.368587424502519176e-03 1.564811518459546440e-42 1.100000000000000021e+00
1.394082826282578647e-03 3.182447715879385964e-42 1.100000000000000021e+00
1.420053181653683095e-03 6.472830414309354346e-42 1.100000000000000021e+00
1.446507338521647217e-03 1.316217955664263746e-41 1.100000000000000021e+00
1.473454309619835756e-03 2.675013952886025347e-41 1.100000000000000021e+00
1.500903275579736594e-03 5.431881359713712903e-41 1.100000000000000021e+00
1.528863588058731147e-03 1.101689796919755239e-40 1.100000000000000021e+00
1.557344772926135207e-03 2.231052653620494869e-40 1.100000000000000021e+00
1.586356533508589657e-03 4.509791047513307724e-40 1.100000000000000021e+00
1.615908753895919101e-03 9.096035914231418479e-40 1.100000000000000021e+00
1.646011502308549748e-03 1.829990459026781018e-39 1.100000000000000021e+00
1.676675034527699143e-03 3.671109087591464405e-39 1.100000000000000021e+00
1.707909797389426916e-03 7.340878219662839175e-39 1.100000000000000021e+00
1.739726432343800767e-03 1.462687435607740070e-38 1.100000000000000021e+00
1.772135779080358372e-03 2.903079553325442343e-38 1.100000000000000021e+00
1.805148879221108154e-03 5.737497940960207987e-38 1.100000000000000021e+00
1.838776980082326793e-03 1.128746712652020898e-37 1.100000000000000021e+00
1.873031538506436536e-03 2.209721383639994146e-37 1.100000000000000021e+00
1.907924224765265072e-03 4.303340051291952338e-37 1.100000000000000021e+00
1.943466926536020246e-03 8.334224805714427070e-37 1.100000000000000021e+00
1.979671752951332481e-03 1.604669398044031209e-36 1.100000000000000021e+00
2.016551038724746607e-03 3.070734912705317167e-36 1.100000000000000021e+00
2.054117348353064112e-03 5.838729288507356529e-36 1.100000000000000021e+00
2.092383480396977150e-03 1.102820816345691461e-35 1.100000000000000021e+00
2.131362471841437810e-03 2.068727629681563472e-35 1.100000000000000021e+00
2.171067602537264923e-03 3.853237514029732271e-35 1.100000000000000021e+00
2.211512399725488933e-03 7.125206721890091007e-35 1.100000000000000021e+00
2.252710642645980484e-03 1.307849969370923080e-34 1.100000000000000021e+00
2.294676367231936100e-03 2.382664663616007506e-34 1.100000000000000021e+00
2.337423870891814758e-03 4.308106258339851293e-34 1.100000000000000021e+00
2.380967717380358135e-03 7.730767180160172876e-34 1.100000000000000021e+00
2.425322741760352948e-03 1.376855135256234316e-33 1.100000000000000021e+00
2.470504055456825433e-03 2.434025452571589815e-33 1.100000000000000021e+00
2.516527051405391836e-03 4.271717799880023750e-33 1.100000000000000021e+00
2.563407409296514835e-03 7.444240114059754024e-33 1.100000000000000021e+00
2.611161100917459583e-03 1.288581435928414661e-32 1.100000000000000021e+00
2.659804395593758260e-03 2.216394757303135684e-32 1.100000000000000021e+00
2.709353865732051433e-03 3.789975985076323720e-32 1.100000000000000021e+00
2.759826392466180594e-03 6.446653394278708413e-32 1.100000000000000021e+00
2.811239171408464344e-03 1.091549016450307955e-31 1.100000000000000021e+00
2.863609718508115885e-03 1.841273217240652300e-31 1.100000000000000021e+00
2.916955876018795853e-03 3.097215704823126520e-31 1.100000000000000021e+00
2.971295818577334054e-03 5.200884210233986948e-31 1.100000000000000021e+00
3.026648059395692196e-03 8.728988905798597732e-31 1.100000000000000021e+00
3.083031456568277075e-03 1.465159096671064512e-30 1.100000000000000021e+00
3.140465219496752208e-03 2.458976311015794851e-30 1.100000000000000021e+00
3.198968915434537586e-03 4.125417207356121588e-30 1.100000000000000021e+00
3.258562476153226226e-03 6.917002819450835386e-30 1.100000000000000021e+00
3.319266204733189573e-03 1.158762870420035755e-29 1.100000000000000021e+00
3.381100782480685445e-03 1.939033297990854333e-29 1.100000000000000021e+00
3.444087275973823411e-03 3.240225683434099441e-29 1.100000000000000021e+00
3.508247144239792347e-03 5.405646140351306796e-29 1.100000000000000021e+00
3.573602246065788347e-03 9.000847771112638084e-29 1.100000000000000021e+00
3.640174847446141400e-03 1.495415921715240688e-28 1.100000000000000021e+00
3.707987629168172684e-03 2.478341596665215824e-28 1.100000000000000021e+00
3.777063694539364597e-03 4.095976489135960939e-28 1.100000000000000021e+00
3.847426577258505898e-03 6.748798198608471070e-28 1.100000000000000021e+00
3.919100249433401899e-03 1.108263590818796713e-27 1.100000000000000021e+00
3.992109129748053209e-03 1.813351492154688388e-27 1.100000000000000021e+00
4.066478091781853925e-03 2.955487707682452748e-27 1.100000000000000021e+00
4.142232472483897525e-03 4.797727197404130752e-27 1.100000000000000021e+00
4.219398080805024202e-03 7.756826471761313040e-27 1.100000000000000021e+00
4.298001206490798497e-03 1.249024564541554772e-26 1.100000000000000021e+00
4.378068629038166758e-03 2.003121685187489853e-26 1.100000000000000021e+00
4.459627626819095622e-03 3.199783942049409276e-26 1.100000000000000021e+00
4.542705986374042521e-03 5.091627967375455360e-26 1.100000000000000021e+00
4.627332011878692967e-03 8.072000040158483406e-26 1.100000000000000021e+00
4.713534534786906725e-03 1.275210946152557407e-25 1.100000000000000021e+00
4.801342923653449841e-03 2.008035916931355879e-25 1.100000000000000021e+00
4.890787094139589959e-03 3.152741009614259335e-25 1.100000000000000021e+00
4.981897519205159656e-03 4.937424117390963245e-25 1.100000000000000021e+00
5.074705239490466188e-03 7.249094645686238456e-25 1.108664317894589857e+00
5.169241873891598608e-03 1.129872592445615249e-24 1.108382333135617070e+00
5.265539630332755246e-03 1.757521657240505758e-24 1.108172621129991153e+00
5.363631316739239652e-03 2.727928305410318847e-24 1.108031847754501698e+00
5.463550352214875498e-03 4.224405783574282332e-24 1.107956028254902581e+00
5.565330778427646403e-03 6.525931672376484572e-24 1.107940465686696907e+00
5.669007271207434327e-03 1.005570671197546103e-23 1.107979684653443764e+00
5.774615152359819509e-03 1.545363819110520170e-23 1.108067360102815035e+00
5.882190401699956099e-03 2.368419234227584187e-23 1.108196240953446265e+00
5.991769669310619169e-03 3.619640085603939351e-23 1.108358068345432601e+00
6.103390288028621123e-03 5.516060912763850180e-23 1.108543488335619553e+00
6.217090286163826779e-03 8.381796522745772813e-23 1.108741958897372593e+00
6.332908400455114321e-03 1.269953735616282502e-22 1.108941651135286977e+00
6.450884089267692675e-03 1.918632293938537042e-22 1.109129344690596319e+00
6.571057546036270826e-03 2.890495688199162405e-22 1.109290317395496439e+00
6.693469712958660493e-03 4.342782004036400446e-22 1.109408229337138785e+00
6.818162294944479437e-03 6.507790002104668906e-22 1.109465001618000102e+00
6.945177773823696388e-03 9.728399732044646060e-22 1.109440690252347705e+00
7.074559422819878297e-03 1.451037894270812303e-21 1.109314781776970626e+00
7.206351321293052656e-03 2.159561142140578886e-21 1.109089151918956295e+00
7.340598369757212090e-03 3.206711632530724452e-21 1.108786938538219857e+00
7.477346305177588227e-03 4.750330555695393810e-21 1.108434901309049092e+00
7.616641716552892058e-03 7.019813764821667596e-21 1.108063085863148611e+00
7.758532060787835978e-03 1.034762737594330386e-20 1.107705076869099692e+00
7.903065678861348128e-03 1.521434255014321530e-20 1.107398277306604450e+00
8.050291812295981564e-03 2.231288331907326983e-20 1.107183873365516380e+00
8.200260619934130954e-03 3.263973957949679680e-20 1.107087089021810300e+00
8.353023195026778799e-03 4.762423430547108102e-20 1.107103684378670572e+00
8.508631582640582489e-03 6.931257664492980709e-20 1.107225746268981181e+00
8.667138797389234081e-03 1.006290803667304085e-19 1.107444047050540226e+00
8.828598841495149604e-03 1.457473659861695126e-19 1.107747918946838217e+00
8.993066723187623582e-03 2.106187489061586315e-19 1.108125119037294493e+00
9.160598475443709407e-03 3.037138381287296764e-19 1.108557390176391877e+00
9.331251175078249249e-03 4.370075142150170389e-19 1.109004079178351754e+00
9.505082962189511861e-03 6.273931961259628705e-19 1.109413826189945329e+00
9.682153059967075343e-03 8.986564274167345218e-19 1.109729343534423762e+00
9.862521794868784469e-03 1.284205072613190262e-18 1.109886979144875996e+00
1.004625061717340749e-02 1.830855355873061288e-18 1.109816713697170831e+00
1.023340212191641702e-02 2.604064042995046452e-18 1.109494221346364329e+00
1.042404007021556327e-02 3.695145188014857964e-18 1.108998970009627882e+00
1.061822941099384125e-02 5.231278776032750394e-18 1.108432792422624269e+00
1.081603630310709954e-02 7.389358102367156899e-18 1.107909503723551348e+00
1.101752813788386791e-02 1.041518401757546194e-17 1.107555809470893937e+00
1.122277356208507652e-02 1.464961162676135243e-17 1.107461832295977722e+00
1.143184250129149725e-02 2.056298132889243011e-17 1.107566289840165474e+00
1.164480618372686072e-02 2.880372023013943603e-17 1.107768128326775736e+00
1.186173716452478509e-02 4.026474567043781717e-17 1.107954050652901534e+00
1.208270935044776506e-02 5.617413277083911326e-17 1.107999400585044647e+00
1.230779802506665188e-02 7.821250237995977402e-17 1.107856140590975702e+00
1.253707987440920262e-02 1.086649187802094668e-16 1.107601708058783663e+00
1.277063301308643990e-02 1.506327805308336851e-16 1.107332983206320121e+00
1.300853701090571267e-02 2.083114424800005403e-16 1.107158144338546313e+00
1.325087291997953214e-02 2.873715856225730043e-16 1.107165620726593191e+00
1.349772330233941706e-02 3.955294882451614953e-16 1.107335286001537744e+00
1.374917225806419029e-02 5.432791149877668245e-16 1.107616759286541797e+00
1.400530545393219653e-02 7.449074530603339894e-16 1.107953310185218143e+00
1.426621015260736910e-02 1.019805754625704309e-15 1.108282302828957011e+00
1.453197524236895383e-02 1.393800805215821242e-15 1.108537629494843246e+00
1.480269126739508674e-02 1.901250175010145391e-15 1.108646635918793200e+00
1.507845045861051086e-02 2.587715439174340512e-15 1.108529567904020796e+00
1.535934676510897039e-02 3.513768362095939330e-15 1.108171896745084206e+00
1.564547588616095955e-02 4.760636295585141385e-15 1.107692721619730092e+00
1.593693530381774456e-02 6.436883174756871496e-15 1.107239586302599887e+00
1.623382431612278159e-02 8.687510136918694127e-15 1.106959079392988210e+00
1.653624407094180307e-02 1.170416878067425879e-14 1.106872168483867602e+00
1.684429760042315330e-02 1.573959645140057783e-14 1.106933568974886262e+00
1.715808985610004986e-02 2.112722876150335844e-14 1.107091781371642547e+00
1.747772774464680795e-02 2.830625881723353698e-14 1.107288899291225093e+00
1.780332016430113962e-02 3.785438483834405822e-14 1.107460052090516900e+00
1.813497804196495186e-02 5.053062767395449905e-14 1.107534048072511546e+00
1.847281437099634188e-02 6.732937484189415686e-14 1.107478616758236889e+00
1.881694424970555696e-02 8.954948459373087089e-14 1.107320074898070938e+00
1.916748492056815148e-02 1.188868949882777755e-13 1.107092407749016516e+00
1.952455581016860828e-02 1.575540298890411365e-13 1.106833831044264027e+00
1.988827856988809734e-02 2.084353312300754428e-13 1.106587113358206365e+00
2.025877711735016989e-02 2.752880028602502424e-13 1.106396720485854024e+00
2.063617767863858837e-02 3.629702703880032246e-13 1.106277536102954651e+00
2.102060883130158278e-02 4.777444900577951345e-13 1.106224766032802842e+00
2.141220154815729262e-02 6.276802576813623931e-13 1.106232515380292325e+00
2.181108924191518805e-02 8.231554748549256385e-13 1.106293969727197846e+00
2.221740781062883641e-02 1.077492333643684815e-12 1.106401311974944512e+00
2.263129568399528321e-02 1.407765252228337786e-12 1.106545633315661803e+00
2.305289387051707301e-02 1.835828561843219646e-12 1.106716838148235071e+00
2.348234600554275145e-02 2.389626422261567028e-12 1.106903542803023388e+00
2.391979840020238418e-02 3.104867343334486901e-12 1.107092968000428002e+00
2.436540009125464853e-02 4.027172924721993166e-12 1.107270825047257823e+00
2.481930289186254010e-02 5.214848030403083388e-12 1.107421195873938835e+00
2.528166144331499277e-02 6.742420621261893081e-12 1.107527301687927013e+00
2.575263326771199887e-02 8.704318738128424915e-12 1.107583967118823010e+00
2.623237882163122203e-02 1.121967824567833785e-11 1.107596019522918862e+00
2.672106155079433804e-02 1.443904905269193431e-11 1.107569300480507390e+00
2.721884794575178332e-02 1.855242603053402295e-11 1.107510493077306313e+00
2.772590759860482645e-02 2.379930143785148936e-11 1.107427189892387087e+00
2.824241326078434297e-02 3.048129046281398525e-11 1.107327965953184723e+00
2.876854090190592711e-02 3.897803417007548125e-11 1.107222457159880102e+00
2.930446976972142861e-02 4.976730472584218023e-11 1.107121444759717521e+00
2.985038245118730796e-02 6.345053847919981517e-11 1.107036946543898503e+00
3.040646493467067182e-02 8.078443004013184612e-11 1.106981270225855019e+00
3.097290667331408301e-02 1.027103028973778669e-10 1.106958012486876086e+00
3.154990064958086704e-02 1.303958656723146120e-10 1.106965439853910382e+00
3.213764344100276948e-02 1.652910617293933276e-10 1.107001438546402650e+00
3.273633528715245988e-02 2.091926519970760809e-10 1.107063536860060760e+00
3.334618015786364187e-02 2.643228745491721004e-10 1.107148873236737385e+00
3.396738582272208068e-02 3.334253377228232437e-10 1.107254162035774536e+00
3.460016392185108480e-02 4.198820459574869557e-10 1.107375656884128201e+00
3.524473003801584237e-02 5.278564837999320867e-10 1.107509111483522268e+00
3.590130377007068330e-02 6.624690440473305817e-10 1.107649737755632469e+00
3.657010880777489259e-02 8.300129053622396851e-10 1.107792161211273330e+00
3.725137300800209633e-02 1.038220916051372202e-09 1.107930373437206129e+00
3.794532847236938011e-02 1.296597365582128353e-09 1.108057681605075340e+00
3.865221162631261864e-02 1.616833062268198384e-09 1.108166654921694194e+00
3.937226329963479377e-02 2.013328361494798756e-09 1.108249067959186318e+00
4.010572880855495931e-02 2.503857097397107852e-09 1.108295846611192736e+00
4.085285803928561527e-02 3.110233496631349349e-09 1.108300011538469576e+00
4.161390553316707264e-02 3.858777206923861678e-09 1.108262061248445507e+00
4.238913057338778573e-02 4.781420387189419050e-09 1.108184075580100236e+00
4.317879727332021161e-02 5.916912753671167807e-09 1.108068537615625848e+00
4.398317466650223523e-02 7.312208813370728524e-09 1.107918368086288519e+00
4.480253679829489938e-02 9.024133270493494536e-09 1.107736962137481740e+00
4.563716281924758839e-02 1.112138500450687811e-08 1.107528228632042477e+00
4.648733708020256344e-02 1.368695605767080692e-08 1.107296632191918428e+00
4.735334922917116413e-02 1.682106333571219040e-08 1.107047238202654604e+00
4.823549431001467047e-02 2.064471909104960669e-08 1.106785761033491911e+00
4.913407286296361809e-02 2.530410429195020713e-08 1.106518615758777413e+00
5.004939102700953213e-02 3.097596010975004514e-08 1.106252973539338269e+00
5.098176064420424647e-02 3.787322272793727170e-08 1.105995524127480145e+00
5.193149936590212012e-02 4.624883970012648214e-08 1.105749146369156222e+00
5.289893076098151070e-02 5.640436899180534851e-08 1.105516006339223978e+00
5.388438442608223938e-02 6.869953164559704350e-08 1.105298461411078126e+00
5.488819609789671872e-02 8.356295045530009706e-08 1.105099074128488290e+00
5.591070776755290017e-02 1.015049120131531840e-07 1.104920627052054849e+00
5.695226779712821846e-02 1.231325987247845126e-07 1.104766138656168462e+00
5.801323103833375128e-02 1.491683639760175587e-07 1.104638880359615660e+00
5.909395895340967958e-02 1.804717923808371729e-07 1.104542394781113934e+00
6.019481973827271043e-02 2.180664941203242402e-07 1.104480506496003045e+00
6.131618844795772016e-02 2.631661342798652430e-07 1.104454666236469818e+00
6.245844712439614643e-02 3.171950851204357698e-07 1.104459758149856308e+00
6.362198492657485105e-02 3.818323936157359073e-07 1.104488955831848918e+00
6.480719826311967524e-02 4.590586799427127384e-07 1.104534539720392949e+00
6.601449092734885948e-02 5.512102513905207629e-07 1.104587822251720475e+00
6.724427423484245769e-02 6.610440933020479981e-07 1.104639068323833628e+00
6.849696716357443760e-02 7.918164956591368959e-07 1.104677411003198717e+00
6.977299649665534564e-02 9.473789279557012682e-07 1.104690762462681386e+00
7.107279696773415034e-02 1.132282390192966400e-06 1.104668534300193183e+00
7.239681140910873836e-02 1.351811106464808451e-06 1.104618849408222969e+00
7.374549090259549522e-02 1.612110788002760005e-06 1.104559418727536713e+00
7.511929493320965157e-02 1.920358032105812289e-06 1.104510090093930419e+00
7.651869154570821452e-02 2.284929065315611897e-06 1.104492990079410042e+00
7.794415750404946885e-02 2.715598446370072895e-06 1.104532708377597761e+00
7.939617845382279659e-02 3.223774709589170287e-06 1.104656500553007126e+00
8.087524908770453436e-02 3.822772827329820928e-06 1.104892125066234687e+00
8.238187331399605962e-02 4.527983105603674146e-06 1.105231903149504369e+00
8.391656442830157381e-02 5.357136396163112521e-06 1.105635697665054318e+00
8.547984528840409102e-02 6.330741080710150890e-06 1.106057501509081886e+00
8.707224849239916797e-02 7.472513276055387815e-06 1.106445789346669928e+00
8.869431656014709064e-02 8.809879398854851212e-06 1.106743077381361573e+00
9.034660211810524588e-02 1.037457049959366631e-05 1.106885638303741315e+00
9.202966808760409956e-02 1.220314782496960957e-05 1.106833603886649531e+00
9.374408787662991127e-02 1.433740176086208363e-05 1.106612053386287320e+00
9.549044557518077125e-02 1.682532132033368855e-05 1.106259038929796823e+00
9.726933615426168467e-02 1.972207430543711378e-05 1.105817573413189203e+00
9.908136566858666283e-02 2.309112539126626499e-05 1.105335986314547547e+00
1.009271514630570854e-01 2.700559284557567708e-05 1.104867052768755853e+00
1.028073223830864719e-01 3.155041203992444549e-05 1.104439622086035078e+00
1.047225189888434382e-01 3.682486243615105064e-05 1.104054928098680888e+00
1.066733937734857113e-01 4.294510733762401479e-05 1.103712798042799870e+00
1.086606113854596822e-01 5.004775035437135339e-05 1.103412866682716098e+00
1.106848488549412035e-01 5.829419189276977573e-05 1.103154586535527670e+00
1.127467958244946084e-01 6.786332702183838481e-05 1.102939003808611984e+00
1.148471547840289042e-01 7.893756882509049815e-05 1.102770000362635283e+00
1.169866413101306873e-01 9.171023867242911155e-05 1.102651979014541261e+00
1.191659843098558796e-01 1.063826529435590016e-04 1.102589657855102434e+00
1.213859262690627772e-01 1.231619712812570240e-04 1.102586546979140936e+00
1.236472235053715091e-01 1.423190275841059696e-04 1.102624536439092529e+00
1.259506464258357550e-01 1.642182109446953513e-04 1.102666957920958257e+00
1.282969797894147612e-01 1.893102596121245379e-04 1.102672452196161279e+00
1.306870229743346268e-01 2.181586486294734631e-04 1.102595480572812869e+00
1.331215902504307713e-01 2.513925062416385290e-04 1.102431693457468720e+00
1.356015110565633452e-01 2.896020368482625290e-04 1.102260238526314495e+00
1.381276302832009362e-01 3.334033510781563665e-04 1.102178266171352838e+00
1.407008085602685088e-01 3.834366607297406341e-04 1.102292863359785491e+00
1.433219225503573890e-01 4.404116838397754779e-04 1.102613603677927490e+00
1.459918652473978506e-01 5.052026328531425631e-04 1.102943898123041055e+00
1.487115462808953625e-01 5.788047930179225252e-04 1.103041119985188390e+00
1.514818922258345801e-01 6.623442727866995193e-04 1.102649232435307214e+00
1.543038469183564687e-01 7.571220024308439843e-04 1.101771102796717638e+00
1.571783717773162781e-01 8.646590774462723124e-04 1.100682250093021342e+00
1.601064461318317811e-01 9.867328502860099344e-04 1.099700587802970420e+00
1.630890675549332702e-01 1.125374168491910260e-03 1.099097839650591046e+00
1.661272522034293042e-01 1.282699373313373912e-03 1.098873783756268541e+00
1.692220351641037235e-01 1.461007420476663314e-03 1.098957475434829689e+00
1.723744708063619790e-01 1.662832084475087454e-03 1.099268745384836210e+00
1.755856331414468730e-01 1.890956560550306753e-03 1.099717219201637564e+00
1.788566161883461958e-01 2.148427244565296029e-03 1.100201317050625738e+00
1.821885343465165230e-01 2.438575909446614488e-03 1.100613547066132236e+00
1.855825227755517060e-01 2.765163093486979612e-03 1.100912505707122957e+00
1.890397377819219571e-01 3.132448624350892517e-03 1.101106174521781611e+00
1.925613572129196704e-01 3.545202522356367264e-03 1.101204947891756269e+00
1.961485808579429280e-01 4.008784601800038233e-03 1.101220856142336890e+00
1.998026308572548593e-01 4.529244343859507686e-03 1.101167693364293321e+00
2.035247521183575770e-01 5.113354627124031167e-03 1.101059287616802829e+00
2.073162127401229071e-01 5.768306655070902858e-03 1.100902290075329804e+00
2.111783044448242164e-01 6.501893282759952514e-03 1.100701600882235898e+00
2.151123430182164953e-01 7.322664451286030676e-03 1.100462859192566700e+00
2.191196687578147451e-01 8.239998686023538438e-03 1.100192503208758055e+00
2.232016469295232397e-01 9.264185307280400211e-03 1.099897834119965667e+00
2.273596682327715113e-01 1.040652028525453250e-02 1.099587084677025706e+00
2.315951492743152096e-01 1.167941947402227620e-02 1.099269492867151810e+00
2.359095330508633737e-01 1.309655397405814180e-02 1.098955381224036021e+00
2.403042894406967056e-01 1.467301363224804769e-02 1.098656242393089011e+00
2.447809157044440187e-01 1.642550625308177720e-02 1.098384831670324413e+00
2.493409369951877785e-01 1.837260204413933284e-02 1.098155267349401054e+00
2.539859068780723761e-01 2.053486769738336118e-02 1.097980681400290592e+00
2.587174078595921300e-01 2.293412030143147234e-02 1.097859915039443468e+00
2.635370519267393186e-01 2.559382330368221298e-02 1.097785350405423799e+00
2.684464810961962322e-01 2.853958399998436993e-02 1.097748288901091440e+00
2.734473679737579599e-01 3.179939209848710313e-02 1.097738869229356151e+00
2.785414163241766161e-01 3.540390575282907626e-02 1.097745968241632397e+00
2.837303616516211324e-01 3.938679858860764244e-02 1.097757095636855418e+00
2.890159717909508430e-01 4.378518376662151462e-02 1.097758282509636363e+00
2.944000475100033709e-01 4.864013508061248992e-02 1.097733963842145721e+00
2.998844231231027613e-01 5.399733000297190361e-02 1.097666855153488719e+00
3.054709671159968054e-01 5.990685571611015919e-02 1.097541970310304427e+00
3.111615827824359970e-01 6.641982576022203988e-02 1.097360959500505162e+00
3.169582088726115021e-01 7.359008736681986462e-02 1.097130853445279053e+00
3.228628202536730218e-01 8.147525447506014096e-02 1.096859690602112636e+00
3.288774285825510346e-01 9.013689412881155383e-02 1.096556597111600917e+00
3.350040829913132900e-01 9.964073587580453417e-02 1.096231872631138859e+00
3.412448707852889229e-01 1.100569143354407919e-01 1.095897082654800014e+00
3.476019181541977754e-01 1.214602581406241388e-01 1.095565158065265221e+00
3.540773908965269556e-01 1.339307918269174169e-01 1.095249907716301152e+00
3.606734951574028236e-01 1.475563825645000715e-01 1.094958438964094283e+00
3.673924781802074269e-01 1.624340832644665944e-01 1.094692528893010941e+00
3.742366290721980682e-01 1.786703957550619115e-01 1.094453917648721797e+00
3.812082795843887983e-01 1.963829262894665473e-01 1.094244433786497384e+00
3.883098049059605095e-01 2.157024917072344061e-01 1.094065998760590741e+00
3.955436244734701345e-01 2.367757507360982450e-01 1.093920631669925037e+00
4.029122027951347884e-01 2.597681095680360874e-01 1.093810338693079753e+00
4.104180502904709038e-01 2.848507575559509619e-01 1.093732405006624830e+00
4.180637241455757991e-01 3.121884723525328864e-01 1.093677120229204602e+00
4.258518291843414461e-01 3.419538682825509768e-01 1.093633086539785859e+00
4.337850187558989212e-01 3.743287592570552214e-01 1.093587527765538470e+00
4.418659956385941334e-01 4.095042886568351914e-01 1.093526178269836446e+00
4.500975129608046355e-01 4.476810750689782514e-01 1.093433165988666245e+00
4.584823751389096036e-01 4.890721669221138601e-01 1.093296397987756352e+00
4.670234388327330621e-01 5.339138899857287512e-01 1.093124408409075210e+00
4.757236139187884794e-01 5.824636874348912974e-01 1.092932284835503420e+00
4.845858644816490868e-01 6.350011132574556738e-01 1.092736943397930371e+00
4.936132098237911991e-01 6.918316303391358613e-01 1.092557273187605205e+00
5.028087254942474882e-01 7.532910815769530144e-01 1.092414142387802878e+00
5.121755443364236493e-01 8.197296812624300655e-01 1.092319013860606480e+00
5.217168575554343990e-01 8.914895072898991746e-01 1.092264319985899679e+00
5.314359158053235666e-01 9.689279546312633551e-01 1.092239466733504250e+00
5.413360302965375404e-01 1.052422003005970330e+00 1.092232504408731320e+00
5.514205739240296555e-01 1.142370076691332059e+00 1.092230014317654874e+00
5.616929824163804374e-01 1.239194438899675177e+00 1.092216988906439923e+00
5.721567555063246102e-01 1.343344260809685053e+00 1.092176705523550506e+00
5.828154581230839959e-01 1.455299532911809912e+00 1.092090594094425882e+00
5.936727216069119795e-01 1.575576018793434008e+00 1.091938099170356669e+00
6.047322449462643190e-01 1.704730596508297058e+00 1.091697127092125852e+00
6.159977960380161877e-01 1.843336199632053196e+00 1.091363738764000502e+00
6.274732129711574347e-01 1.991964925445485646e+00 1.090959325896530885e+00
6.391624053343999412e-01 2.151218084433028199e+00 1.090509600805669388e+00
6.510693555481454897e-01 2.321732581149512864e+00 1.090043405602514115e+00
6.631981202212668958e-01 2.504186577810485037e+00 1.089592953027867628e+00
6.755528315331639222e-01 2.699306701073368675e+00 1.089194092095165489e+00
6.881376986415662644e-01 2.907877130824318535e+00 1.088886603286068899e+00
7.009570091165617800e-01 3.130750961475543104e+00 1.088714524079584134e+00
7.140151304013395706e-01 3.368828611254407690e+00 1.088710950619237838e+00
7.273165113001454074e-01 3.622969168621090752e+00 1.088860892946695857e+00
7.408656834939559843e-01 3.894053342648958083e+00 1.089136493010848028e+00
7.546672630843886953e-01 4.183008013145756543e+00 1.089506154697652773e+00
7.687259521663728501e-01 4.490813787291420667e+00 1.089934197132953031e+00
7.830465404301183430e-01 4.818514671129848992e+00 1.090380491164211874e+00
7.976339067929273385e-01 5.167230307074348161e+00 1.090800082012925554e+00
8.124930210614047521e-01 5.538156911623391743e+00 1.091147821314129907e+00
8.276289456246344045e-01 5.932491506287243865e+00 1.091407181426160777e+00
8.430468371788967241e-01 6.351470035721504814e+00 1.091573941823716254e+00
8.587519484845170803e-01 6.796411649788408837e+00 1.091643829150090950e+00
8.747496301554414933e-01 7.268735672190809183e+00 1.091612487160207978e+00
8.910453324821513421e-01 7.769982600374083503e+00 1.091475481352638166e+00
9.076446072885356875e-01 8.301832504707483906e+00 1.091228983660730290e+00
9.245531098233570333e-01 8.865908147434092612e+00 1.090888884876060505e+00
9.417766006869519035e-01 9.463669740681631026e+00 1.090495882081195855e+00
9.593209477938241525e-01 1.009659799267839553e+01 1.090096795056409107e+00
9.771921283717996953e-01 1.076620924030223847e+01 1.089743861325424001e+00
9.953962309984233370e-01 1.147406131564907206e+01 1.089495172962222203e+00
1.013939457675291811e+00 1.222175599221187348e+01 1.089409713126887169e+00
1.032828125941028574e+00 1.301089734022027677e+01 1.089503893341679852e+00
1.052068671023622892e+00 1.384310999538890918e+01 1.089769551938529757e+00
1.071667648032863296e+00 1.472007351005038700e+01 1.090196748761278256e+00
1.091631734193614811e+00 1.564353903812758340e+01 1.090773797060973882e+00
1.111967731120699021e+00 1.661535079996087561e+01 1.091487084921079598e+00
1.132682567136153784e+00 1.763747345601320049e+01 1.092320882473376775e+00
1.153783299629660863e+00 1.871202644922198743e+01 1.093257134553746734e+00
1.175277117462945276e+00 1.984132653207948138e+01 1.094275238642229420e+00
1.197171343418965694e+00 2.102793988168101080e+01 1.095351808187460030e+00
1.219473436696737023e+00 2.227474543376725435e+01 1.096460421743477909e+00
1.242190995452616242e+00 2.358501134822727252e+01 1.097571358760227378e+00
1.265331759388941713e+00 2.496239504187241920e+01 1.098653147135118191e+00
1.288903612390891462e+00 2.640992497357588675e+01 1.099692982183717138e+00
1.312914585212463958e+00 2.793004971015678706e+01 1.100691798995915072e+00
1.337372858212495075e+00 2.952523404168212195e+01 1.101651142181045095e+00
1.362286764141645401e+00 3.119798087975760836e+01 1.102572960076575459e+00
1.387664790981307128e+00 3.295084631094117356e+01 1.103459642182097911e+00
1.413515584835394190e+00 3.478646020165209052e+01 1.104314059256364056e+00
1.439847952876006643e+00 3.670755341003563643e+01 1.105139606274911479e+00
1.466670866343967150e+00 3.871699279815709360e+01 1.105940248468029408e+00
1.493993463605256311e+00 4.081782539404624544e+01 1.106720570684617932e+00
1.521825053264385552e+00 4.301327666789435256e+01 1.107485911995210959e+00
1.550175117335768737e+00 4.530637667081416708e+01 1.108243007008972381e+00
1.579053314474174297e+00 4.770011470801631503e+01 1.108999785130029725e+00
1.608469483265355215e+00 5.019766481725486074e+01 1.109765164289031603e+00
1.638433645577983100e+00 5.280244858434738831e+01 1.110549130785917660e+00
1.668956009978023181e+00 5.551821067017236544e+01 1.111362827459785318e+00
1.700046975206716438e+00 5.834911031157298567e+01 1.112218649223743583e+00
1.731717133723352786e+00 6.129983124968886443e+01 1.113130346817837735e+00
1.763977275314043469e+00 6.437567736685772957e+01 1.114112728070509206e+00
1.796838390767719229e+00 6.758150178020461851e+01 1.115168332601849555e+00
1.830311675620611256e+00 7.092112755215866571e+01 1.116282731310646703e+00
1.864408533970485227e+00 7.439849126962847947e+01 1.117438513706592973e+00
1.899140582361933616e+00 7.801778293339850734e+01 1.118616026856061207e+00
1.934519653744044332e+00 8.178352470342133529e+01 1.119793183344717225e+00
1.970557801501798378e+00 8.570066650852294288e+01 1.120945259353528289e+00
2.007267303562568106e+00 8.977469758390816423e+01 1.122044733786099036e+00
2.044660666579115826e+00 9.401095356299448724e+01 1.123072456319401669e+00
2.082750630190514318e+00 9.841333809711703395e+01 1.124033825375547080e+00
2.121550171362450055e+00 1.029855757953758655e+02 1.124938964428638499e+00
2.161072508808376647e+00 1.077314806261465492e+02 1.125799509772817730e+00
2.201331107493030181e+00 1.126550161050303842e+02 1.126628734834089318e+00
2.242339683219845003e+00 1.177603707225688652e+02 1.127441684183168924e+00
2.284112207303823361e+00 1.230520508959651522e+02 1.128255318460874790e+00
2.326662911331458083e+00 1.285349939957848449e+02 1.129088671651815146e+00
2.370006292009327886e+00 1.342147043083095355e+02 1.129963022409141260e+00
2.414157116103017753e+00 1.400974151597960713e+02 1.130902081450926300e+00
2.459130425468043946e+00 1.461902808673454786e+02 1.131932197426943176e+00
2.504941542174502267e+00 1.525016017922085325e+02 1.133082573674160320e+00
2.551606073727183954e+00 1.590399982634933735e+02 1.134373678383007400e+00
2.599139918382932901e+00 1.658120902198308784e+02 1.135792455127921485e+00
2.647559270567066747e+00 1.728245700129341742e+02 1.137317175726700214e+00
2.696880626390692370e+00 1.800848601541048595e+02 1.138923068760448132e+00
2.747120789270811603e+00 1.876013001779194269e+02 1.140582036214311978e+00
2.798296875655115645e+00 1.953833669502259909e+02 1.142262354068375618e+00
2.850426320853434614e+00 2.034419331580703556e+02 1.143928358235506204e+00
2.903526884977813971e+00 2.117895694570404146e+02 1.145540117954815251e+00
2.957616658993253544e+00 2.204408966600637143e+02 1.147053099617301841e+00
3.012714070881164385e+00 2.294129666144167459e+02 1.148417970609003858e+00
3.068837891917642224e+00 2.387211154285486998e+02 1.149602656670405398e+00
3.126007243068700259e+00 2.483726410208496418e+02 1.150619793332090302e+00
3.184241601504649744e+00 2.583732367931273188e+02 1.151490439734538684e+00
3.243560807235807975e+00 2.687279462982466498e+02 1.152238924098910378e+00
3.303985069871854918e+00 2.794410893767167181e+02 1.152893092402560438e+00
3.365534975507090909e+00 2.905161881546903260e+02 1.153484577361421071e+00
3.428231493733967294e+00 3.019558939766694721e+02 1.154049091529857574e+00
3.492095984787267682e+00 3.137619165205928198e+02 1.154626749211272285e+00
3.557150206821382277e+00 3.259363371145162205e+02 1.155255757257836802e+00
3.623416323323146226e+00 3.384890825917277652e+02 1.155938971309744545e+00
3.690916910662774608e+00 3.514349730673148429e+02 1.156664710652549832e+00
3.759674965785463563e+00 3.647917232054350620e+02 1.157419732050159134e+00
3.829713914046277257e+00 3.785805360380192042e+02 1.158189114560675970e+00
3.901057617190989202e+00 3.928267927360342355e+02 1.158956118802590751e+00
3.973730381485604202e+00 4.075608488205058393e+02 1.159702038444140770e+00
4.047756965997318268e+00 4.228175869132691673e+02 1.160406954353961240e+00
4.123162591029748469e+00 4.386199933808919695e+02 1.161060640596949911e+00
4.199972946715301525e+00 4.549803332030597858e+02 1.161660288739552183e+00
4.278214201767612579e+00 4.719103108748402065e+02 1.162203183329974188e+00
4.357913012397025554e+00 4.894212591842094184e+02 1.162686552759312431e+00
4.439096531392166867e+00 5.075241151908164738e+02 1.163107571879450797e+00
4.521792417370697592e+00 5.262294045290611848e+02 1.163463365017870288e+00
4.606028844202397998e+00 5.455472361281048279e+02 1.163751009416909454e+00
4.691834510607794329e+00 5.654873097083915354e+02 1.163967539126061768e+00
4.779238649935595440e+00 5.860589387008536733e+02 1.164109949376898268e+00
4.868271040122278848e+00 6.072710915420898345e+02 1.164175201471183252e+00
4.958962013837211913e+00 6.291324546275991452e+02 1.164160228213675818e+00
5.051342468816761411e+00 6.516515676992388535e+02 1.164062326725053165e+00
5.145443878390924652e+00 6.748378154925925401e+02 1.163886022863918956e+00
5.241298302206056192e+00 6.987017484427858562e+02 1.163643125702287229e+00
5.338938397147350301e+00 7.232547165348242970e+02 1.163347301869632311e+00
5.438397428464796235e+00 7.485091578572879598e+02 1.163014007028340346e+00
5.539709281106400596e+00 7.744789693683325140e+02 1.162660624915733854e+00
5.642908471262536807e+00 8.011799441779107838e+02 1.162306617765589856e+00
5.748030158125351008e+00 8.286302837661153262e+02 1.161973689720762648e+00
5.855110155867238042e+00 8.568511945870351383e+02 1.161685965156767253e+00
5.964184945842459840e+00 8.858675797348465721e+02 1.161470184202812783e+00
6.075291689016070862e+00 9.157070389641271504e+02 1.161352670974278967e+00
6.188468238624382778e+00 9.463806230838217743e+02 1.161324877229394259e+00
6.303753153071275150e+00 9.778855551337173893e+02 1.161352589864441898e+00
6.421185709064758385e+00 1.010216106126313207e+03 1.161396988287354048e+00
6.540805914998252923e+00 1.043363605472743302e+03 1.161414637659130333e+00
6.662654524581149929e+00 1.077316273710767291e+03 1.161357122620595650e+00
6.786773050723295064e+00 1.112059068408706253e+03 1.161170675904094507e+00
6.913203779678127603e+00 1.147573547186611677e+03 1.160795808188614942e+00
7.041989785449288775e+00 1.183837641510281856e+03 1.160167625749040976e+00
7.173174944465612768e+00 1.220818115004676883e+03 1.159259649187823094e+00
7.306803950529499936e+00 1.258463536608858703e+03 1.158116664463840317e+00
7.442922330043757917e+00 1.296712481759878528e+03 1.156796174033689173e+00
7.581576457522110069e+00 1.335493800427806718e+03 1.155362825126583282e+00
7.722813571388642551e+00 1.374725940831131993e+03 1.153888884112984847e+00
7.866681790071582192e+00 1.414316286418636309e+03 1.152454777266872066e+00
8.013230128396878982e+00 1.454160531256129616e+03 1.151149702740027037e+00
8.162508514287219796e+00 1.494167373832154681e+03 1.150045867680537182e+00
8.314567805772055564e+00 1.534320171895140675e+03 1.149139495511386055e+00
8.469459808314576676e+00 1.574629783384062193e+03 1.148409365438304075e+00
8.627237292461440887e+00 1.615123892403377113e+03 1.147831240118230012e+00
8.787954011821311084e+00 1.655849839781703849e+03 1.147377573213887114e+00
8.951664721378293166e+00 1.696877737569882356e+03 1.147017198179010711e+00
9.118425196146562328e+00 1.738303911527454829e+03 1.146714999364042420e+00
9.288292250172489162e+00 1.780254730327920015e+03 1.146431567254717176e+00
9.461323755890759912e+00 1.822890899310143595e+03 1.146122840549937516e+00
9.637578663841079418e+00 1.866412321276070998e+03 1.145739738877253666e+00
9.817117022752183786e+00 1.911063658588361022e+03 1.145227791262060535e+00
1.000000000000000000e+01 1.957140771636010186e+03 1.144526767038602788e+00
