# Reference: https://doi.org/10.1016/j.nuclphysa.2013.09.007
1.000000000000000021e-03 3.524585081963539674e-19 1.098001583166214656e+00
1.018628990244687619e-03 5.103859798660927173e-19 1.097974601109210857e+00
1.037605019766911670e-03 7.407305862463638086e-19 1.097947947369381394e+00
1.056934553557988335e-03 1.077338340623208391e-18 1.097921646362735704e+00
1.076624177045493267e-03 1.570116154218737564e-18 1.097895722914423500e+00
1.096680598336868600e-03 2.292740081453247922e-18 1.097870202222999580e+00
1.117110650504824203e-03 3.354090539684652928e-18 1.097845109820024811e+00
1.137921293915315117e-03 4.915222409832433208e-18 1.097820471524629138e+00
1.159119618598885779e-03 7.214553847599207756e-18 1.097796313392640055e+00
1.180712846666190276e-03 1.060525529834480979e-17 1.097772661659848659e+00
1.202708334768511989e-03 1.561074023445699083e-17 1.097749542678964296e+00
1.225113576604118949e-03 2.300699577337324711e-17 1.097726982849767774e+00
1.247936205471311460e-03 3.394467495365612202e-17 1.097705008541949523e+00
1.271183996869028896e-03 5.013003053644854037e-17 1.097683646010081171e+00
1.294864871145904933e-03 7.409281453031053867e-17 1.097662921300127215e+00
1.318986896198670470e-03 1.095825180630057639e-16 1.097642860146877952e+00
1.343558290220826226e-03 1.621536854681262912e-16 1.097623487861625113e+00
1.368587424502519176e-03 2.400292352157686600e-16 1.097604829209373634e+00
1.394082826282578647e-03 3.553716584769218360e-16 1.097586908274825968e+00
1.420053181653683095e-03 5.261511839599677192e-16 1.097569748316332250e+00
1.446507338521647217e-03 7.788853210597576882e-16 1.097553371606938777e+00
1.473454309619835756e-03 1.152646608799432118e-15 1.097537799261621094e+00
1.500903275579736594e-03 1.704910227380050433e-15 1.097523051049719811e+00
1.528863588058731147e-03 2.520061589325823576e-15 1.097509145191538416e+00
1.557344772926135207e-03 3.721735276308133002e-15 1.097496098137996201e+00
1.586356533508589657e-03 5.490650474288929559e-15 1.097483924332151028e+00
1.615908753895919101e-03 8.090298105189753474e-15 1.097472635951343811e+00
1.646011502308549748e-03 1.190379310639973698e-14 1.097462242628621576e+00
1.676675034527699143e-03 1.748652721021165324e-14 1.097452751152024009e+00
1.707909797389426916e-03 2.564106846166318881e-14 1.097444165140218475e+00
1.739726432343800767e-03 3.752321648367787367e-14 1.097436484692879688e+00
1.772135779080358372e-03 5.479144662508750355e-14 1.097429706014105388e+00
1.805148879221108154e-03 7.981642810607777915e-14 1.097423821007052158e+00
1.838776980082326793e-03 1.159732166264846151e-13 1.097418816837864242e+00
1.873031538506436536e-03 1.680465189477620375e-13 1.097414675466844569e+00
1.907924224765265072e-03 2.427896228925079369e-13 1.097411373144691726e+00
1.943466926536020246e-03 3.496908165174734191e-13 1.097408879871492271e+00
1.979671752951332481e-03 5.020181635723312835e-13 1.097407158816011030e+00
2.016551038724746607e-03 7.182353147054340557e-13 1.097406165692678126e+00
2.054117348353064112e-03 1.023908798273394101e-12 1.097405848093502279e+00
2.092383480396977150e-03 1.454262437303000655e-12 1.097406144771979175e+00
2.131362471841437810e-03 2.057579088474090476e-12 1.097406984875882285e+00
2.171067602537264923e-03 2.899706312120963732e-12 1.097408287125631210e+00
2.211512399725488933e-03 4.069994276944443280e-12 1.097409958934741692e+00
2.252710642645980484e-03 5.689085948398945911e-12 1.097411895468642706e+00
2.294676367231936100e-03 7.919098213285336330e-12 1.097413978637930221e+00
2.337423870891814758e-03 1.097688793777580426e-11 1.097416076021892062e+00
2.380967717380358135e-03 1.515130354845816634e-11 1.097418039717890759e+00
2.425322741760352948e-03 2.082560199793388214e-11 1.097419705111935873e+00
2.470504055456825433e-03 2.850659470352572720e-11 1.097420889565497992e+00
2.516527051405391836e-03 3.886262144354194396e-11 1.097421391013340575e+00
2.563407409296514835e-03 5.277320856567081536e-11 1.097420986466833392e+00
2.611161100917459583e-03 7.139435222906394430e-11 1.097419430416905151e+00
2.659804395593758260e-03 9.624493640578133493e-11 1.097416453130454883e+00
2.709353865732051433e-03 1.293220872351631267e-10 1.097411758833700235e+00
2.759826392466180594e-03 1.732566432303007687e-10 1.097405023775577471e+00
2.811239171408464344e-03 2.315249443036032311e-10 1.097395894163922803e+00
2.863609718508115885e-03 3.087406840722066303e-10 1.097383983966783161e+00
2.916955876018795853e-03 4.110620078840175903e-10 1.097368872570779086e+00
2.971295818577334054e-03 5.467665821280139744e-10 1.097350102288025431e+00
3.026648059395692196e-03 7.270622419033418868e-10 1.097327199932856434e+00
3.083031456568277075e-03 9.668453077416952052e-10 1.097300285802494058e+00
3.140465219496752208e-03 1.285614743832544386e-09 1.097270196688582278e+00
3.198968915434537586e-03 1.709129733704457140e-09 1.097237912555164119e+00
3.258562476153226226e-03 2.271380641703648808e-09 1.097204535455054586e+00
3.319266204733189573e-03 3.017132783921943160e-09 1.097171299373757236e+00
3.381100782480685445e-03 4.005216995871300672e-09 1.097139580762401367e+00
3.444087275973823411e-03 5.312769627829618542e-09 1.097110909808204360e+00
3.508247144239792347e-03 7.040672960965685181e-09 1.097086982494983154e+00
3.573602246065788347e-03 9.320504428940209486e-09 1.097069673510686183e+00
3.640174847446141400e-03 1.232337020540692674e-08 1.097061050063848242e+00
3.707987629168172684e-03 1.627107612416702791e-08 1.097063386676353058e+00
3.777063694539364597e-03 2.145017650016091824e-08 1.097079181025999439e+00
3.847426577258505898e-03 2.822953849019494062e-08 1.097111170919174095e+00
3.919100249433401899e-03 3.708216452102756176e-08 1.097162352481554803e+00
3.992109129748053209e-03 4.861212519761566744e-08 1.097235999663290995e+00
4.066478091781853925e-03 6.358848251135391085e-08 1.097334908831694378e+00
4.142232472483897525e-03 8.299257256669803957e-08 1.097457698609823895e+00
4.219398080805024202e-03 1.080730315154706989e-07 1.097601178151469625e+00
4.298001206490798497e-03 1.404140572026889997e-07 1.097761703491644258e+00
4.378068629038166758e-03 1.820224668201322760e-07 1.097935140276540711e+00
4.459627626819095622e-03 2.354375114417545157e-07 1.098116822563246275e+00
4.542705986374042521e-03 3.038699418728204732e-07 1.098301508872653764e+00
4.627332011878692967e-03 3.913789991001441990e-07 1.098483335387910209e+00
4.713534534786906725e-03 5.030990295288888248e-07 1.098655766200970163e+00
4.801342923653449841e-03 6.455316644480169927e-07 1.098811540523786823e+00
4.890787094139589959e-03 8.269254840714872351e-07 1.098942616799023497e+00
4.981897519205159656e-03 1.057773587131860441e-06 1.099040113668747987e+00
5.074705239490466188e-03 1.351428847617222346e-06 1.099095334367552024e+00
5.169241873891598608e-03 1.724561377723467726e-06 1.099106902305589051e+00
5.265539630332755246e-03 2.197963045231101985e-06 1.099077184980136845e+00
5.363631316739239652e-03 2.797643777160939217e-06 1.099009012339651425e+00
5.463550352214875498e-03 3.556085443605014837e-06 1.098905699262324509e+00
5.565330778427646403e-03 4.513786573634632008e-06 1.098771086103031092e+00
5.669007271207434327e-03 5.721166764234850570e-06 1.098609582052862299e+00
5.774615152359819509e-03 7.240916851999374181e-06 1.098426211540177722e+00
5.882190401699956099e-03 9.150904060294990058e-06 1.098226663931293423e+00
5.991769669310619169e-03 1.154777190634763603e-05 1.098017346822896645e+00
6.103390288028621123e-03 1.455125651275522530e-05 1.097805195065314265e+00
6.217090286163826779e-03 1.830871607317480039e-05 1.097596676096362467e+00
6.332908400455114321e-03 2.300141542826805138e-05 1.097398577438005063e+00
6.450884089267692675e-03 2.885223273086220797e-05 1.097218427554805587e+00
6.571057546036270826e-03 3.613488699080859783e-05 1.097064554347173981e+00
6.693469712958660493e-03 4.518523239414714085e-05 1.096946148166345836e+00
6.818162294944479437e-03 5.641513167318552613e-05 1.096873329969134891e+00
6.945177773823696388e-03 7.032957328951470717e-05 1.096857225176020911e+00
7.074559422819878297e-03 8.754769250896122048e-05 1.096909123816718346e+00
7.206351321293052656e-03 1.088247692485340938e-04 1.097025661566968679e+00
7.340598369757212090e-03 1.350801836961488286e-04 1.097189513773011660e+00
7.477346305177588227e-03 1.674353469928954480e-04 1.097380731046814661e+00
7.616641716552892058e-03 2.072585479154434986e-04 1.097576913058277093e+00
7.758532060787835978e-03 2.562205247601485663e-04 1.097753006977051138e+00
7.903065678861348128e-03 3.163638906822131575e-04 1.097881097241409254e+00
8.050291812295981564e-03 3.901898841885499463e-04 1.097930520024949397e+00
8.200260619934130954e-03 4.807244313631702545e-04 1.097886941287181228e+00
8.353023195026778799e-03 5.915703595190254741e-04 1.097765452901213967e+00
8.508631582640582489e-03 7.270443699757731491e-04 1.097585885015309293e+00
8.667138797389234081e-03 8.923072682470997241e-04 1.097370609458530488e+00
8.828598841495149604e-03 1.093508825640423631e-03 1.097144735736197418e+00
8.993066723187623582e-03 1.337952537727704920e-03 1.096936325014026270e+00
9.160598475443709407e-03 1.634320181107099890e-03 1.096768614200911651e+00
9.331251175078249249e-03 1.993099224449169666e-03 1.096630041103453301e+00
9.505082962189511861e-03 2.426919721851417220e-03 1.096496705488819501e+00
9.682153059967075343e-03 2.950982686773860001e-03 1.096341895490779539e+00
9.862521794868784469e-03 3.583640328872401450e-03 1.096135867180963563e+00
1.004625061717340749e-02 4.347132568888014033e-03 1.095845883692488698e+00
1.023340212191641702e-02 5.268040678610319723e-03 1.095468968553162892e+00
1.042404007021556327e-02 6.377326522669321020e-03 1.095068457076117996e+00
1.061822941099384125e-02 7.711512861772091415e-03 1.094722912994882558e+00
1.081603630310709954e-02 9.313684502276915397e-03 1.094519771054661916e+00
1.101752813788386791e-02 1.123455415537449702e-02 1.094556091389995656e+00
1.122277356208507652e-02 1.353401314683933855e-02 1.094896434392961027e+00
1.143184250129149725e-02 1.628377520838174969e-02 1.095474981515790258e+00
1.164480618372686072e-02 1.956938641821967528e-02 1.096190113959287782e+00
1.186173716452478509e-02 2.349298372851383807e-02 1.096927565813143435e+00
1.208270935044776506e-02 2.817684009783883586e-02 1.097560277550581498e+00
1.230779802506665188e-02 3.376328077096918401e-02 1.097992689330817173e+00
1.253707987440920262e-02 4.041280439165723104e-02 1.098185262750759783e+00
1.277063301308643990e-02 4.830905443890106538e-02 1.098100020495794249e+00
1.300853701090571267e-02 5.766093320116501969e-02 1.097695863514689174e+00
1.325087291997953214e-02 6.871033237944346173e-02 1.096982959100313515e+00
1.349772330233941706e-02 8.176016572409776362e-02 1.096175432745755796e+00
1.374917225806419029e-02 9.718150014431888029e-02 1.095558711791470463e+00
1.400530545393219653e-02 1.154282111239702535e-01 1.095450275209835844e+00
1.426621015260736910e-02 1.370418428970613389e-01 1.096067650138965677e+00
1.453197524236895383e-02 1.625975703684598428e-01 1.097127946307331126e+00
1.480269126739508674e-02 1.927245142050535431e-01 1.098186075926977701e+00
1.507845045861051086e-02 2.281138236156291244e-01 1.098746452812913610e+00
1.535934676510897039e-02 2.695686976815989677e-01 1.098558522945209504e+00
1.564547588616095955e-02 3.181071028982721538e-01 1.097897383529361726e+00
1.593693530381774456e-02 3.749555573004963449e-01 1.097130589143211266e+00
1.623382431612278159e-02 4.415792657178744252e-01 1.096626896663569273e+00
1.653624407094180307e-02 5.196117474498761490e-01 1.096468183634496274e+00
1.684429760042315330e-02 6.108842160275564925e-01 1.096587445178037301e+00
1.715808985610004986e-02 7.174919885333549407e-01 1.096908056847283097e+00
1.747772774464680795e-02 8.418268144892954163e-01 1.097343672162411465e+00
1.780332016430113962e-02 9.866118277861495311e-01 1.097797291359034588e+00
1.813497804196495186e-02 1.154940690652610291e+00 1.098161900338726182e+00
1.847281437099634188e-02 1.350370563065637741e+00 1.098379051290250485e+00
1.881694424970555696e-02 1.577037112900193883e+00 1.098464334042069224e+00
1.916748492056815148e-02 1.839714035167760997e+00 1.098441171348565337e+00
1.952455581016860828e-02 2.143923757315158607e+00 1.098336198515441176e+00
1.988827856988809734e-02 2.496078268781523946e+00 1.098179503145348290e+00
2.025877711735016989e-02 2.903625869162545836e+00 1.098002848857828395e+00
2.063617767863858837e-02 3.374915241069776251e+00 1.097819878964998219e+00
2.102060883130158278e-02 3.919287425771703415e+00 1.097632441560852046e+00
2.141220154815729262e-02 4.547338583809612089e+00 1.097442426916645841e+00
2.181108924191518805e-02 5.271079487645887518e+00 1.097251947901145108e+00
2.221740781062883641e-02 6.104114317718872584e+00 1.097063357546876006e+00
2.263129568399528321e-02 7.061845068264429592e+00 1.096879267857023388e+00
2.305289387051707301e-02 8.161707092584393308e+00 1.096702569947679340e+00
2.348234600554275145e-02 9.423442923357706391e+00 1.096536455629432805e+00
2.391979840020238418e-02 1.086942358084241000e+01 1.096384440542785832e+00
2.436540009125464853e-02 1.252502926268062389e+01 1.096250388973698309e+00
2.481930289186254010e-02 1.441910476543693953e+01 1.096138540488952540e+00
2.528166144331499277e-02 1.658446128392841601e+01 1.096053299233827216e+00
2.575263326771199887e-02 1.905773131557617006e+01 1.095995895509689788e+00
2.623237882163122203e-02 2.187966724550950204e+01 1.095964810447012772e+00
2.672106155079433804e-02 2.509606413502102029e+01 1.095958173345653375e+00
2.721884794575178332e-02 2.875842516423523776e+01 1.095973798838959512e+00
2.772590759860482645e-02 3.292473115353330115e+01 1.096009158970359776e+00
2.824241326078434297e-02 3.766035455128582754e+01 1.096061353267999250e+00
2.876854090190592711e-02 4.303915556300810152e+01 1.096127076708638182e+00
2.930446976972142861e-02 4.914480877804876258e+01 1.096202585461973911e+00
2.985038245118730796e-02 5.607242235404957853e+01 1.096283660307856955e+00
3.040646493467067182e-02 6.393001237277059801e+01 1.096365832290167486e+00
3.097290667331408301e-02 7.283547525940356593e+01 1.096446647586874601e+00
3.154990064958086704e-02 8.291769471494141897e+01 1.096524797125868478e+00
3.213764344100276948e-02 9.431969704226897022e+01 1.096598846701202667e+00
3.273633528715245988e-02 1.072000931073042693e+02 1.096667213155406051e+00
3.334618015786364187e-02 1.217346708231799255e+02 1.096728153071450773e+00
3.396738582272208068e-02 1.381182006461539800e+02 1.096779750738809289e+00
3.460016392185108480e-02 1.565665059053423533e+02 1.096819905356433367e+00
3.524473003801584237e-02 1.773188649548043259e+02 1.096846317434851059e+00
3.590130377007068330e-02 2.006408312909964593e+02 1.096856474359177547e+00
3.657010880777489259e-02 2.268275818997491342e+02 1.096847635074706062e+00
3.725137300800209633e-02 2.562079344367400040e+02 1.096816813856960060e+00
3.794532847236938011e-02 2.891492120279135065e+02 1.096760763128701521e+00
3.865221162631261864e-02 3.260631826349796256e+02 1.096675955287500281e+00
3.937226329963479377e-02 3.674133609029252625e+02 1.096558563509132833e+00
4.010572880855495931e-02 4.137240131904947020e+02 1.096404446112527520e+00
4.085285803928561527e-02 4.655768478775857488e+02 1.096211525584781077e+00
4.161390553316707264e-02 5.235863539983359942e+02 1.095984114015828625e+00
4.238913057338778573e-02 5.884222184983058241e+02 1.095728233378403527e+00
4.317879727332021161e-02 6.608194988192858546e+02 1.095450708467275991e+00
4.398317466650223523e-02 7.415849234847868274e+02 1.095159230819843454e+00
4.480253679829489938e-02 8.316041181329213714e+02 1.094862427378516800e+00
4.563716281924758839e-02 9.318499945190317248e+02 1.094569934381427023e+00
4.648733708020256344e-02 1.043392604920040867e+03 1.094292477042430045e+00
4.735334922917116413e-02 1.167410845029996153e+03 1.094041955668685562e+00
4.823549431001467047e-02 1.305206488582135080e+03 1.093831538966472561e+00
4.913407286296361809e-02 1.458221161379576188e+03 1.093675765405973221e+00
5.004939102700953213e-02 1.628057014385623233e+03 1.093590652897310278e+00
5.098176064420424647e-02 1.816475352836471757e+03 1.093587859621763414e+00
5.193149936590212012e-02 2.025334518559396656e+03 1.093659210336584309e+00
5.289893076098151070e-02 2.256640908532399408e+03 1.093790721926189979e+00
5.388438442608223938e-02 2.512578834534863290e+03 1.093966542324892544e+00
5.488819609789671872e-02 2.795528208161340444e+03 1.094168787448273283e+00
5.591070776755290017e-02 3.108085457113593293e+03 1.094377368680143459e+00
5.695226779712821846e-02 3.453088537028658720e+03 1.094569811325047937e+00
5.801323103833375128e-02 3.833647120464499494e+03 1.094721064711441150e+00
5.909395895340967958e-02 4.253179311741811944e+03 1.094803304967099322e+00
6.019481973827271043e-02 4.715456368608780394e+03 1.094785783204960117e+00
6.131618844795772016e-02 5.224591642262895220e+03 1.094650181558000313e+00
6.245844712439614643e-02 5.784957673520942080e+03 1.094414885293493178e+00
6.362198492657485105e-02 6.401308898001891066e+03 1.094106591654762095e+00
6.480719826311967524e-02 7.078850600988612314e+03 1.093755383192354769e+00
6.601449092734885948e-02 7.823301078301444250e+03 1.093394983942077792e+00
6.724427423484245769e-02 8.640967633520451272e+03 1.093063041486460385e+00
6.849696716357443760e-02 9.538839842368464815e+03 1.092801440066216490e+00
6.977299649665534564e-02 1.052470433507789130e+04 1.092656651032554826e+00
7.107279696773415034e-02 1.160716513104882506e+04 1.092672481961007858e+00
7.239681140910873836e-02 1.279493426822497895e+04 1.092843470537490091e+00
7.374549090259549522e-02 1.409702061715612763e+04 1.093139780622516488e+00
7.511929493320965157e-02 1.552301624031693427e+04 1.093527522280696829e+00
7.651869154570821452e-02 1.708311421058220367e+04 1.093968456238226139e+00
7.794415750404946885e-02 1.878812501542311657e+04 1.094419609090868217e+00
7.939617845382279659e-02 2.064949321719604995e+04 1.094832875276159356e+00
8.087524908770453436e-02 2.267935327563626197e+04 1.095156731706759201e+00
8.238187331399605962e-02 2.489120013673240828e+04 1.095367978057314229e+00
8.391656442830157381e-02 2.730018926329553142e+04 1.095468860484737794e+00
8.547984528840409102e-02 2.992300322589204370e+04 1.095463152313460142e+00
8.707224849239916797e-02 3.277811080204022437e+04 1.095355528267734968e+00
8.869431656014709064e-02 3.588610280951837194e+04 1.095151639173106206e+00
9.034660211810524588e-02 3.927010222511157190e+04 1.094858234768602445e+00
9.202966808760409956e-02 4.295487695958326367e+04 1.094491763665226713e+00
9.374408787662991127e-02 4.696473754884738446e+04 1.094090030531534641e+00
9.549044557518077125e-02 5.132534388497715554e+04 1.093697929131686397e+00
9.726933615426168467e-02 5.606415803267184674e+04 1.093365488300735988e+00
9.908136566858666283e-02 6.121060227628191205e+04 1.093148291446654152e+00
1.009271514630570854e-01 6.679621086859515344e+04 1.093105074998513393e+00
1.028073223830864719e-01 7.285390768466626469e+04 1.093232741497692562e+00
1.047225189888434382e-01 7.941769226580380928e+04 1.093457225645912967e+00
1.066733937734857113e-01 8.652334730967781798e+04 1.093692256239235494e+00
1.086606113854596822e-01 9.420855579202118679e+04 1.093841352921153920e+00
1.106848488549412035e-01 1.025130443233989645e+05 1.093798328934733277e+00
1.127467958244946084e-01 1.114812164099904476e+05 1.093522907815076772e+00
1.148471547840289042e-01 1.211653247693750745e+05 1.093093642671848942e+00
1.169866413101306873e-01 1.316241394971510745e+05 1.092609536888060617e+00
1.191659843098558796e-01 1.429239947869674652e+05 1.092181214531555700e+00
1.213859262690627772e-01 1.551394830264659831e+05 1.091924080484778070e+00
1.236472235053715091e-01 1.683418026816315250e+05 1.091856811030933017e+00
1.259506464258357550e-01 1.825972481840438268e+05 1.091917858283231846e+00
1.282969797894147612e-01 1.979741146183189121e+05 1.092036121390714154e+00
1.306870229743346268e-01 2.145426792514404224e+05 1.092132472913381225e+00
1.331215902504307713e-01 2.323821119955048198e+05 1.092166653433334522e+00
1.356015110565633452e-01 2.515903943664269755e+05 1.092181044969420922e+00
1.381276302832009362e-01 2.722785192918049870e+05 1.092232199942056114e+00
1.407008085602685088e-01 2.945717532825053786e+05 1.092382695270851745e+00
1.433219225503573890e-01 3.185965846215561032e+05 1.092654107532915919e+00
1.459918652473978506e-01 3.444603627366614528e+05 1.092979496371947246e+00
1.487115462808953625e-01 3.722681539055392495e+05 1.093273814959864643e+00
1.514818922258345801e-01 4.021249862026602495e+05 1.093445827655005642e+00
1.543038469183564687e-01 4.341557646195057896e+05 1.093470099872475565e+00
1.571783717773162781e-01 4.685135908391554258e+05 1.093390635605909100e+00
1.601064461318317811e-01 5.053684565095041180e+05 1.093259766863074800e+00
1.630890675549332702e-01 5.449015896280145971e+05 1.093126224634115351e+00
1.661272522034293042e-01 5.872811564365498489e+05 1.093007826970005647e+00
1.692220351641037235e-01 6.326767117626012769e+05 1.092915964611916868e+00
1.723744708063619790e-01 6.812649093881471781e+05 1.092863251190953067e+00
1.755856331414468730e-01 7.332298894146392122e+05 1.092863621369329241e+00
1.788566161883461958e-01 7.887638067634929903e+05 1.092932437689059455e+00
1.821885343465165230e-01 8.480690087857007748e+05 1.093084924724192497e+00
1.855825227755517060e-01 9.113777983846581774e+05 1.093316778368414122e+00
1.890397377819219571e-01 9.789568415756395552e+05 1.093608505629641181e+00
1.925613572129196704e-01 1.051102844012342859e+06 1.093937820676399442e+00
1.961485808579429280e-01 1.128148601711232448e+06 1.094279664065771263e+00
1.998026308572548593e-01 1.210470618236442795e+06 1.094605971167016856e+00
2.035247521183575770e-01 1.298477691724970005e+06 1.094890647889486202e+00
2.073162127401229071e-01 1.392527219926742138e+06 1.095129900292188596e+00
2.111783044448242164e-01 1.492965253347024322e+06 1.095327288781312358e+00
2.151123430182164953e-01 1.600149768334472319e+06 1.095486977780843585e+00
2.191196687578147451e-01 1.714450528133356711e+06 1.095613785406964968e+00
2.232016469295232397e-01 1.836248986306159291e+06 1.095713237617388369e+00
2.273596682327715113e-01 1.965938274144600844e+06 1.095791626228203031e+00
2.315951492743152096e-01 2.103923319603845943e+06 1.095856071149198696e+00
2.359095330508633737e-01 2.250621155940453988e+06 1.095914587238590698e+00
2.403042894406967056e-01 2.406461490346710663e+06 1.095976156236649013e+00
2.447809157044440187e-01 2.571887616596892476e+06 1.096050804306352822e+00
2.493409369951877785e-01 2.747357771222883835e+06 1.096149685789613581e+00
2.539859068780723761e-01 2.933346399386366364e+06 1.096283736493717686e+00
2.587174078595921300e-01 3.130342757266656961e+06 1.096455919807917567e+00
2.635370519267393186e-01 3.338855182945774402e+06 1.096665827694638384e+00
2.684464810961962322e-01 3.559416279073122423e+06 1.096912856778142098e+00
2.734473679737579599e-01 3.792587983273245860e+06 1.097196195875479674e+00
2.785414163241766161e-01 4.038968019725125749e+06 1.097514805537186167e+00
2.837303616516211324e-01 4.299198002682799473e+06 1.097867395994340134e+00
2.890159717909508430e-01 4.573973502665160224e+06 1.098252403407059319e+00
2.944000475100033709e-01 4.864056436890952289e+06 1.098667964305327649e+00
2.998844231231027613e-01 5.170290206890769303e+06 1.099111888109258306e+00
3.054709671159968054e-01 5.493561164399602450e+06 1.099580717084178483e+00
3.111615827824359970e-01 5.834592081186977215e+06 1.100066512107583216e+00
3.169582088726115021e-01 6.194054907774044201e+06 1.100559248029579162e+00
3.228628202536730218e-01 6.572624800613301806e+06 1.101047697735194841e+00
3.288774285825510346e-01 6.970980806508759968e+06 1.101519335254797838e+00
3.350040829913132900e-01 7.389807434360383078e+06 1.101960233552318869e+00
3.412448707852889229e-01 7.829797332394898869e+06 1.102354957129505264e+00
3.476019181541977754e-01 8.291655319066867232e+06 1.102686449684898040e+00
3.540773908965269556e-01 8.776098254358453676e+06 1.102937759925746608e+00
3.606734951574028236e-01 9.283781671040410176e+06 1.103115766596070468e+00
3.673924781802074269e-01 9.815298540021020919e+06 1.103247234855621928e+00
3.742366290721980682e-01 1.037122703247783147e+07 1.103362700090382287e+00
3.812082795843887983e-01 1.095213541743665934e+07 1.103496359748203481e+00
3.883098049059605095e-01 1.155858780653340183e+07 1.103686367817297898e+00
3.955436244734701345e-01 1.219115221927510947e+07 1.103975162518672226e+00
4.029122027951347884e-01 1.285041308609260805e+07 1.104408920373735725e+00
4.104180502904709038e-01 1.353705951433192752e+07 1.105000699265143771e+00
4.180637241455757991e-01 1.425196052850420773e+07 1.105712720138979144e+00
4.258518291843414461e-01 1.499612705733798258e+07 1.106498585103426802e+00
4.337850187558989212e-01 1.577074527637219988e+07 1.107306060963867855e+00
4.418659956385941334e-01 1.657722313687279448e+07 1.108076576283506309e+00
4.500975129608046355e-01 1.741724535904674605e+07 1.108744711122781501e+00
4.584823751389096036e-01 1.829246772762611508e+07 1.109256461361618706e+00
4.670234388327330621e-01 1.920330157999685034e+07 1.109626668781280801e+00
4.757236139187884794e-01 2.014963431053348631e+07 1.109891098765872330e+00
4.845858644816490868e-01 2.113109255322740227e+07 1.110090227400762020e+00
4.936132098237911991e-01 2.214700719838670641e+07 1.110269595786552044e+00
5.028087254942474882e-01 2.319638278366214409e+07 1.110479907525642851e+00
5.121755443364236493e-01 2.427836077820276469e+07 1.110754827105995490e+00
5.217168575554343990e-01 2.539274062565192953e+07 1.111092200813921904e+00
5.314359158053235666e-01 2.653941736903031915e+07 1.111485497771742326e+00
5.413360302965375404e-01 2.771834541871995479e+07 1.111927208448769022e+00
5.514205739240296555e-01 2.892957910844465345e+07 1.112408756864448733e+00
5.616929824163804374e-01 3.017332056468781084e+07 1.112920406719312139e+00
5.721567555063246102e-01 3.144997566560802609e+07 1.113451161293949054e+00
5.828154581230839959e-01 3.276021896568910778e+07 1.113988657011901973e+00
5.936727216069119795e-01 3.410506859831253439e+07 1.114519050634273256e+00
6.047322449462643190e-01 3.548593681307544559e+07 1.115027188125079505e+00
6.159977960380161877e-01 3.690347842321996391e+07 1.115506170285105902e+00
6.274732129711574347e-01 3.835697077950724959e+07 1.115960842715356227e+00
6.391624053343999412e-01 3.984548287959080935e+07 1.116397518631980335e+00
6.510693555481454897e-01 4.136796648685118556e+07 1.116823355270186280e+00
6.631981202212668958e-01 4.292326934798832983e+07 1.117246423167356451e+00
6.755528315331639222e-01 4.451015258025930822e+07 1.117675780763641491e+00
6.881376986415662644e-01 4.612731266364024580e+07 1.118121554869097256e+00
7.009570091165617800e-01 4.777340847833412886e+07 1.118595026492305022e+00
7.140151304013395706e-01 4.944708894144971669e+07 1.119105158267367894e+00
7.273165113001454074e-01 5.114701843300828338e+07 1.119650082938604463e+00
7.408656834939559843e-01 5.287193046129336953e+07 1.120225170090965339e+00
7.546672630843886953e-01 5.462068135667134821e+07 1.120825137758242329e+00
7.687259521663728501e-01 5.639230849511984736e+07 1.121443996153925315e+00
7.830465404301183430e-01 5.818609634716483951e+07 1.122074987584176897e+00
7.976339067929273385e-01 6.000165092643373460e+07 1.122710522406702882e+00
8.124930210614047521e-01 6.183875016504272819e+07 1.123342938344520592e+00
8.276289456246344045e-01 6.369600545439304411e+07 1.123969245968142516e+00
8.430468371788967241e-01 6.557150807548541576e+07 1.124588438426668668e+00
8.587519484845170803e-01 6.746341217632108927e+07 1.125199450810278945e+00
8.747496301554414933e-01 6.936998477462509274e+07 1.125801151069302675e+00
8.910453324821513421e-01 7.128966055740523338e+07 1.126392336378091441e+00
9.076446072885356875e-01 7.322108298840522766e+07 1.126971667174856861e+00
9.245531098233570333e-01 7.516258147952440381e+07 1.127535913873445539e+00
9.417766006869519035e-01 7.711200639133192599e+07 1.128079479081506520e+00
9.593209477938241525e-01 7.906731652928371727e+07 1.128596095972855817e+00
9.771921283717996953e-01 8.102666804964625835e+07 1.129078886296441153e+00
9.953962309984233370e-01 8.298847771575854719e+07 1.129520316267190516e+00
1.013939457675291811e+00 8.495136410092753172e+07 1.129913397466733249e+00
1.032828125941028574e+00 8.691314877276834846e+07 1.130261698589844377e+00
1.052068671023622892e+00 8.887123491207969189e+07 1.130575326963045857e+00
1.071667648032863296e+00 9.082317216297960281e+07 1.130865795202802060e+00
1.091631734193614811e+00 9.276671661443483829e+07 1.131146085956084235e+00
1.111967731120699021e+00 9.469989164974972606e+07 1.131430770323649915e+00
1.132682567136153784e+00 9.662105434542840719e+07 1.131736136133036252e+00
1.153783299629660863e+00 9.852896759281006455e+07 1.132080327338717662e+00
1.175277117462945276e+00 1.004228781521634012e+08 1.132483496053585670e+00
1.197171343418965694e+00 1.023026009098325074e+08 1.132967968984452067e+00
1.219473436696737023e+00 1.041686097018148154e+08 1.133558430362416436e+00
1.242190995452616242e+00 1.060221352000819445e+08 1.134282123836080958e+00
1.265331759388941713e+00 1.078649621165415496e+08 1.135166444272269759e+00
1.288903612390891462e+00 1.096959609909830540e+08 1.136209305802538427e+00
1.312914585212463958e+00 1.115117164944400042e+08 1.137386065963680526e+00
1.337372858212495075e+00 1.133086961604021937e+08 1.138668219418903282e+00
1.362286764141645401e+00 1.150833110461983234e+08 1.140023411092017769e+00
1.387664790981307128e+00 1.168319391094263196e+08 1.141415083099711847e+00
1.413515584835394190e+00 1.185509514382309020e+08 1.142802105016436309e+00
1.439847952876006643e+00 1.202367413956046849e+08 1.144138390484259471e+00
1.466670866343967150e+00 1.218857567136664987e+08 1.145372504370335109e+00
1.493993463605256311e+00 1.234945345478046089e+08 1.146447266108173713e+00
1.521825053264385552e+00 1.250600250083397776e+08 1.147307171734336384e+00
1.550175117335768737e+00 1.265817159843425602e+08 1.147953947038250488e+00
1.579053314474174297e+00 1.280608682304251045e+08 1.148420991077224063e+00
1.608469483265355215e+00 1.294996438795949668e+08 1.148746726762847059e+00
1.638433645577983100e+00 1.309011957159963995e+08 1.148974786724162422e+00
1.668956009978023181e+00 1.322697680735408962e+08 1.149154395618329438e+00
1.700046975206716438e+00 1.336108045929832608e+08 1.149340794206369143e+00
1.731717133723352786e+00 1.349310643645078242e+08 1.149595715248072025e+00
1.763977275314043469e+00 1.362385352745134532e+08 1.149986632929172803e+00
1.796838390767719229e+00 1.375355392833161056e+08 1.150545241931710150e+00
1.830311675620611256e+00 1.388160379844343662e+08 1.151253096740083803e+00
1.864408533970485227e+00 1.400727624162405431e+08 1.152085780534329862e+00
1.899140582361933616e+00 1.412976326641380787e+08 1.153015495083603348e+00
1.934519653744044332e+00 1.424817059087854922e+08 1.154010744432765190e+00
1.970557801501798378e+00 1.436151268331509829e+08 1.155036001192054407e+00
2.007267303562568106e+00 1.446870972114849687e+08 1.156051418046266432e+00
2.044660666579115826e+00 1.456893274552583694e+08 1.157026265826629929e+00
2.082750630190514318e+00 1.466211574740245938e+08 1.157958436930394353e+00
2.121550171362450055e+00 1.474836609660049379e+08 1.158850318754468534e+00
2.161072508808376647e+00 1.482787021179110110e+08 1.159704801937571972e+00
2.201331107493030181e+00 1.490090013444639146e+08 1.160525325420723730e+00
2.242339683219845003e+00 1.496782026699192822e+08 1.161315924716770365e+00
2.284112207303823361e+00 1.502909431896547675e+08 1.162081283641705820e+00
2.326662911331458083e+00 1.508529252878894508e+08 1.162826789791409077e+00
2.370006292009327886e+00 1.513709925827774405e+08 1.163558594083431430e+00
2.414157116103017753e+00 1.518532109329645634e+08 1.164283674725459239e+00
2.459130425468043946e+00 1.523089562830173373e+08 1.165009906021126973e+00
2.504941542174502267e+00 1.527490082781229913e+08 1.165746129519387164e+00
2.551606073727183954e+00 1.531818073597951829e+08 1.166498873212409304e+00
2.599139918382932901e+00 1.536053820052120984e+08 1.167265337627764410e+00
2.647559270567066747e+00 1.540154179465827048e+08 1.168040487050528764e+00
2.696880626390692370e+00 1.544071371847938001e+08 1.168818677745039336e+00
2.747120789270811603e+00 1.547752656848449111e+08 1.169593608656040118e+00
2.798296875655115645e+00 1.551140009320987761e+08 1.170358269000528528e+00
2.850426320853434614e+00 1.554169798615629077e+08 1.171104882660927160e+00
2.903526884977813971e+00 1.556772477962300479e+08 1.171824849308863659e+00
2.957616658993253544e+00 1.558872291726504862e+08 1.172508682212764164e+00
3.012714070881164385e+00 1.560387273100287914e+08 1.173145984362382377e+00
3.068837891917642224e+00 1.561269493880191743e+08 1.173731785272683625e+00
3.126007243068700259e+00 1.561554919335881174e+08 1.174274399986636297e+00
3.184241601504649744e+00 1.561297878324680924e+08 1.174785068667664412e+00
3.243560807235807975e+00 1.560561815431070328e+08 1.175276527044080366e+00
3.303985069871854918e+00 1.559419808263563216e+08 1.175763127761656035e+00
3.365534975507090909e+00 1.557955121876644790e+08 1.176260971625985308e+00
3.428231493733967294e+00 1.556261815294870138e+08 1.176788049988002349e+00
3.492095984787267682e+00 1.554445419256081879e+08 1.177364399748736412e+00
3.557150206821382277e+00 1.552604773192098141e+08 1.178008650610581354e+00
3.623416323323146226e+00 1.550737121322848201e+08 1.178719821277907531e+00
3.690916910662774608e+00 1.548797858924526870e+08 1.179488592886557052e+00
3.759674965785463563e+00 1.546737544306178987e+08 1.180304317311533735e+00
3.829713914046277257e+00 1.544501617999009788e+08 1.181154909662976538e+00
3.901057617190989202e+00 1.542030072110967636e+08 1.182026723517284550e+00
3.973730381485604202e+00 1.539257126153718531e+08 1.182904418394265855e+00
4.047756965997318268e+00 1.536114860493974388e+08 1.183771540782417642e+00
4.123162591029748469e+00 1.532580695851749778e+08 1.184619150240427521e+00
4.199972946715301525e+00 1.528667252463052273e+08 1.185444003400905721e+00
4.278214201767612579e+00 1.524390600416611433e+08 1.186242734523930142e+00
4.357913012397025554e+00 1.519769771224832237e+08 1.187011720034721662e+00
4.439096531392166867e+00 1.514826931903691292e+08 1.187747062194324466e+00
4.521792417370697592e+00 1.509587564781648219e+08 1.188444571921792647e+00
4.606028844202397998e+00 1.504080654284816086e+08 1.189099750745291173e+00
4.691834510607794329e+00 1.498338882358381748e+08 1.189707771862372310e+00
4.779238649935595440e+00 1.492398834680692852e+08 1.190263460293264908e+00
4.868271040122278848e+00 1.486301220420907438e+08 1.190761272115416824e+00
4.958962013837211913e+00 1.480091109000654817e+08 1.191195272772880953e+00
5.051342468816761411e+00 1.473815870655996799e+08 1.191559526942548075e+00
5.145443878390924652e+00 1.467484590241566300e+08 1.191855391822855825e+00
5.241298302206056192e+00 1.461068986611817479e+08 1.192091558817501395e+00
5.338938397147350301e+00 1.454536777649556100e+08 1.192278243065299392e+00
5.438397428464796235e+00 1.447852701927295625e+08 1.192427078533512042e+00
5.539709281106400596e+00 1.440978353257215023e+08 1.192551231580800675e+00
5.642908471262536807e+00 1.433872019480489790e+08 1.192665523334959232e+00
5.748030158125351008e+00 1.426488529001109004e+08 1.192786561964905845e+00
5.855110155867238042e+00 1.418779109302660227e+08 1.192932886119274727e+00
5.964184945842459840e+00 1.410691262517590225e+08 1.193125121032666103e+00
6.075291689016070862e+00 1.402174722883669436e+08 1.193384414087980350e+00
6.188468238624382778e+00 1.393245513494129479e+08 1.193714076483932685e+00
6.303753153071275150e+00 1.383967011289179325e+08 1.194104542654041312e+00
6.421185709064758385e+00 1.374409740722687542e+08 1.194544682237231870e+00
6.540805914998252923e+00 1.364650940016214550e+08 1.195021864824517888e+00
6.662654524581149929e+00 1.354774815175824761e+08 1.195521830043155820e+00
6.786773050723295064e+00 1.344872839361396432e+08 1.196028549638614713e+00
6.913203779678127603e+00 1.335044114413456917e+08 1.196524081629320779e+00
7.041989785449288775e+00 1.325394643380966038e+08 1.196988562820825219e+00
7.173174944465612768e+00 1.315962132147608399e+08 1.197409567354345672e+00
7.306803950529499936e+00 1.306662349755462706e+08 1.197789163553265812e+00
7.442922330043757917e+00 1.297392101816242933e+08 1.198131297720392396e+00
7.581576457522110069e+00 1.288039094602938145e+08 1.198440554725690665e+00
7.722813571388642551e+00 1.278481438526296020e+08 1.198722211687656136e+00
7.866681790071582192e+00 1.268587247645417005e+08 1.198982295493302930e+00
8.013230128396878982e+00 1.258214402921869010e+08 1.199227643725609527e+00
8.162508514287219796e+00 1.247261122476303875e+08 1.199464554689608553e+00
8.314567805772055564e+00 1.235777384473417103e+08 1.199695649663171881e+00
8.469459808314576676e+00 1.223849235883030593e+08 1.199923016053423330e+00
8.627237292461440887e+00 1.211570294042806774e+08 1.200149011901554097e+00
8.787954011821311084e+00 1.199041788440186381e+08 1.200376288142307457e+00
8.951664721378293166e+00 1.186372640087558478e+08 1.200607812466086388e+00
9.118425196146562328e+00 1.173679601697754711e+08 1.200846894907154239e+00
9.288292250172489162e+00 1.161087486660101563e+08 1.201097215293744913e+00
9.461323755890759912e+00 1.148729520469578654e+08 1.201362852709848550e+00
9.637578663841079418e+00 1.136747855032936484e+08 1.201648317134264454e+00
9.817117022752183786e+00 1.125294294518881589e+08 1.201958583440447814e+00
1.000000000000000000e+01 1.114531291619936675e+08 1.202299127961094616e+00
