# Reference: https://doi.org/10.1103/PhysRevD.70.023505
1.000000000000000021e-03 6.805997421001043320e+08 1.072822413399271202e+00
1.018628990244687619e-03 6.805692565073184967e+08 1.072812124963174352e+00
1.037605019766911670e-03 6.805382385703897476e+08 1.072801816215816828e+00
1.056934553557988335e-03 6.805066796658085585e+08 1.072791491772383310e+00
1.076624177045493267e-03 6.804745710555393696e+08 1.072781156439404304e+00
1.096680598336868600e-03 6.804419038865164518e+08 1.072770815217599871e+00
1.117110650504824203e-03 6.804086691901216507e+08 1.072760473304482653e+00
1.137921293915315117e-03 6.803748578817495108e+08 1.072750136096689566e+00
1.159119618598885779e-03 6.803404607603877783e+08 1.072739809192010840e+00
1.180712846666190276e-03 6.803054685082666874e+08 1.072729498391077563e+00
1.202708334768511989e-03 6.802698716905504465e+08 1.072719209698672405e+00
1.225113576604118949e-03 6.802336607550873756e+08 1.072708949324620242e+00
1.247936205471311460e-03 6.801968260322134495e+08 1.072698723684214483e+00
1.271183996869028896e-03 6.801593577346165180e+08 1.072688539398132912e+00
1.294864871145904933e-03 6.801212459572575092e+08 1.072678403291788429e+00
1.318986896198670470e-03 6.800824806773805618e+08 1.072668322394062956e+00
1.343558290220826226e-03 6.800430517545427084e+08 1.072658303935362767e+00
1.368587424502519176e-03 6.800029489307783842e+08 1.072648355344933080e+00
1.394082826282578647e-03 6.799621618307888508e+08 1.072638484247363078e+00
1.420053181653683095e-03 6.799206799622216225e+08 1.072628698458207852e+00
1.446507338521647217e-03 6.798784927160358429e+08 1.072619005978649565e+00
1.473454309619835756e-03 6.798355893669779301e+08 1.072609414989115439e+00
1.500903275579736594e-03 6.797919590740740299e+08 1.072599933841758224e+00
1.528863588058731147e-03 6.797475908812946081e+08 1.072590571051709407e+00
1.557344772926135207e-03 6.797024737182691097e+08 1.072581335286995508e+00
1.586356533508589657e-03 6.796565964010876417e+08 1.072572235357013959e+00
1.615908753895919101e-03 6.796099476332646608e+08 1.072563280199445135e+00
1.646011502308549748e-03 6.795625160067342520e+08 1.072554478865480831e+00
1.676675034527699143e-03 6.795142900030200481e+08 1.072545840503229320e+00
1.707909797389426916e-03 6.794652579944581985e+08 1.072537374339156635e+00
1.739726432343800767e-03 6.794154082456125021e+08 1.072529089657411783e+00
1.772135779080358372e-03 6.793647289147493839e+08 1.072520995776869546e+00
1.805148879221108154e-03 6.793132080554491282e+08 1.072513102025719478e+00
1.838776980082326793e-03 6.792608336183984280e+08 1.072505417713412124e+00
1.873031538506436536e-03 6.792075934532505274e+08 1.072497952099766838e+00
1.907924224765265072e-03 6.791534753106471300e+08 1.072490714361027830e+00
1.943466926536020246e-03 6.790984668444455862e+08 1.072483713552642159e+00
1.979671752951332481e-03 6.790425556139788628e+08 1.072476958568520988e+00
2.016551038724746607e-03 6.789857290865665674e+08 1.072470458096526524e+00
2.054117348353064112e-03 6.789279746401389837e+08 1.072464220569911975e+00
2.092383480396977150e-03 6.788692795660361052e+08 1.072458254114422305e+00
2.131362471841437810e-03 6.788096310719585419e+08 1.072452566490748271e+00
2.171067602537264923e-03 6.787490162851088047e+08 1.072447165032001104e+00
2.211512399725488933e-03 6.786874222554894686e+08 1.072442056575858560e+00
2.252710642645980484e-03 6.786248359593963623e+08 1.072437247391007764e+00
2.294676367231936100e-03 6.785612443030804396e+08 1.072432743097484931e+00
2.337423870891814758e-03 6.784966341265976429e+08 1.072428548580492969e+00
2.380967717380358135e-03 6.784309922078698874e+08 1.072424667897240447e+00
2.425322741760352948e-03 6.783643052669301033e+08 1.072421104176328521e+00
2.470504055456825433e-03 6.782965599703361988e+08 1.072417859509171567e+00
2.516527051405391836e-03 6.782277429358639717e+08 1.072414934832912392e+00
2.563407409296514835e-03 6.781578407372981310e+08 1.072412329804254272e+00
2.611161100917459583e-03 6.780868399095549583e+08 1.072410042663597629e+00
2.659804395593758260e-03 6.780147269539104700e+08 1.072408070088830323e+00
2.709353865732051433e-03 6.779414883435103893e+08 1.072406407038080323e+00
2.759826392466180594e-03 6.778671105290732384e+08 1.072405046580693577e+00
2.811239171408464344e-03 6.777915799448159933e+08 1.072403979715657929e+00
2.863609718508115885e-03 6.777148830145925283e+08 1.072403195176644397e+00
2.916955876018795853e-03 6.776370061582754850e+08 1.072402679222780320e+00
2.971295818577334054e-03 6.775579357983506918e+08 1.072402415414223764e+00
3.026648059395692196e-03 6.774776582749570608e+08 1.072402384867864766e+00
3.083031456568277075e-03 6.773961575362801552e+08 1.072402578531773676e+00
3.140465219496752208e-03 6.773134146698069572e+08 1.072402999492245934e+00
3.198968915434537586e-03 6.772294100695819855e+08 1.072403651001794689e+00
3.258562476153226226e-03 6.771441235110874176e+08 1.072404535801906533e+00
3.319266204733189573e-03 6.770575341085133553e+08 1.072405656061571122e+00
3.381100782480685445e-03 6.769696202687599659e+08 1.072407013310975321e+00
3.444087275973823411e-03 6.768803596421037912e+08 1.072408608370036820e+00
3.508247144239792347e-03 6.767897290691615343e+08 1.072410441271424375e+00
3.573602246065788347e-03 6.766977045240129232e+08 1.072412511177698757e+00
3.640174847446141400e-03 6.766042610531481504e+08 1.072414816292177608e+00
3.707987629168172684e-03 6.765093727100263834e+08 1.072417353763108316e+00
3.777063694539364597e-03 6.764130124848592281e+08 1.072420119580702602e+00
3.847426577258505898e-03 6.763151522294217348e+08 1.072423108466561636e+00
3.919100249433401899e-03 6.762157625764664412e+08 1.072426313754990090e+00
3.992109129748053209e-03 6.761148128533951044e+08 1.072429727265667543e+00
4.066478091781853925e-03 6.760122722477864027e+08 1.072433340457433992e+00
4.142232472483897525e-03 6.759081157369804382e+08 1.072437150467816735e+00
4.219398080805024202e-03 6.758023201750016212e+08 1.072441156055640832e+00
4.298001206490798497e-03 6.756948620176007748e+08 1.072445355217660712e+00
4.378068629038166758e-03 6.755857173009283543e+08 1.072449745112579844e+00
4.459627626819095622e-03 6.754748616207308769e+08 1.072454321981807013e+00
4.542705986374042521e-03 6.753622701100034714e+08 1.072459081064429887e+00
4.627332011878692967e-03 6.752479174147952795e+08 1.072464016506033069e+00
4.713534534786906725e-03 6.751317776682051420e+08 1.072469121260957392e+00
4.801342923653449841e-03 6.750138244623122215e+08 1.072474386987572359e+00
4.890787094139589959e-03 6.748940308179717064e+08 1.072479803936111642e+00
4.981897519205159656e-03 6.747723691522524357e+08 1.072485360828588918e+00
5.074705239490466188e-03 6.746488113425114155e+08 1.072491045814243815e+00
5.169241873891598608e-03 6.745233293449145555e+08 1.072496853515590098e+00
5.265539630332755246e-03 6.743958948337658644e+08 1.072502781384520265e+00
5.363631316739239652e-03 6.742664788656338453e+08 1.072508826349550137e+00
5.463550352214875498e-03 6.741350518420335054e+08 1.072514984754186607e+00
5.565330778427646403e-03 6.740015834708237648e+08 1.072521252307491846e+00
5.669007271207434327e-03 6.738660427246094942e+08 1.072527624031210713e+00
5.774615152359819509e-03 6.737283977960312366e+08 1.072534094203246191e+00
5.882190401699956099e-03 6.735886160496879816e+08 1.072540656297247263e+00
5.991769669310619169e-03 6.734466639704401493e+08 1.072547302918063883e+00
6.103390288028621123e-03 6.733025078003027439e+08 1.072554026487941847e+00
6.217090286163826779e-03 6.731561164252538681e+08 1.072560822387746526e+00
6.332908400455114321e-03 6.730074592982777357e+08 1.072567686686709765e+00
6.450884089267692675e-03 6.728565053944244385e+08 1.072574614995495113e+00
6.571057546036270826e-03 6.727032231868312359e+08 1.072581602432097547e+00
6.693469712958660493e-03 6.725475806210751534e+08 1.072588643585939305e+00
6.818162294944479437e-03 6.723895450873498917e+08 1.072595732479653785e+00
6.945177773823696388e-03 6.722290833903694153e+08 1.072602862528409196e+00
7.074559422819878297e-03 6.720661617777931690e+08 1.072610026645223646e+00
7.206351321293052656e-03 6.719007468930680752e+08 1.072617219602045591e+00
7.340598369757212090e-03 6.717328056953425407e+08 1.072624437881773307e+00
7.477346305177588227e-03 6.715623046710793972e+08 1.072631677808502992e+00
7.616641716552892058e-03 6.713892097835028172e+08 1.072638935478445799e+00
7.758532060787835978e-03 6.712134864440332651e+08 1.072646206749496622e+00
7.903065678861348128e-03 6.710350994812020063e+08 1.072653487230362357e+00
8.050291812295981564e-03 6.708540131296566725e+08 1.072660772283384745e+00
8.200260619934130954e-03 6.706701923167523146e+08 1.072668057835256317e+00
8.353023195026778799e-03 6.704836035352419615e+08 1.072675340933221477e+00
8.508631582640582489e-03 6.702942131247044802e+08 1.072682618692268441e+00
8.667138797389234081e-03 6.701019870943995714e+08 1.072689888201179054e+00
8.828598841495149604e-03 6.699068911074528694e+08 1.072697146530729118e+00
8.993066723187623582e-03 6.697088904632906914e+08 1.072704390742804437e+00
9.160598475443709407e-03 6.695079502486191988e+08 1.072711618046076731e+00
9.331251175078249249e-03 6.693040359589414597e+08 1.072718826356720667e+00
9.505082962189511861e-03 6.690971130017975569e+08 1.072726013907834508e+00
9.682153059967075343e-03 6.688871464733998775e+08 1.072733179095139766e+00
9.862521794868784469e-03 6.686741011406210661e+08 1.072740320501518463e+00
1.004625061717340749e-02 6.684579414250806570e+08 1.072747436923155995e+00
1.023340212191641702e-02 6.682386319055662155e+08 1.072754527339542019e+00
1.042404007021556327e-02 6.680161378787709475e+08 1.072761590878899440e+00
1.061822941099384125e-02 6.677904245234416723e+08 1.072768626942363523e+00
1.081603630310709954e-02 6.675614567730827332e+08 1.072775635251215887e+00
1.101752813788386791e-02 6.673291992982885838e+08 1.072782615884292357e+00
1.122277356208507652e-02 6.670936167168334723e+08 1.072789569123895781e+00
1.143184250129149725e-02 6.668546740988714695e+08 1.072796495052968702e+00
1.164480618372686072e-02 6.666123364377100468e+08 1.072803394026713653e+00
1.186173716452478509e-02 6.663665685007516146e+08 1.072810266824687719e+00
1.208270935044776506e-02 6.661173348144193888e+08 1.072817114684345041e+00
1.230779802506665188e-02 6.658645999422786236e+08 1.072823938791001463e+00
1.253707987440920262e-02 6.656083286265913248e+08 1.072830740016849527e+00
1.277063301308643990e-02 6.653484854003937244e+08 1.072837519636162362e+00
1.300853701090571267e-02 6.650850345294796228e+08 1.072844279429134406e+00
1.325087291997953214e-02 6.648179403708459139e+08 1.072851021421285855e+00
1.349772330233941706e-02 6.645471684312337637e+08 1.072857747062046174e+00
1.374917225806419029e-02 6.642726843848202229e+08 1.072864458037798396e+00
1.400530545393219653e-02 6.639944537504851818e+08 1.072871156558731665e+00
1.426621015260736910e-02 6.637124415322461128e+08 1.072877845069682312e+00
1.453197524236895383e-02 6.634266112010190487e+08 1.072884525289220958e+00
1.480269126739508674e-02 6.631369254841507673e+08 1.072891199118017225e+00
1.507845045861051086e-02 6.628433466015583277e+08 1.072897868965829726e+00
1.535934676510897039e-02 6.625458376631909609e+08 1.072904537312934670e+00
1.564547588616095955e-02 6.622443639816085100e+08 1.072911206300239062e+00
1.593693530381774456e-02 6.619388908997318745e+08 1.072917878487641419e+00
1.623382431612278159e-02 6.616293835480527878e+08 1.072924556752284486e+00
1.653624407094180307e-02 6.613158071998096704e+08 1.072931242673481833e+00
1.684429760042315330e-02 6.609981270281133652e+08 1.072937937352482773e+00
1.715808985610004986e-02 6.606763078548314571e+08 1.072944642246654201e+00
1.747772774464680795e-02 6.603503140867512226e+08 1.072951359210971178e+00
1.780332016430113962e-02 6.600201096460827589e+08 1.072958090537686093e+00
1.813497804196495186e-02 6.596856579168633223e+08 1.072964838969148405e+00
1.847281437099634188e-02 6.593469225481854677e+08 1.072971606610216622e+00
1.881694424970555696e-02 6.590038677510325909e+08 1.072978394476043151e+00
1.916748492056815148e-02 6.586564572189867496e+08 1.072985203787883979e+00
1.952455581016860828e-02 6.583046539624555111e+08 1.072992036096372059e+00
1.988827856988809734e-02 6.579484202059130669e+08 1.072998893314839997e+00
2.025877711735016989e-02 6.575877177311801910e+08 1.073005777537449967e+00
2.063617767863858837e-02 6.572225122461718321e+08 1.073012688931397340e+00
2.102060883130158278e-02 6.568527718954772949e+08 1.073019626418747041e+00
2.141220154815729262e-02 6.564784645343980789e+08 1.073026588948644777e+00
2.181108924191518805e-02 6.560995576055943966e+08 1.073033575525246919e+00
2.221740781062883641e-02 6.557160180430623293e+08 1.073040585219093845e+00
2.263129568399528321e-02 6.553278121658746004e+08 1.073047617179511581e+00
2.305289387051707301e-02 6.549349055610138178e+08 1.073054670648118547e+00
2.348234600554275145e-02 6.545372629544184208e+08 1.073061744973517584e+00
2.391979840020238418e-02 6.541348480693985224e+08 1.073068839627256299e+00
2.436540009125464853e-02 6.537276234714452028e+08 1.073075954221145434e+00
2.481930289186254010e-02 6.533155503985189199e+08 1.073083088526032514e+00
2.528166144331499277e-02 6.528985890173100233e+08 1.073090242377676029e+00
2.575263326771199887e-02 6.524767044339941740e+08 1.073097414087238022e+00
2.623237882163122203e-02 6.520498657312049866e+08 1.073104600652147411e+00
2.672106155079433804e-02 6.516180413557748795e+08 1.073111798911991155e+00
2.721884794575178332e-02 6.511811988502388000e+08 1.073119005576846252e+00
2.772590759860482645e-02 6.507393046860203743e+08 1.073126217225551127e+00
2.824241326078434297e-02 6.502923240806727409e+08 1.073133430304163305e+00
2.876854090190592711e-02 6.498402207978823185e+08 1.073140641124622041e+00
2.930446976972142861e-02 6.493829569291114807e+08 1.073147845863642980e+00
2.985038245118730796e-02 6.489204926554663181e+08 1.073155040561867946e+00
3.040646493467067182e-02 6.484527874631386995e+08 1.073162221121743087e+00
3.097290667331408301e-02 6.479798126963546276e+08 1.073169383293696821e+00
3.154990064958086704e-02 6.475015465975309610e+08 1.073176522681102751e+00
3.213764344100276948e-02 6.470179671385499239e+08 1.073183634747957083e+00
3.273633528715245988e-02 6.465290517950501442e+08 1.073190714819621139e+00
3.334618015786364187e-02 6.460347773782731295e+08 1.073197758083930253e+00
3.396738582272208068e-02 6.455351198497306108e+08 1.073204759592789159e+00
3.460016392185108480e-02 6.450300541173551083e+08 1.073211714264296957e+00
3.524473003801584237e-02 6.445195538118125200e+08 1.073218616885453613e+00
3.590130377007068330e-02 6.440035910415557623e+08 1.073225462115495077e+00
3.657010880777489259e-02 6.434821361250280142e+08 1.073232244489916276e+00
3.725137300800209633e-02 6.429551572984787226e+08 1.073238958425241529e+00
3.794532847236938011e-02 6.424226203975390196e+08 1.073245598224601638e+00
3.865221162631261864e-02 6.418844885108734369e+08 1.073252158084192276e+00
3.937226329963479377e-02 6.413407216038222313e+08 1.073258632100680288e+00
4.010572880855495931e-02 6.407912761285762787e+08 1.073265014279900953e+00
4.085285803928561527e-02 6.402361142143610716e+08 1.073271298681893970e+00
4.161390553316707264e-02 6.396752205931372643e+08 1.073277479677270163e+00
4.238913057338778573e-02 6.391085833367544413e+08 1.073283551696853744e+00
4.317879727332021161e-02 6.385361897469774485e+08 1.073289509195638924e+00
4.398317466650223523e-02 6.379580261075937748e+08 1.073295346673140971e+00
4.480253679829489938e-02 6.373740774121356010e+08 1.073301058695735666e+00
4.563716281924758839e-02 6.367843270655628443e+08 1.073306639921130623e+00
4.648733708020256344e-02 6.361887565578762293e+08 1.073312085125124771e+00
4.735334922917116413e-02 6.355873451078419685e+08 1.073317389230823204e+00
4.823549431001467047e-02 6.349800692745916843e+08 1.073322547340486155e+00
4.913407286296361809e-02 6.343669025349624157e+08 1.073327554770194148e+00
5.004939102700953213e-02 6.337478148249393702e+08 1.073332407087515206e+00
5.098176064420424647e-02 6.331227790222065449e+08 1.073337099970349096e+00
5.193149936590212012e-02 6.324917886283849478e+08 1.073341628774644008e+00
5.289893076098151070e-02 6.318548408067766428e+08 1.073345989007135737e+00
5.388438442608223938e-02 6.312119312497926950e+08 1.073350176493832908e+00
5.488819609789671872e-02 6.305630538177294731e+08 1.073354187427142392e+00
5.591070776755290017e-02 6.299082001439365149e+08 1.073358018416901816e+00
5.695226779712821846e-02 6.292473592040727139e+08 1.073361666545588067e+00
5.801323103833375128e-02 6.285805168469469547e+08 1.073365129427994002e+00
5.909395895340967958e-02 6.279076552841575146e+08 1.073368405275676229e+00
6.019481973827271043e-02 6.272287525703562498e+08 1.073371492963949070e+00
6.131618844795772016e-02 6.265437924510552883e+08 1.073374391332275746e+00
6.245844712439614643e-02 6.258527800894143581e+08 1.073377098045320555e+00
6.362198492657485105e-02 6.251557223826712370e+08 1.073379611078746354e+00
6.480719826311967524e-02 6.244526240583621264e+08 1.073381929042887428e+00
6.601449092734885948e-02 6.237434872032629251e+08 1.073384051254824278e+00
6.724427423484245769e-02 6.230283107499566078e+08 1.073385977816056158e+00
6.849696716357443760e-02 6.223070899180947542e+08 1.073387709696147052e+00
6.977299649665534564e-02 6.215798156072403193e+08 1.073389248822749220e+00
7.107279696773415034e-02 6.208464772213232517e+08 1.073390597784074751e+00
7.239681140910873836e-02 6.201070833375514746e+08 1.073391757506937827e+00
7.374549090259549522e-02 6.193616496554123163e+08 1.073392728631390902e+00
7.511929493320965157e-02 6.186101890323246717e+08 1.073393512658176174e+00
7.651869154570821452e-02 6.178527108760658503e+08 1.073394112040243709e+00
7.794415750404946885e-02 6.170892205197283030e+08 1.073394530277118841e+00
7.939617845382279659e-02 6.163197185427335501e+08 1.073394772016291965e+00
8.087524908770453436e-02 6.155442013393479586e+08 1.073394842990937459e+00
8.238187331399605962e-02 6.147626800647428036e+08 1.073394747543089833e+00
8.391656442830157381e-02 6.139751781166744232e+08 1.073394488948793413e+00
8.547984528840409102e-02 6.131817157028117180e+08 1.073394071444369713e+00
8.707224849239916797e-02 6.123823087345763445e+08 1.073393500378433618e+00
8.869431656014709064e-02 6.115769680916222334e+08 1.073392782314714466e+00
9.034660211810524588e-02 6.107656988814543486e+08 1.073391925134393299e+00
9.202966808760409956e-02 6.099485108226355314e+08 1.073390936598116241e+00
9.374408787662991127e-02 6.091254325191009045e+08 1.073389822354939183e+00
9.549044557518077125e-02 6.082964913894761801e+08 1.073388588696952750e+00
9.726933615426168467e-02 6.074617098210532665e+08 1.073387243079389597e+00
9.908136566858666283e-02 6.066211043375208378e+08 1.073385794222674772e+00
1.009271514630570854e-01 6.057746855136775970e+08 1.073384252110965997e+00
1.028073223830864719e-01 6.049224755550647974e+08 1.073382625588067629e+00
1.047225189888434382e-01 6.040645098319395781e+08 1.073380922111770941e+00
1.066733937734857113e-01 6.032008191091941595e+08 1.073379150131309245e+00
1.086606113854596822e-01 6.023314278557627201e+08 1.073377319287441845e+00
1.106848488549412035e-01 6.014563535305740833e+08 1.073375440479233278e+00
1.127467958244946084e-01 6.005756207310880423e+08 1.073373524064266560e+00
1.148471547840289042e-01 5.996892706415703297e+08 1.073371578628704581e+00
1.169866413101306873e-01 5.987973403126910925e+08 1.073369613534610245e+00
1.191659843098558796e-01 5.978998597657790184e+08 1.073367639240272675e+00
1.213859262690627772e-01 5.969968524941793680e+08 1.073365667198158180e+00
1.236472235053715091e-01 5.960883549331409931e+08 1.073363707455404992e+00
1.259506464258357550e-01 5.951744119802006483e+08 1.073361769123679643e+00
1.282969797894147612e-01 5.942550615680342913e+08 1.073359862173242307e+00
1.306870229743346268e-01 5.933303333759655952e+08 1.073357997524877483e+00
1.331215902504307713e-01 5.924002621046251059e+08 1.073356185697092791e+00
1.356015110565633452e-01 5.914648995710387230e+08 1.073354435551225006e+00
1.381276302832009362e-01 5.905242925573728085e+08 1.073352756398063157e+00
1.407008085602685088e-01 5.895784792995892763e+08 1.073351158277136452e+00
1.433219225503573890e-01 5.886275020577114820e+08 1.073349650789688026e+00
1.459918652473978506e-01 5.876714195843086243e+08 1.073348241923034685e+00
1.487115462808953625e-01 5.867102851886361837e+08 1.073346939895603702e+00
1.514818922258345801e-01 5.857441436740701199e+08 1.073345753343670106e+00
1.543038469183564687e-01 5.847730449803012609e+08 1.073344690036005522e+00
1.571783717773162781e-01 5.837970435232849121e+08 1.073343756822833228e+00
1.601064461318317811e-01 5.828161841530151367e+08 1.073342960751987096e+00
1.630890675549332702e-01 5.818305132832164764e+08 1.073342308513140830e+00
1.661272522034293042e-01 5.808401137864388227e+08 1.073341804744456729e+00
1.692220351641037235e-01 5.798450715540393591e+08 1.073341453500254783e+00
1.723744708063619790e-01 5.788454643194786310e+08 1.073341258688385702e+00
1.755856331414468730e-01 5.778413603593010902e+08 1.073341224043753872e+00
1.788566161883461958e-01 5.768328170883920193e+08 1.073341353099578122e+00
1.821885343465165230e-01 5.758198823931301832e+08 1.073341649013801469e+00
1.855825227755517060e-01 5.748026259685410261e+08 1.073342112883604260e+00
1.890397377819219571e-01 5.737811300906641483e+08 1.073342744067054211e+00
1.925613572129196704e-01 5.727554667570288181e+08 1.073343541183341188e+00
1.961485808579429280e-01 5.717256957441728115e+08 1.073344502061040595e+00
1.998026308572548593e-01 5.706918629502158165e+08 1.073345623660687975e+00
2.035247521183575770e-01 5.696540185964834690e+08 1.073346902312868334e+00
2.073162127401229071e-01 5.686122937873491049e+08 1.073348334895559475e+00
2.111783044448242164e-01 5.675668414147530794e+08 1.073349917833234191e+00
2.151123430182164953e-01 5.665178088969728947e+08 1.073351646596098607e+00
2.191196687578147451e-01 5.654653369733994007e+08 1.073353515612113007e+00
2.232016469295232397e-01 5.644095584007848501e+08 1.073355518172698586e+00
2.273596682327715113e-01 5.633505965405653715e+08 1.073357646331658533e+00
2.315951492743152096e-01 5.622885638299185038e+08 1.073359890796871552e+00
2.359095330508633737e-01 5.612235601287174225e+08 1.073362240814291546e+00
2.403042894406967056e-01 5.601556709341301918e+08 1.073364684043752071e+00
2.447809157044440187e-01 5.590849654541082382e+08 1.073367206426052434e+00
2.493409369951877785e-01 5.580114945304037333e+08 1.073369792040762327e+00
2.539859068780723761e-01 5.569353089542776346e+08 1.073372424056761698e+00
2.587174078595921300e-01 5.558565688852759600e+08 1.073375090591256908e+00
2.635370519267393186e-01 5.547754758383531570e+08 1.073377781082129223e+00
2.684464810961962322e-01 5.536922255932575464e+08 1.073380483747697900e+00
2.734473679737579599e-01 5.526070067561548948e+08 1.073383185485723867e+00
2.785414163241766161e-01 5.515199993000009060e+08 1.073385871770890176e+00
2.837303616516211324e-01 5.504313729827234745e+08 1.073388526545365318e+00
2.890159717909508430e-01 5.493412856348776817e+08 1.073391132102014867e+00
2.944000475100033709e-01 5.482498813079625368e+08 1.073393668959801150e+00
2.998844231231027613e-01 5.471572882739663124e+08 1.073396115730878231e+00
3.054709671159968054e-01 5.460636412336724997e+08 1.073398451040195711e+00
3.111615827824359970e-01 5.449691636526811123e+08 1.073400660571583787e+00
3.169582088726115021e-01 5.438740992089200020e+08 1.073402731390689535e+00
3.228628202536730218e-01 5.427786840889298916e+08 1.073404649683432188e+00
3.288774285825510346e-01 5.416831453938454390e+08 1.073406400701893970e+00
3.350040829913132900e-01 5.405876994114719629e+08 1.073407968707024818e+00
3.412448707852889229e-01 5.394925497449430227e+08 1.073409336907960920e+00
3.476019181541977754e-01 5.383978852881408930e+08 1.073410487397756796e+00
3.540773908965269556e-01 5.373038842142378092e+08 1.073411401495619089e+00
3.606734951574028236e-01 5.362107913030885458e+08 1.073412064983203962e+00
3.673924781802074269e-01 5.351189017439324856e+08 1.073412467176428242e+00
3.742366290721980682e-01 5.340285044564501047e+08 1.073412597289970849e+00
3.812082795843887983e-01 5.329398791216522455e+08 1.073412444364268747e+00
3.883098049059605095e-01 5.318532943266108632e+08 1.073411997277468277e+00
3.955436244734701345e-01 5.307690055536093712e+08 1.073411244758978089e+00
4.029122027951347884e-01 5.296872543738894463e+08 1.073410175455151272e+00
4.104180502904709038e-01 5.286083218781557083e+08 1.073408780001902096e+00
4.180637241455757991e-01 5.275325525002580285e+08 1.073407052038652276e+00
4.258518291843414461e-01 5.264602878921831250e+08 1.073404985917013388e+00
4.337850187558989212e-01 5.253918601624614596e+08 1.073402576591421020e+00
4.418659956385941334e-01 5.243275898794078827e+08 1.073399819696110313e+00
4.500975129608046355e-01 5.232677839052315354e+08 1.073396711628221478e+00
4.584823751389096036e-01 5.222127515023997426e+08 1.073393249862999888e+00
4.670234388327330621e-01 5.211628583912786841e+08 1.073389433745880250e+00
4.757236139187884794e-01 5.201184768051673174e+08 1.073385264026629260e+00
4.845858644816490868e-01 5.190799670419743061e+08 1.073380742784486808e+00
4.936132098237911991e-01 5.180476751734984517e+08 1.073375873561505767e+00
5.028087254942474882e-01 5.170219313535256982e+08 1.073370661479129851e+00
5.121755443364236493e-01 5.160031075748925209e+08 1.073365111351671564e+00
5.217168575554343990e-01 5.149916654046788812e+08 1.073359226118468790e+00
5.314359158053235666e-01 5.139880693744903803e+08 1.073353009811975234e+00
5.413360302965375404e-01 5.129927756755908728e+08 1.073346468006963539e+00
5.514205739240296555e-01 5.120062300118479729e+08 1.073339607965899889e+00
5.616929824163804374e-01 5.110288652635411620e+08 1.073332438794908361e+00
5.721567555063246102e-01 5.100610989479219317e+08 1.073324971611016476e+00
5.828154581230839959e-01 5.091033304611740708e+08 1.073317219721418914e+00
5.936727216069119795e-01 5.081559380856395960e+08 1.073309198815540988e+00
6.047322449462643190e-01 5.072192785815565586e+08 1.073300927003357330e+00
6.159977960380161877e-01 5.062937788872736692e+08 1.073292419406099985e+00
6.274732129711574347e-01 5.053799667510716319e+08 1.073283686300511963e+00
6.391624053343999412e-01 5.044783660228455663e+08 1.073274739269001632e+00
6.510693555481454897e-01 5.035894873262225986e+08 1.073265591744763547e+00
6.631981202212668958e-01 5.027138252981461883e+08 1.073256259166983861e+00
6.755528315331639222e-01 5.018518555850307345e+08 1.073246759146844642e+00
6.881376986415662644e-01 5.010040315767099261e+08 1.073237111645025887e+00
7.009570091165617800e-01 5.001707808704849482e+08 1.073227339160615967e+00
7.140151304013395706e-01 4.993525404695758820e+08 1.073217464373440011e+00
7.273165113001454074e-01 4.985498463029054999e+08 1.073207504186818539e+00
7.408656834939559843e-01 4.977632405457678437e+08 1.073197475688817182e+00
7.546672630843886953e-01 4.969932445392907858e+08 1.073187397840172252e+00
7.687259521663728501e-01 4.962403552127760649e+08 1.073177291616109086e+00
7.830465404301183430e-01 4.955050411916087866e+08 1.073167180157586387e+00
7.976339067929273385e-01 4.947877385659943819e+08 1.073157088932555903e+00
8.124930210614047521e-01 4.940888679359887838e+08 1.073147044997534438e+00
8.276289456246344045e-01 4.934089549808080792e+08 1.073137071885893468e+00
8.430468371788967241e-01 4.927485555657597184e+08 1.073127192692436838e+00
8.587519484845170803e-01 4.921081982798768878e+08 1.073117432441449637e+00
8.747496301554414933e-01 4.914883799760770202e+08 1.073107818224686261e+00
8.910453324821513421e-01 4.908895610769847035e+08 1.073098379341462794e+00
9.076446072885356875e-01 4.903121627287681103e+08 1.073089147368994078e+00
9.245531098233570333e-01 4.897566247413955331e+08 1.073080154110840123e+00
9.417766006869519035e-01 4.892234162089952826e+08 1.073071431172635481e+00
9.593209477938241525e-01 4.887129667522240877e+08 1.073063012296167074e+00
9.771921283717996953e-01 4.882256571082016230e+08 1.073054933628409868e+00
9.953962309984233370e-01 4.877618128539651036e+08 1.073047233872910677e+00
1.013939457675291811e+00 4.873217284012956023e+08 1.073039954139154206e+00
1.032828125941028574e+00 4.869059076632874012e+08 1.073033135604520627e+00
1.052068671023622892e+00 4.865149567751230001e+08 1.073026820687235539e+00
1.071667648032863296e+00 4.861494497067272067e+08 1.073021054504227800e+00
1.091631734193614811e+00 4.858099220047528148e+08 1.073015885042073236e+00
1.111967731120699021e+00 4.854968651765807867e+08 1.073011363325942158e+00
1.132682567136153784e+00 4.852107205665898323e+08 1.073007543598290869e+00
1.153783299629660863e+00 4.849518726832206845e+08 1.073004483507858042e+00
1.175277117462945276e+00 4.847206419322952628e+08 1.073002244309557929e+00
1.197171343418965694e+00 4.845172767088611722e+08 1.073000891075900354e+00
1.219473436696737023e+00 4.843419447965706587e+08 1.073000492920598736e+00
1.242190995452616242e+00 4.841947240201067924e+08 1.073001123235073129e+00
1.265331759388941713e+00 4.840756258069199324e+08 1.073002859613639837e+00
1.288903612390891462e+00 4.839849663102496862e+08 1.073005780433881506e+00
1.312914585212463958e+00 4.839232669492506385e+08 1.073009965977688829e+00
1.337372858212495075e+00 4.838910042011193037e+08 1.073015501016161055e+00
1.362286764141645401e+00 4.838885983488790989e+08 1.073022475100106066e+00
1.387664790981307128e+00 4.839164060663300157e+08 1.073030982821198354e+00
1.413515584835394190e+00 4.839747123336676955e+08 1.073041124087491305e+00
1.439847952876006643e+00 4.840637216295599937e+08 1.073053004414087797e+00
1.466670866343967150e+00 4.841835483417943716e+08 1.073066735229816659e+00
1.493993463605256311e+00 4.843342063347054124e+08 1.073082434200818724e+00
1.521825053264385552e+00 4.845156524434002042e+08 1.073100224339346598e+00
1.550175117335768737e+00 4.847281665559522510e+08 1.073120225549602846e+00
1.579053314474174297e+00 4.849721620421243906e+08 1.073142558990048512e+00
1.608469483265355215e+00 4.852479887188131213e+08 1.073167351595191388e+00
1.638433645577983100e+00 4.855559234181844592e+08 1.073194736374465608e+00
1.668956009978023181e+00 4.858961609492654800e+08 1.073224852698626552e+00
1.700046975206716438e+00 4.862688042500272989e+08 1.073257846600031540e+00
1.731717133723352786e+00 4.866738536658083797e+08 1.073293871087507290e+00
1.763977275314043469e+00 4.871112033345335722e+08 1.073333086220635613e+00
1.796838390767719229e+00 4.875808914382169247e+08 1.073375651104984341e+00
1.830311675620611256e+00 4.880831809724521637e+08 1.073421721297748155e+00
1.864408533970485227e+00 4.886182742002118230e+08 1.073471457833442333e+00
1.899140582361933616e+00 4.891862851092100739e+08 1.073525028011532934e+00
1.934519653744044332e+00 4.897872290158814788e+08 1.073582605618319086e+00
1.970557801501798378e+00 4.904210112518870234e+08 1.073644371155993538e+00
2.007267303562568106e+00 4.910874160103929639e+08 1.073710512039767639e+00
2.044660666579115826e+00 4.917863540756238699e+08 1.073781213912097909e+00
2.082750630190514318e+00 4.925182255327032804e+08 1.073856648074468456e+00
2.121550171362450055e+00 4.932834570957587361e+08 1.073936987155461376e+00
2.161072508808376647e+00 4.940824190106790066e+08 1.074022407695178094e+00
2.201331107493030181e+00 4.949154175603551269e+08 1.074113090103054446e+00
2.242339683219845003e+00 4.957826868826000690e+08 1.074209218602389271e+00
2.284112207303823361e+00 4.966843800452069044e+08 1.074310981160387701e+00
2.326662911331458083e+00 4.976205593187197447e+08 1.074418569402426415e+00
2.370006292009327886e+00 4.985911855837205052e+08 1.074532178509155500e+00
2.414157116103017753e+00 4.995961068052487373e+08 1.074652007094948791e+00
2.459130425468043946e+00 5.006350455031321645e+08 1.074778257066114406e+00
2.504941542174502267e+00 5.017075853676487803e+08 1.074911133452618683e+00
2.551606073727183954e+00 5.028134121951220036e+08 1.075050839081709064e+00
2.599139918382932901e+00 5.039528410103028417e+08 1.075197563527040323e+00
2.647559270567066747e+00 5.051262712121281028e+08 1.075351493600329000e+00
2.696880626390692370e+00 5.063340536611035466e+08 1.075512815429589875e+00
2.747120789270811603e+00 5.075764842393516302e+08 1.075681713926912142e+00
2.798296875655115645e+00 5.088537968240972161e+08 1.075858372205323432e+00
2.850426320853434614e+00 5.101661556276670694e+08 1.076042970940951360e+00
2.903526884977813971e+00 5.115136468538711071e+08 1.076235687676428743e+00
2.957616658993253544e+00 5.128962696173201799e+08 1.076436696061227938e+00
3.012714070881164385e+00 5.143139274288817048e+08 1.076646165071764027e+00
3.068837891917642224e+00 5.157666271414445639e+08 1.076864265408226329e+00
3.126007243068700259e+00 5.172547300930384398e+08 1.077091177540480116e+00
3.184241601504649744e+00 5.187786074029027224e+08 1.077327078925070847e+00
3.243560807235807975e+00 5.203385842916699052e+08 1.077572141327170163e+00
3.303985069871854918e+00 5.219349341533936262e+08 1.077826529820534507e+00
3.365534975507090909e+00 5.235678720960097909e+08 1.078090401701964574e+00
3.428231493733967294e+00 5.252375479082832932e+08 1.078363905314132065e+00
3.492095984787267682e+00 5.269440384087357521e+08 1.078647178770235637e+00
3.557150206821382277e+00 5.286873977406063676e+08 1.078940352879817821e+00
3.623416323323146226e+00 5.304679475355780125e+08 1.079243571504322707e+00
3.690916910662774608e+00 5.322860918853663802e+08 1.079556976738037966e+00
3.759674965785463563e+00 5.341421983882659674e+08 1.079880699058215487e+00
3.829713914046277257e+00 5.360365931891031265e+08 1.080214855817642761e+00
3.901057617190989202e+00 5.379695557472000122e+08 1.080559549627909677e+00
3.973730381485604202e+00 5.399413131444770098e+08 1.080914866613542857e+00
4.047756965997318268e+00 5.419520557031625509e+08 1.081280879445935428e+00
4.123162591029748469e+00 5.440021966639671326e+08 1.081657705105896428e+00
4.199972946715301525e+00 5.460923189329423904e+08 1.082045491274269411e+00
4.278214201767612579e+00 5.482229987297827005e+08 1.082444375398299519e+00
4.357913012397025554e+00 5.503947998422609568e+08 1.082854482445827937e+00
4.439096531392166867e+00 5.526082713007048368e+08 1.083275923362726711e+00
4.521792417370697592e+00 5.548639448413970470e+08 1.083708793407285098e+00
4.606028844202397998e+00 5.571623321423907280e+08 1.084153170352968543e+00
4.691834510607794329e+00 5.595039218140319586e+08 1.084609112550435350e+00
4.779238649935595440e+00 5.618891761252640486e+08 1.085076656839103704e+00
4.868271040122278848e+00 5.643185274454065561e+08 1.085555816297944842e+00
4.958962013837211913e+00 5.667923743797683716e+08 1.086046577824529180e+00
5.051342468816761411e+00 5.693110891198295355e+08 1.086548904653268588e+00
5.145443878390924652e+00 5.718752187848304510e+08 1.087062824449314569e+00
5.241298302206056192e+00 5.744854871321367025e+08 1.087588427268239455e+00
5.338938397147350301e+00 5.771426304461920261e+08 1.088125790662979098e+00
5.438397428464796235e+00 5.798473914591741562e+08 1.088674975423051139e+00
5.539709281106400596e+00 5.826005191260803938e+08 1.089236023802181430e+00
5.642908471262536807e+00 5.854027683852328062e+08 1.089808957611057449e+00
5.748030158125351008e+00 5.882548999044475555e+08 1.090393776166062478e+00
5.855110155867238042e+00 5.911576798128353357e+08 1.090990454084271644e+00
5.964184945842459840e+00 5.941118794186738729e+08 1.091598938914384309e+00
6.075291689016070862e+00 5.971182789110667706e+08 1.092219156742179287e+00
6.188468238624382778e+00 6.001777100835013390e+08 1.092851096608307593e+00
6.303753153071275150e+00 6.032910460873298645e+08 1.093494785341685427e+00
6.421185709064758385e+00 6.064591760583024025e+08 1.094150232296875247e+00
6.540805914998252923e+00 6.096830054536802769e+08 1.094817426723083909e+00
6.662654524581149929e+00 6.129634569017646313e+08 1.095496335881678274e+00
6.786773050723295064e+00 6.163014711446478367e+08 1.096186903027065895e+00
6.913203779678127603e+00 6.196980080840967894e+08 1.096889045241955962e+00
7.041989785449288775e+00 6.231540480396952629e+08 1.097602651928268669e+00
7.173174944465612768e+00 6.266705994851691723e+08 1.098327635182402506e+00
7.306803950529499936e+00 6.302487055697754622e+08 1.099063967364812822e+00
7.442922330043757917e+00 6.338894375025739670e+08 1.099811609347478569e+00
7.581576457522110069e+00 6.375938956839900017e+08 1.100570501751990449e+00
7.722813571388642551e+00 6.413632119082446098e+08 1.101340563232832581e+00
7.866681790071582192e+00 6.451985517922927141e+08 1.102121688642277997e+00
8.013230128396878982e+00 6.491011174426223040e+08 1.102913747085122020e+00
8.162508514287219796e+00 6.530721305549167395e+08 1.103716608935602972e+00
8.314567805772055564e+00 6.571127898209744692e+08 1.104530209678292740e+00
8.469459808314576676e+00 6.612243160069820881e+08 1.105354484679485605e+00
8.627237292461440887e+00 6.654079654274063110e+08 1.106189351864739878e+00
8.787954011821311084e+00 6.696650328391816616e+08 1.107034710411778589e+00
8.951664721378293166e+00 6.739968546403108835e+08 1.107890439360470047e+00
9.118425196146562328e+00 6.784048124026103020e+08 1.108756396134943811e+00
9.288292250172489162e+00 6.828903367711802721e+08 1.109632414972624659e+00
9.461323755890759912e+00 6.874549117658363581e+08 1.110518305254670324e+00
9.637578663841079418e+00 6.921000795233505964e+08 1.111413849732005632e+00
9.817117022752183786e+00 6.968274455225718021e+08 1.112318802640815507e+00
1.000000000000000000e+01 7.016386843384243250e+08 1.113232887701041562e+00
