# Reference: https://doi.org/10.1016/j.nuclphysa.2013.09.007
1.000000000000000021e-03 9.340663787975653263e-27 1.199058252628455667e+00
1.018628990244687619e-03 1.450182976953233998e-26 1.199153225870272177e+00
1.037605019766911670e-03 2.257465448030076210e-26 1.199244018570650105e+00
1.056934553557988335e-03 3.523096311261892190e-26 1.199330426760778723e+00
1.076624177045493267e-03 5.511661445118309920e-26 1.199412243617068663e+00
1.096680598336868600e-03 8.642558413421400220e-26 1.199489259771350680e+00
1.117110650504824203e-03 1.358152887277365882e-25 1.199561263659051580e+00
1.137921293915315117e-03 2.138670669558529540e-25 1.199628041908279874e+00
1.159119618598885779e-03 3.374178264270389742e-25 1.199689379772947539e+00
1.180712846666190276e-03 5.332839329137467940e-25 1.199745061613251007e+00
1.202708334768511989e-03 8.442098345036778725e-25 1.199794871427055876e+00
1.225113576604118949e-03 1.338370553702834667e-24 1.199838593435953893e+00
1.247936205471311460e-03 2.124548204139575782e-24 1.199876012730001884e+00
1.271183996869028896e-03 3.376360661818435517e-24 1.199906915975408106e+00
1.294864871145904933e-03 5.370917505051988899e-24 1.199931092189703286e+00
1.318986896198670470e-03 8.550441934408538064e-24 1.199948333589220262e+00
1.343558290220826226e-03 1.362039737415433737e-23 1.199958436514004356e+00
1.368587424502519176e-03 2.170553902171126683e-23 1.199961202435607444e+00
1.394082826282578647e-03 3.459769803649268482e-23 1.199956439053551760e+00
1.420053181653683095e-03 5.514851227198061108e-23 1.199943961486614974e+00
1.446507338521647217e-03 8.789061125876598470e-23 1.199923593565469515e+00
1.473454309619835756e-03 1.400178693983636122e-22 1.199895169233614389e+00
1.500903275579736594e-03 2.229282820505298663e-22 1.199858534063972026e+00
1.528863588058731147e-03 3.546454487164287478e-22 1.199813546898975458e+00
1.557344772926135207e-03 5.636070958045050950e-22 1.199760081622460506e+00
1.586356533508589657e-03 8.945721910272431012e-22 1.199698029072188366e+00
1.615908753895919101e-03 1.417797418917394831e-21 1.199627299102378863e+00
1.646011502308549748e-03 2.243235894799470455e-21 1.199547822806210862e+00
1.676675034527699143e-03 3.542413386234337853e-21 1.199459554908868464e+00
1.707909797389426916e-03 5.581980764196722847e-21 1.199362476342375361e+00
1.739726432343800767e-03 8.774927559353609668e-21 1.199256597014159986e+00
1.772135779080358372e-03 1.375835644056440720e-20 1.199141958782045325e+00
1.805148879221108154e-03 2.151096414322300728e-20 1.199018638649163249e+00
1.838776980082326793e-03 3.352951012187355811e-20 1.198886752193149885e+00
1.873031538506436536e-03 5.209235044569236843e-20 1.198746457244892927e+00
1.907924224765265072e-03 8.065062242866950624e-20 1.198597957833092975e+00
1.943466926536020246e-03 1.244053065197185862e-19 1.198441508411955070e+00
1.979671752951332481e-03 1.911530721818916908e-19 1.198277418390460536e+00
2.016551038724746607e-03 2.925180730137393663e-19 1.198106056982893630e+00
2.054117348353064112e-03 4.457340600451818600e-19 1.197927858401618639e+00
2.092383480396977150e-03 6.762057872029196799e-19 1.197743327414519943e+00
2.131362471841437810e-03 1.021166597630887785e-18 1.197553045291065432e+00
2.171067602537264923e-03 1.534868183109685192e-18 1.197357676162615459e+00
2.211512399725488933e-03 2.295899416700324872e-18 1.197157973824416688e+00
2.252710642645980484e-03 3.417448378009479016e-18 1.196954789008685127e+00
2.294676367231936100e-03 5.061615392907919951e-18 1.196749077160335739e+00
2.337423870891814758e-03 7.459283678613417407e-18 1.196541906749253092e+00
2.380967717380358135e-03 1.093759929141819297e-17 1.196334468155568764e+00
2.425322741760352948e-03 1.595786414278127496e-17 1.196128083167211864e+00
2.470504055456825433e-03 2.316769526769231662e-17 1.195924215132093682e+00
2.516527051405391836e-03 3.347278673169207862e-17 1.195724479810677865e+00
2.563407409296514835e-03 4.813573560791991194e-17 1.195530656978425421e+00
2.611161100917459583e-03 6.891248045542039952e-17 1.195344702831746986e+00
2.659804395593758260e-03 9.824144633474674114e-17 1.195168763255658018e+00
2.709353865732051433e-03 1.395072717942037036e-16 1.195005188016406983e+00
2.759826392466180594e-03 1.974112380868041054e-16 1.194856545947978299e+00
2.811239171408464344e-03 2.784961887654415925e-16 1.194725641207630806e+00
2.863609718508115885e-03 3.918979838975817608e-16 1.194615530682618720e+00
2.916955876018795853e-03 5.504335568515025976e-16 1.194529542638031572e+00
2.971295818577334054e-03 7.721960299211574248e-16 1.194471296704408658e+00
3.026648059395692196e-03 1.082902790704575057e-15 1.194444615223647643e+00
3.083031456568277075e-03 1.518650770022763563e-15 1.194450766416353282e+00
3.140465219496752208e-03 2.129499582792606326e-15 1.194487915503599451e+00
3.198968915434537586e-03 2.985248181092729017e-15 1.194553739369966561e+00
3.258562476153226226e-03 4.183087570035249798e-15 1.194645532585601355e+00
3.319266204733189573e-03 5.858088490113252792e-15 1.194760173541239423e+00
3.381100782480685445e-03 8.197561942319960519e-15 1.194894088161666978e+00
3.444087275973823411e-03 1.146065058422692387e-14 1.195043211069854117e+00
3.508247144239792347e-03 1.600495085692468228e-14 1.195202944075144380e+00
3.573602246065788347e-03 2.232253578341032854e-14 1.195368111861971450e+00
3.640174847446141400e-03 3.108847730961094755e-14 1.195532914760977894e+00
3.707987629168172684e-03 4.322589004009724840e-14 1.195690878492650766e+00
3.777063694539364597e-03 5.999267464412108808e-14 1.195834800785201768e+00
3.847426577258505898e-03 8.309657170180158411e-14 1.195956694784080954e+00
3.919100249433401899e-03 1.148468895344898248e-13 1.196047729190920395e+00
3.992109129748053209e-03 1.583533859429948769e-13 1.196098165095750065e+00
4.066478091781853925e-03 2.177887969713607466e-13 1.196099266710213271e+00
4.142232472483897525e-03 2.987534456088400636e-13 1.196052709496594701e+00
4.219398080805024202e-03 4.087417455056084351e-13 1.195964524440916055e+00
4.298001206490798497e-03 5.577530955350936171e-13 1.195841617042817440e+00
4.378068629038166758e-03 7.591015366375438963e-13 1.195691834330011361e+00
4.459627626819095622e-03 1.030484339984862220e-12 1.195524040287724299e+00
4.542705986374042521e-03 1.395395313959912401e-12 1.195348196904946203e+00
4.627332011878692967e-03 1.884999870279472978e-12 1.195175451424219215e+00
4.713534534786906725e-03 2.540633070511323397e-12 1.195018230473636311e+00
4.801342923653449841e-03 3.417144975522711264e-12 1.194890341867770100e+00
4.890787094139589959e-03 4.587408643612288931e-12 1.194807084991227786e+00
4.981897519205159656e-03 6.148438719379440694e-12 1.194785370827750492e+00
5.074705239490466188e-03 8.229440746687339303e-12 1.194840778096825096e+00
5.169241873891598608e-03 1.099996519808276022e-11 1.194967315461772817e+00
5.265539630332755246e-03 1.468199546030906922e-11 1.195147476753034343e+00
5.363631316739239652e-03 1.956640959303848209e-11 1.195361445894745911e+00
5.463550352214875498e-03 2.603345815956186272e-11 1.195586946986106680e+00
5.565330778427646403e-03 3.457904409347688518e-11 1.195799040394697421e+00
5.669007271207434327e-03 4.584839010727496942e-11 1.195969909379775764e+00
5.774615152359819509e-03 6.067910388480851184e-11 1.196068638398887662e+00
5.882190401699956099e-03 8.015620333698540359e-11 1.196060984714710118e+00
5.991769669310619169e-03 1.056823818079408843e-10 1.195909145474712609e+00
6.103390288028621123e-03 1.390676783077509780e-10 1.195581457959544291e+00
6.217090286163826779e-03 1.826437311658475583e-10 1.195094421448775091e+00
6.332908400455114321e-03 2.394101235280790859e-10 1.194483488920120795e+00
6.450884089267692675e-03 3.132219391503119457e-10 1.193788689941271741e+00
6.571057546036270826e-03 4.090307467300356290e-10 1.193054956035406011e+00
6.693469712958660493e-03 5.331955054046050708e-10 1.192332485969391787e+00
6.818162294944479437e-03 6.938855862102850206e-10 1.191677153895119412e+00
6.945177773823696388e-03 9.016061485381424855e-10 1.191150970096251482e+00
7.074559422819878297e-03 1.169877188469562001e-09 1.190819035919991942e+00
7.206351321293052656e-03 1.515913711711808685e-09 1.190692317951062007e+00
7.340598369757212090e-03 1.961505062598705456e-09 1.190730678331183512e+00
7.477346305177588227e-03 2.534292791913501777e-09 1.190887120216435058e+00
7.616641716552892058e-03 3.269278384856587404e-09 1.191108697675014039e+00
7.758532060787835978e-03 4.210700350593954614e-09 1.191335986632839461e+00
7.903065678861348128e-03 5.414375791059106891e-09 1.191502543475839060e+00
8.050291812295981564e-03 6.950622109134348689e-09 1.191535164182969009e+00
8.200260619934130954e-03 8.907852183382648199e-09 1.191400058117617844e+00
8.353023195026778799e-03 1.139701770619966750e-08 1.191134532637956989e+00
8.508631582640582489e-03 1.455725201271548838e-08 1.190787207186730035e+00
8.667138797389234081e-03 1.856290166408360832e-08 1.190412664041344826e+00
8.828598841495149604e-03 2.363235506936252232e-08 1.190071899633909691e+00
8.993066723187623582e-03 3.003918308803856367e-08 1.189832834543331996e+00
9.160598475443709407e-03 3.812562868194652422e-08 1.189752596274091578e+00
9.331251175078249249e-03 4.831670977680948722e-08 1.189809092048579542e+00
9.505082962189511861e-03 6.114063870480249847e-08 1.189952301209946883e+00
9.682153059967075343e-03 7.725426443419985160e-08 1.190126005111380891e+00
9.862521794868784469e-03 9.747425078179937663e-08 1.190267257590075012e+00
1.004625061717340749e-02 1.228161531439132322e-07 1.190306090754086776e+00
1.023340212191641702e-02 1.545359523867214545e-07 1.190195108095845722e+00
1.042404007021556327e-02 1.941717290506507136e-07 1.189942596047028456e+00
1.061822941099384125e-02 2.436110755147163829e-07 1.189565557592226819e+00
1.081603630310709954e-02 3.051673088279003270e-07 1.189083477857858728e+00
1.101752813788386791e-02 3.816699848439270335e-07 1.188518509252412203e+00
1.122277356208507652e-02 4.765856829753527888e-07 1.187897350865446011e+00
1.143184250129149725e-02 5.941976272325614007e-07 1.187255314004026507e+00
1.164480618372686072e-02 7.397907831503424359e-07 1.186632877693407639e+00
1.186173716452478509e-02 9.198952299562089591e-07 1.186075070033673962e+00
1.208270935044776506e-02 1.142600801085929290e-06 1.185631228188762654e+00
1.230779802506665188e-02 1.417740038900132987e-06 1.185327021581350282e+00
1.253707987440920262e-02 1.756994048447337242e-06 1.185149004457450417e+00
1.277063301308643990e-02 2.174355862481036437e-06 1.185078527819807936e+00
1.300853701090571267e-02 2.686512295002245749e-06 1.185094371226020238e+00
1.325087291997953214e-02 3.313480921681316722e-06 1.185159747465851288e+00
1.349772330233941706e-02 4.080148592820031435e-06 1.185186188468326351e+00
1.374917225806419029e-02 5.017213502343224596e-06 1.185064122588142421e+00
1.400530545393219653e-02 6.162559521617166096e-06 1.184671821625889798e+00
1.426621015260736910e-02 7.562536561095979818e-06 1.183936226884127585e+00
1.453197524236895383e-02 9.271256063722234538e-06 1.183015318139218230e+00
1.480269126739508674e-02 1.135256492284169830e-05 1.182143294179555548e+00
1.507845045861051086e-02 1.388193045310730918e-05 1.181579002665072320e+00
1.535934676510897039e-02 1.694934552767013536e-05 1.181441371950601837e+00
1.564547588616095955e-02 2.066393017467141341e-05 1.181553798416104639e+00
1.593693530381774456e-02 2.515668303510540184e-05 1.181685622596029051e+00
1.623382431612278159e-02 3.058461734988970513e-05 1.181606407752640031e+00
1.653624407094180307e-02 3.713408592805883123e-05 1.181277122721820616e+00
1.684429760042315330e-02 4.502639661293406955e-05 1.180759453643000834e+00
1.715808985610004986e-02 5.452520161307817858e-05 1.180123616031748979e+00
1.747772774464680795e-02 6.594482220243674028e-05 1.179448363574883807e+00
1.780332016430113962e-02 7.966044013023464610e-05 1.178821611687988824e+00
1.813497804196495186e-02 9.612054433150996871e-05 1.178339487073034597e+00
1.847281437099634188e-02 1.158562880133086879e-04 1.178043589545975767e+00
1.881694424970555696e-02 1.394913501394998015e-04 1.177893871326264774e+00
1.916748492056815148e-02 1.677629252023450049e-04 1.177839324061117132e+00
1.952455581016860828e-02 2.015427759192401573e-04 1.177822634369212640e+00
1.988827856988809734e-02 2.418620658895361192e-04 1.177779640767606439e+00
2.025877711735016989e-02 2.899398358651257210e-04 1.177643711691227280e+00
2.063617767863858837e-02 3.472003418072348965e-04 1.177393761085391066e+00
2.102060883130158278e-02 4.153043265794193438e-04 1.177039121928915577e+00
2.141220154815729262e-02 4.961939621693412959e-04 1.176591075115345442e+00
2.181108924191518805e-02 5.921382786294318926e-04 1.176062572398550055e+00
2.221740781062883641e-02 7.057860440629519852e-04 1.175468364195098481e+00
2.263129568399528321e-02 8.402277660166486894e-04 1.174825136685220484e+00
2.305289387051707301e-02 9.990688255385625147e-04 1.174151659450575647e+00
2.348234600554275145e-02 1.186516337929522779e-03 1.173468945133380847e+00
2.391979840020238418e-02 1.407483104742462271e-03 1.172800422895253991e+00
2.436540009125464853e-02 1.667713041209826054e-03 1.172172127804243180e+00
2.481930289186254010e-02 1.973933814475470339e-03 1.171612908695501165e+00
2.528166144331499277e-02 2.334033010564154700e-03 1.171153021100904468e+00
2.575263326771199887e-02 2.757093529105639467e-03 1.170801350328170232e+00
2.623237882163122203e-02 3.253525428257288740e-03 1.170548389113909682e+00
2.672106155079433804e-02 3.835357359579926774e-03 1.170382678062928283e+00
2.721884794575178332e-02 4.516486032604128710e-03 1.170291097332192276e+00
2.772590759860482645e-02 5.312965256776567245e-03 1.170258716233508078e+00
2.824241326078434297e-02 6.243346627583038801e-03 1.170268632899928329e+00
2.876854090190592711e-02 7.329084195985532089e-03 1.170301804049530547e+00
2.930446976972142861e-02 8.595019100361846187e-03 1.170336865067211907e+00
2.985038245118730796e-02 1.006996491729245623e-02 1.170349940859056082e+00
3.040646493467067182e-02 1.178732500496355168e-02 1.170316347628986620e+00
3.097290667331408301e-02 1.378491163073523006e-02 1.170226935838578619e+00
3.154990064958086704e-02 1.610549722704465725e-02 1.170081930313443097e+00
3.213764344100276948e-02 1.879782184405117199e-02 1.169881909905696515e+00
3.273633528715245988e-02 2.191736132862902656e-02 1.169627737364597575e+00
3.334618015786364187e-02 2.552719276972146775e-02 1.169320585591032025e+00
3.396738582272208068e-02 2.969898085705398316e-02 1.168961965643631196e+00
3.460016392185108480e-02 3.451411043212317814e-02 1.168553756608182725e+00
3.524473003801584237e-02 4.006499798570935245e-02 1.168098237452555921e+00
3.590130377007068330e-02 4.645662459544653428e-02 1.167598121001585998e+00
3.657010880777489259e-02 5.380834544357598892e-02 1.167056590180481912e+00
3.725137300800209633e-02 6.225604744289326559e-02 1.166477336691718492e+00
3.794532847236938011e-02 7.195474772079617221e-02 1.165864602309383491e+00
3.865221162631261864e-02 8.308175321503880051e-02 1.165223222997048058e+00
3.937226329963479377e-02 9.584053736082777386e-02 1.164558676080923894e+00
4.010572880855495931e-02 1.104655282640251701e-01 1.163877128418328022e+00
4.085285803928561527e-02 1.272231943209435889e-01 1.163184284283494074e+00
4.161390553316707264e-02 1.464056565567547763e-01 1.162483261711903193e+00
4.238913057338778573e-02 1.683397417577630062e-01 1.161776998437787256e+00
4.317879727332021161e-02 1.933926772102028402e-01 1.161068761627918278e+00
4.398317466650223523e-02 2.219768618539041116e-01 1.160362173080287107e+00
4.480253679829489938e-02 2.545553145658334682e-01 1.159661236202591761e+00
4.563716281924758839e-02 2.916479522728093188e-01 1.158970364916159124e+00
4.648733708020256344e-02 3.338388946990678563e-01 1.158294414647051962e+00
4.735334922917116413e-02 3.817850490424371523e-01 1.157638715584494715e+00
4.823549431001467047e-02 4.362263000730634555e-01 1.157009108407697440e+00
4.913407286296361809e-02 4.979977233754223076e-01 1.156411982706089914e+00
5.004939102700953213e-02 5.680443560900626521e-01 1.155854317972275558e+00
5.098176064420424647e-02 6.474278477245107855e-01 1.155340801687229968e+00
5.193149936590212012e-02 7.373068228903306709e-01 1.154866225162516802e+00
5.289893076098151070e-02 8.389642278765394590e-01 1.154422373703794413e+00
5.388438442608223938e-02 9.538280362603103191e-01 1.153999952824761088e+00
5.488819609789671872e-02 1.083488222760155661e+00 1.153588497780733801e+00
5.591070776755290017e-02 1.229716569401729354e+00 1.153176277541815731e+00
5.695226779712821846e-02 1.394490023446052218e+00 1.152750193183177174e+00
5.801323103833375128e-02 1.580018526294638681e+00 1.152295670748272549e+00
5.909395895340967958e-02 1.788778485201828916e+00 1.151796548738099668e+00
6.019481973827271043e-02 2.023553242269893637e+00 1.151234984567731656e+00
6.131618844795772016e-02 2.287435549955914027e+00 1.150598629589490107e+00
6.245844712439614643e-02 2.583774294922343895e+00 1.149891963287933860e+00
6.362198492657485105e-02 2.916262643013083800e+00 1.149122930175990653e+00
6.480719826311967524e-02 3.288991523482239998e+00 1.148300598652330251e+00
6.601449092734885948e-02 3.706498152990611139e+00 1.147435247663636249e+00
6.724427423484245769e-02 4.173823661943456109e+00 1.146538459575191071e+00
6.849696716357443760e-02 4.696582176656558971e+00 1.145623219953970429e+00
6.977299649665534564e-02 5.281044335087077712e+00 1.144704025092079247e+00
7.107279696773415034e-02 5.934182399497700544e+00 1.143795641038598321e+00
7.239681140910873836e-02 6.663369127872354802e+00 1.142904891995056404e+00
7.374549090259549522e-02 7.476474012990400375e+00 1.142035172750318850e+00
7.511929493320965157e-02 8.382016779751548796e+00 1.141190140736849212e+00
7.651869154570821452e-02 9.389200771158483505e+00 1.140373748112727403e+00
7.794415750404946885e-02 1.050794645127174576e+01 1.139590262351346528e+00
7.939617845382279659e-02 1.174892613932666663e+01 1.138844288324296850e+00
8.087524908770453436e-02 1.312363894960319932e+01 1.138140304216195275e+00
8.238187331399605962e-02 1.464511589700017424e+01 1.137475300728771010e+00
8.391656442830157381e-02 1.632830871626253355e+01 1.136839398480409047e+00
8.547984528840409102e-02 1.819005303764736681e+01 1.136221276222016741e+00
8.707224849239916797e-02 2.024943691313326966e+01 1.135608225098534207e+00
8.869431656014709064e-02 2.252827916947772025e+01 1.134986036513142782e+00
9.034660211810524588e-02 2.505172332746420238e+01 1.134338902352887590e+00
9.202966808760409956e-02 2.784698823902649778e+01 1.133652890120588008e+00
9.374408787662991127e-02 3.094017505589033945e+01 1.132920696360778745e+00
9.549044557518077125e-02 3.435848251189668900e+01 1.132135431224647215e+00
9.726933615426168467e-02 3.813054392990981256e+01 1.131289596029485089e+00
9.908136566858666283e-02 4.228626512881742627e+01 1.130375042806546881e+00
1.009271514630570854e-01 4.685674889992034053e+01 1.129383705674596339e+00
1.028073223830864719e-01 5.187792719942381581e+01 1.128325143805531727e+00
1.047225189888434382e-01 5.739294551050197413e+01 1.127228988541569610e+00
1.066733937734857113e-01 6.345056939360731718e+01 1.126129155691452555e+00
1.086606113854596822e-01 7.010619970842354576e+01 1.125063360483282704e+00
1.106848488549412035e-01 7.742318242973561837e+01 1.124072850251193412e+00
1.127467958244946084e-01 8.546587552889832295e+01 1.123169136586511518e+00
1.148471547840289042e-01 9.429059645197473571e+01 1.122310822319088741e+00
1.169866413101306873e-01 1.039525067085935035e+02 1.121446904142769929e+00
1.191659843098558796e-01 1.145051657344620963e+02 1.120520572044408247e+00
1.213859262690627772e-01 1.260004672425332473e+02 1.119474168837998551e+00
1.236472235053715091e-01 1.385108716901047501e+02 1.118319971804228929e+00
1.259506464258357550e-01 1.521355906035243208e+02 1.117128712066127960e+00
1.282969797894147612e-01 1.669922714076938632e+02 1.115980482429553833e+00
1.306870229743346268e-01 1.832211953791836265e+02 1.114963584311293499e+00
1.331215902504307713e-01 2.009659417314726682e+02 1.114120951508941193e+00
1.356015110565633452e-01 2.203427793621295621e+02 1.113400438243989488e+00
1.381276302832009362e-01 2.414651114356269659e+02 1.112733121260229385e+00
1.407008085602685088e-01 2.644451246974552987e+02 1.112042410841081574e+00
1.433219225503573890e-01 2.894078316148493286e+02 1.111286567856405227e+00
1.459918652473978506e-01 3.165140132079226305e+02 1.110501448521658663e+00
1.487115462808953625e-01 3.459454280118024485e+02 1.109736128428912449e+00
1.514818922258345801e-01 3.779048135766099108e+02 1.109042915817600727e+00
1.543038469183564687e-01 4.125963257257353689e+02 1.108433707701664384e+00
1.571783717773162781e-01 4.502182581473845744e+02 1.107877933313225594e+00
1.601064461318317811e-01 4.909783815522768009e+02 1.107339639932006126e+00
1.630890675549332702e-01 5.350962739678777780e+02 1.106785748156317251e+00
1.661272522034293042e-01 5.828084366425036933e+02 1.106205574909386424e+00
1.692220351641037235e-01 6.343675317173878057e+02 1.105593320463507334e+00
1.723744708063619790e-01 6.900433210296415609e+02 1.104942621312868134e+00
1.755856331414468730e-01 7.501249349530605741e+02 1.104246510036206663e+00
1.788566161883461958e-01 8.149237218054913683e+02 1.103497373112194646e+00
1.821885343465165230e-01 8.847762633004487043e+02 1.102688433849455363e+00
1.855825227755517060e-01 9.600416456158479832e+02 1.101831396705226229e+00
1.890397377819219571e-01 1.041105402604349592e+03 1.100952483821434624e+00
1.925613572129196704e-01 1.128388228681262945e+03 1.100081189559956263e+00
1.961485808579429280e-01 1.222352541559531574e+03 1.099250298593977826e+00
1.998026308572548593e-01 1.323510502244017744e+03 1.098496147134471190e+00
2.035247521183575770e-01 1.432415961647263885e+03 1.097851783509614876e+00
2.073162127401229071e-01 1.549592762756178445e+03 1.097319209817344321e+00
2.111783044448242164e-01 1.675568607855300115e+03 1.096889872321634929e+00
2.151123430182164953e-01 1.810896123511358383e+03 1.096553850331999369e+00
2.191196687578147451e-01 1.956154310133594208e+03 1.096299729127363065e+00
2.232016469295232397e-01 2.111950434676351961e+03 1.096114462324406347e+00
2.273596682327715113e-01 2.278922502859240922e+03 1.095983224759665919e+00
2.315951492743152096e-01 2.457742471378847313e+03 1.095889255823301323e+00
2.359095330508633737e-01 2.649120391843642665e+03 1.095813693338514971e+00
2.403042894406967056e-01 2.853809714423919559e+03 1.095735398277918327e+00
2.447809157044440187e-01 3.072614021453500754e+03 1.095630770853866620e+00
2.493409369951877785e-01 3.306395510746250693e+03 1.095473558821969284e+00
2.539859068780723761e-01 3.556074593326432932e+03 1.095238873139489755e+00
2.587174078595921300e-01 3.822574297388024661e+03 1.094925984417296938e+00
2.635370519267393186e-01 4.106847394347179943e+03 1.094544866918232495e+00
2.684464810961962322e-01 4.409905534724334757e+03 1.094106932956620204e+00
2.734473679737579599e-01 4.732829426344012063e+03 1.093625123614457628e+00
2.785414163241766161e-01 5.076781547378895993e+03 1.093114026713283504e+00
2.837303616516211324e-01 5.443021974435861921e+03 1.092590004041024354e+00
2.890159717909508430e-01 5.832927956127017751e+03 1.092071329086482079e+00
2.944000475100033709e-01 6.248017979464734708e+03 1.091578336771476199e+00
2.998844231231027613e-01 6.689981219619308831e+03 1.091133586952747869e+00
3.054709671159968054e-01 7.160611151314313247e+03 1.090756858032961851e+00
3.111615827824359970e-01 7.661431245671285978e+03 1.090447250265184742e+00
3.169582088726115021e-01 8.193885348137222536e+03 1.090197292024041475e+00
3.228628202536730218e-01 8.759427631627460869e+03 1.089998413818012102e+00
3.288774285825510346e-01 9.359516592505318840e+03 1.089840850718110099e+00
3.350040829913132900e-01 9.995608949817733446e+03 1.089713538143567417e+00
3.412448707852889229e-01 1.066915363944940327e+04 1.089604000940418649e+00
3.476019181541977754e-01 1.138158613874080402e+04 1.089498235718925123e+00
3.540773908965269556e-01 1.213434717048497805e+04 1.089381411389094279e+00
3.606734951574028236e-01 1.292921397018030257e+04 1.089248408607318197e+00
3.673924781802074269e-01 1.376835682263528906e+04 1.089101961398456719e+00
3.742366290721980682e-01 1.465420556057799877e+04 1.088945357481071463e+00
3.812082795843887983e-01 1.558950668087437225e+04 1.088782301646186168e+00
3.883098049059605095e-01 1.657739795969979605e+04 1.088616949205797102e+00
3.955436244734701345e-01 1.762149843387310102e+04 1.088453941863221974e+00
4.029122027951347884e-01 1.872598969059178489e+04 1.088298393891079519e+00
4.104180502904709038e-01 1.989456853111416058e+04 1.088153800030215557e+00
4.180637241455757991e-01 2.112962882084482771e+04 1.088021048797363388e+00
4.258518291843414461e-01 2.243330740883015460e+04 1.087900871463332475e+00
4.337850187558989212e-01 2.380752489044632603e+04 1.087794030739197559e+00
4.418659956385941334e-01 2.525392915153548529e+04 1.087701321998744142e+00
4.500975129608046355e-01 2.677383243183216837e+04 1.087623574547684768e+00
4.584823751389096036e-01 2.836860453391446208e+04 1.087560920586431612e+00
4.670234388327330621e-01 3.004124383501752891e+04 1.087510538726076836e+00
4.757236139187884794e-01 3.179557949242557515e+04 1.087468506278673086e+00
4.845858644816490868e-01 3.363602691315150150e+04 1.087430407343936700e+00
4.936132098237911991e-01 3.556772989984982269e+04 1.087391292541142862e+00
5.028087254942474882e-01 3.759671319828075502e+04 1.087345680092134614e+00
5.121755443364236493e-01 3.972869859005174658e+04 1.087290869349518463e+00
5.217168575554343990e-01 4.196771085089721601e+04 1.087229744348613858e+00
5.314359158053235666e-01 4.431766716889637610e+04 1.087166125888420432e+00
5.413360302965375404e-01 4.678258481312898220e+04 1.087104288633480076e+00
5.514205739240296555e-01 4.936660506077859463e+04 1.087048997276496731e+00
5.616929824163804374e-01 5.207402481191284460e+04 1.087005545377272675e+00
5.721567555063246102e-01 5.490933735338340921e+04 1.086979797116808477e+00
5.828154581230839959e-01 5.787728393530988978e+04 1.086978232234975916e+00
5.936727216069119795e-01 6.098291805412071699e+04 1.087007994454183724e+00
6.047322449462643190e-01 6.423166404579328810e+04 1.087076682083691681e+00
6.159977960380161877e-01 6.762868015853698307e+04 1.087183602998693432e+00
6.274732129711574347e-01 7.117849319973077218e+04 1.087316558649173759e+00
6.391624053343999412e-01 7.488568502237062785e+04 1.087461119781576002e+00
6.510693555481454897e-01 7.875498269861133303e+04 1.087601118803536604e+00
6.631981202212668958e-01 8.279131473737809574e+04 1.087718509656783406e+00
6.755528315331639222e-01 8.699988215523747203e+04 1.087793220929440530e+00
6.881376986415662644e-01 9.138624683394125896e+04 1.087803002775002303e+00
7.009570091165617800e-01 9.595643977168117999e+04 1.087723271410985459e+00
7.140151304013395706e-01 1.007166251346906938e+05 1.087536212411696290e+00
7.273165113001454074e-01 1.056719607635909924e+05 1.087252938820267856e+00
7.408656834939559843e-01 1.108275203928601841e+05 1.086892528719637596e+00
7.546672630843886953e-01 1.161886319392250443e+05 1.086476571994616114e+00
7.687259521663728501e-01 1.217609780347484775e+05 1.086029360112494846e+00
7.830465404301183430e-01 1.275507194314875815e+05 1.085578092637435432e+00
7.976339067929273385e-01 1.335646446934536798e+05 1.085153103399400187e+00
8.124930210614047521e-01 1.398100743712748517e+05 1.084785280284651154e+00
8.276289456246344045e-01 1.462933336448146147e+05 1.084489891545235452e+00
8.430468371788967241e-01 1.530205066531119228e+05 1.084275884192969830e+00
8.587519484845170803e-01 1.599981939453132800e+05 1.084152916061442040e+00
8.747496301554414933e-01 1.672336810948794882e+05 1.084131431366062825e+00
8.910453324821513421e-01 1.747351386018022022e+05 1.084222722036741748e+00
9.076446072885356875e-01 1.825118046921772766e+05 1.084438335620394156e+00
9.245531098233570333e-01 1.905726417018327920e+05 1.084771602278815195e+00
9.417766006869519035e-01 1.989258480820376135e+05 1.085192698717978521e+00
9.593209477938241525e-01 2.075804527362455847e+05 1.085666758128112086e+00
9.771921283717996953e-01 2.165466422952396388e+05 1.086154576460487187e+00
9.953962309984233370e-01 2.258360479695117392e+05 1.086612246345227684e+00
1.013939457675291811e+00 2.354614858147640480e+05 1.086994892264899093e+00
1.032828125941028574e+00 2.454322091550053447e+05 1.087289443329120031e+00
1.052068671023622892e+00 2.557552415710561618e+05 1.087501155749250437e+00
1.071667648032863296e+00 2.664377708861688734e+05 1.087636437866962735e+00
1.091631734193614811e+00 2.774872864009561599e+05 1.087702784410670365e+00
1.111967731120699021e+00 2.889117232723252382e+05 1.087708864323960301e+00
1.132682567136153784e+00 3.007196386719309958e+05 1.087664614680563302e+00
1.153783299629660863e+00 3.129204241930258577e+05 1.087581341331041562e+00
1.175277117462945276e+00 3.255245595025740913e+05 1.087471827041837091e+00
1.197171343418965694e+00 3.385439128533755429e+05 1.087350448024766880e+00
1.219473436696737023e+00 3.519920948047659476e+05 1.087233299918493046e+00
1.242190995452616242e+00 3.658848723835588316e+05 1.087138334477593116e+00
1.265331759388941713e+00 3.802400890148882754e+05 1.087084346059638440e+00
1.288903612390891462e+00 3.950714840057793190e+05 1.087077955397659723e+00
1.312914585212463958e+00 4.103895087606635643e+05 1.087116792867274473e+00
1.337372858212495075e+00 4.262052796320003690e+05 1.087197866761925091e+00
1.362286764141645401e+00 4.425308866544015473e+05 1.087317673712079991e+00
1.387664790981307128e+00 4.593796762607662822e+05 1.087472152299823858e+00
1.413515584835394190e+00 4.767665857488437323e+05 1.087656633297397368e+00
1.439847952876006643e+00 4.947085364736984484e+05 1.087865786364049070e+00
1.466670866343967150e+00 5.132248936754385359e+05 1.088093563043077028e+00
1.493993463605256311e+00 5.323380019726416795e+05 1.088333135912620486e+00
1.521825053264385552e+00 5.520722572495681234e+05 1.088577309490941891e+00
1.550175117335768737e+00 5.724430501469272422e+05 1.088821854391437638e+00
1.579053314474174297e+00 5.934605546245943988e+05 1.089063900500164550e+00
1.608469483265355215e+00 6.151347827921487624e+05 1.089300269856836811e+00
1.638433645577983100e+00 6.374757236266091932e+05 1.089527442011375191e+00
1.668956009978023181e+00 6.604934822824244620e+05 1.089741527736577620e+00
1.700046975206716438e+00 6.841984558671084233e+05 1.089938241119549067e+00
1.731717133723352786e+00 7.086015508949172217e+05 1.090112869972453158e+00
1.763977275314043469e+00 7.337146393954236992e+05 1.090260361391514055e+00
1.796838390767719229e+00 7.595573707827586913e+05 1.090379103069765820e+00
1.830311675620611256e+00 7.861610847230593208e+05 1.090472239954814127e+00
1.864408533970485227e+00 8.135637769792177714e+05 1.090543687493628289e+00
1.899140582361933616e+00 8.418108805221482180e+05 1.090597912209350984e+00
1.934519653744044332e+00 8.709566379459890304e+05 1.090639976852132209e+00
1.970557801501798378e+00 9.010656790382189211e+05 1.090675588831181431e+00
2.007267303562568106e+00 9.322147585247152019e+05 1.090711148257930585e+00
2.044660666579115826e+00 9.644765509478616295e+05 1.090752903670689777e+00
2.082750630190514318e+00 9.978917304150711279e+05 1.090805719992782086e+00
2.121550171362450055e+00 1.032497295419095899e+06 1.090874696612416317e+00
2.161072508808376647e+00 1.068331746087841922e+06 1.090965470259623205e+00
2.201331107493030181e+00 1.105435293704976095e+06 1.091084257318547968e+00
2.242339683219845003e+00 1.143850110082184430e+06 1.091237899427640379e+00
2.284112207303823361e+00 1.183620622948409291e+06 1.091433912685634278e+00
2.326662911331458083e+00 1.224793864341494860e+06 1.091680540822245860e+00
2.370006292009327886e+00 1.267419879919536179e+06 1.091986812739769830e+00
2.414157116103017753e+00 1.311552208172638202e+06 1.092362604886228050e+00
2.459130425468043946e+00 1.357248439734878018e+06 1.092818708983581244e+00
2.504941542174502267e+00 1.404570868833482265e+06 1.093366900179740586e+00
2.551606073727183954e+00 1.453587756304906216e+06 1.094013745680477712e+00
2.599139918382932901e+00 1.504375400324937422e+06 1.094747441199613647e+00
2.647559270567066747e+00 1.557018306575806811e+06 1.095550953636400981e+00
2.696880626390692370e+00 1.611610226776865311e+06 1.096404954321493097e+00
2.747120789270811603e+00 1.668255629198109498e+06 1.097287614920220644e+00
2.798296875655115645e+00 1.727071394326663576e+06 1.098174391898336433e+00
2.850426320853434614e+00 1.788188770010506734e+06 1.099037800320784353e+00
2.903526884977813971e+00 1.851755626434030943e+06 1.099847178172941087e+00
2.957616658993253544e+00 1.917939058607755462e+06 1.100568442903820054e+00
3.012714070881164385e+00 1.986928162725661183e+06 1.101163959133523607e+00
3.068837891917642224e+00 2.058900793130013160e+06 1.101610222672657624e+00
3.126007243068700259e+00 2.133973883111319970e+06 1.101919793514548385e+00
3.184241601504649744e+00 2.212255226285462268e+06 1.102112180690193233e+00
3.243560807235807975e+00 2.293850763987415936e+06 1.102209721938032461e+00
3.303985069871854918e+00 2.378863482256377582e+06 1.102237796678998905e+00
3.365534975507090909e+00 2.467392134925210848e+06 1.102225056744614351e+00
3.428231493733967294e+00 2.559529773896219209e+06 1.102203678083388594e+00
3.492095984787267682e+00 2.655362066661693156e+06 1.102209637390721753e+00
3.557150206821382277e+00 2.754975849295631982e+06 1.102277222263079448e+00
3.623416323323146226e+00 2.858514002352991141e+06 1.102409973247226560e+00
3.690916910662774608e+00 2.966150909890801646e+06 1.102598842822446246e+00
3.759674965785463563e+00 3.078075116714764386e+06 1.102833491225568174e+00
3.829713914046277257e+00 3.194491371641969308e+06 1.103102189117314946e+00
3.901057617190989202e+00 3.315623024850606453e+06 1.103391697597827958e+00
3.973730381485604202e+00 3.441714802282894030e+06 1.103687140870626138e+00
4.047756965997318268e+00 3.573030129070699215e+06 1.103972687081983706e+00
4.123162591029748469e+00 3.709779450344464742e+06 1.104241319669393206e+00
4.199972946715301525e+00 3.852123863570444286e+06 1.104492787556136557e+00
4.278214201767612579e+00 4.000217239572421648e+06 1.104727042657332570e+00
4.357913012397025554e+00 4.154205205953087192e+06 1.104944111533459283e+00
4.439096531392166867e+00 4.314222937439287081e+06 1.105144103279440682e+00
4.521792417370697592e+00 4.480392676911332645e+06 1.105327217999112044e+00
4.606028844202397998e+00 4.652820967348021455e+06 1.105493755903222297e+00
4.691834510607794329e+00 4.831595575384171680e+06 1.105644127071754523e+00
4.779238649935595440e+00 5.016782088145160116e+06 1.105778861924192835e+00
4.868271040122278848e+00 5.208420166602191515e+06 1.105898622444488666e+00
4.958962013837211913e+00 5.406519441006041132e+06 1.106004214210916992e+00
5.051342468816761411e+00 5.611057907796006650e+06 1.106096426179125514e+00
5.145443878390924652e+00 5.822030438110329211e+06 1.106172974531971054e+00
5.241298302206056192e+00 6.039454438895537518e+06 1.106228491714667417e+00
5.338938397147350301e+00 6.263330767417698167e+06 1.106256969103994514e+00
5.438397428464796235e+00 6.493641265320033766e+06 1.106251804699181607e+00
5.539709281106400596e+00 6.730347825601724908e+06 1.106205760194098664e+00
5.642908471262536807e+00 6.973391613644837402e+06 1.106110915799683125e+00
5.748030158125351008e+00 7.222692479228961281e+06 1.105958622816233472e+00
5.855110155867238042e+00 7.478148599778787233e+06 1.105739453980495002e+00
5.964184945842459840e+00 7.739636398312242702e+06 1.105443151643056732e+00
6.075291689016070862e+00 8.007014599536569789e+06 1.105060806960917352e+00
6.188468238624382778e+00 8.280167663809051737e+06 1.104608648902593915e+00
6.303753153071275150e+00 8.559003348911184818e+06 1.104121763600205641e+00
6.421185709064758385e+00 8.843433564177513123e+06 1.103639666928222463e+00
6.540805914998252923e+00 9.133379034775787964e+06 1.103206390093272260e+00
6.662654524581149929e+00 9.428775228567125276e+06 1.102870844434393094e+00
6.786773050723295064e+00 9.729579230829842389e+06 1.102687233253343058e+00
6.913203779678127603e+00 1.003577765618900023e+07 1.102715520736381460e+00
7.041989785449288775e+00 1.034739384090461768e+07 1.103021124917205276e+00
7.173174944465612768e+00 1.066437329166718014e+07 1.103620436317781506e+00
7.306803950529499936e+00 1.098647905209721439e+07 1.104439539384788116e+00
7.442922330043757917e+00 1.131344315658476017e+07 1.105386544051743192e+00
7.581576457522110069e+00 1.164498563211021200e+07 1.106358019970292039e+00
7.722813571388642551e+00 1.198081828198701702e+07 1.107237972450496155e+00
7.866681790071582192e+00 1.232064920025531203e+07 1.107896857736201168e+00
8.013230128396878982e+00 1.266418804533565044e+07 1.108190709438320987e+00
8.162508514287219796e+00 1.301109556366412342e+07 1.108012029472353221e+00
8.314567805772055564e+00 1.336085136007803865e+07 1.107405939743586698e+00
8.469459808314576676e+00 1.371286613793038018e+07 1.106456825029698665e+00
8.627237292461440887e+00 1.406651318840768002e+07 1.105260277704057437e+00
8.787954011821311084e+00 1.442113082902889512e+07 1.103923714708020754e+00
8.951664721378293166e+00 1.477602552658317797e+07 1.102567106659430918e+00
9.118425196146562328e+00 1.513047575181267411e+07 1.101323861616812394e+00
9.288292250172489162e+00 1.548373660878454894e+07 1.100341916527766806e+00
9.461323755890759912e+00 1.583504527638308704e+07 1.099785102343076026e+00
9.637578663841079418e+00 1.618362729272185639e+07 1.099834864930568923e+00
9.817117022752183786e+00 1.652870370558546670e+07 1.100692444307822759e+00
1.000000000000000000e+01 1.686949910341144726e+07 1.102581640745846858e+00
