# Reference: https://journals.aps.org/prc/pdf/10.1103/PhysRevC.74.025809
1.000000000000000021e-03 4.413999999999998545e+04 1.004499999999999948e+00
1.018628990244687619e-03 4.413860472979583574e+04 1.004499999999999948e+00
1.037605019766911670e-03 4.413718339262477821e+04 1.004499999999999948e+00
1.056934553557988335e-03 4.413573550009473547e+04 1.004499999999999948e+00
1.076624177045493267e-03 4.413426055461118813e+04 1.004499999999999948e+00
1.096680598336868600e-03 4.413275804920148948e+04 1.004499999999999948e+00
1.117110650504824203e-03 4.413122746733646636e+04 1.004499999999999948e+00
1.137921293915315117e-03 4.412966828274795989e+04 1.004499999999999948e+00
1.159119618598885779e-03 4.412807995924328134e+04 1.004499999999999948e+00
1.180712846666190276e-03 4.412646195051560790e+04 1.004499999999999948e+00
1.202708334768511989e-03 4.412481369995118439e+04 1.004499999999999948e+00
1.225113576604118949e-03 4.412313464043206477e+04 1.004499999999999948e+00
1.247936205471311460e-03 4.412142419413576135e+04 1.004499999999999948e+00
1.271183996869028896e-03 4.411968177233054303e+04 1.004499999999999948e+00
1.294864871145904933e-03 4.411790677516680444e+04 1.004499999999999948e+00
1.318986896198670470e-03 4.411609859146418603e+04 1.004499999999999948e+00
1.343558290220826226e-03 4.411425659849499061e+04 1.004499999999999948e+00
1.368587424502519176e-03 4.411238016176263773e+04 1.004499999999999948e+00
1.394082826282578647e-03 4.411046863477678562e+04 1.004499999999999948e+00
1.420053181653683095e-03 4.410852135882289440e+04 1.004499999999999948e+00
1.446507338521647217e-03 4.410653766272786015e+04 1.004499999999999948e+00
1.473454309619835756e-03 4.410451686262105795e+04 1.004499999999999948e+00
1.500903275579736594e-03 4.410245826169101201e+04 1.004499999999999948e+00
1.528863588058731147e-03 4.410036114993572846e+04 1.004499999999999948e+00
1.557344772926135207e-03 4.409822480391066347e+04 1.004499999999999948e+00
1.586356533508589657e-03 4.409604848646881146e+04 1.004499999999999948e+00
1.615908753895919101e-03 4.409383144649841415e+04 1.004499999999999948e+00
1.646011502308549748e-03 4.409157291865282605e+04 1.004499999999999948e+00
1.676675034527699143e-03 4.408927212307777518e+04 1.004499999999999948e+00
1.707909797389426916e-03 4.408692826513068576e+04 1.004499999999999948e+00
1.739726432343800767e-03 4.408454053509594814e+04 1.004499999999999948e+00
1.772135779080358372e-03 4.408210810789436073e+04 1.004499999999999948e+00
1.805148879221108154e-03 4.407963014278629271e+04 1.004499999999999948e+00
1.838776980082326793e-03 4.407710578306890238e+04 1.004499999999999948e+00
1.873031538506436536e-03 4.407453415576843690e+04 1.004499999999999948e+00
1.907924224765265072e-03 4.407191437132488500e+04 1.004499999999999948e+00
1.943466926536020246e-03 4.406924552327122365e+04 1.004499999999999948e+00
1.979671752951332481e-03 4.406652668790605094e+04 1.004499999999999948e+00
2.016551038724746607e-03 4.406375692395964143e+04 1.004499999999999948e+00
2.054117348353064112e-03 4.406093527225353318e+04 1.004499999999999948e+00
2.092383480396977150e-03 4.405806075535258424e+04 1.004499999999999948e+00
2.131362471841437810e-03 4.405513237721111363e+04 1.004499999999999948e+00
2.171067602537264923e-03 4.405214912281100987e+04 1.004499999999999948e+00
2.211512399725488933e-03 4.404910995779284713e+04 1.004499999999999948e+00
2.252710642645980484e-03 4.404601382807972550e+04 1.004499999999999948e+00
2.294676367231936100e-03 4.404285965949381352e+04 1.004499999999999948e+00
2.337423870891814758e-03 4.403964635736361379e+04 1.004499999999999948e+00
2.380967717380358135e-03 4.403637280612590257e+04 1.004499999999999948e+00
2.425322741760352948e-03 4.403303786891651544e+04 1.004499999999999948e+00
2.470504055456825433e-03 4.402964038715588686e+04 1.004499999999999948e+00
2.516527051405391836e-03 4.402617940681431355e+04 1.004499999999999948e+00
2.563407409296514835e-03 4.402265638100019714e+04 1.004499999999999948e+00
2.611161100917459583e-03 4.401907100769234967e+04 1.004499999999999948e+00
2.659804395593758260e-03 4.401542224809111212e+04 1.004499999999999948e+00
2.709353865732051433e-03 4.401170904861370218e+04 1.004499999999999948e+00
2.759826392466180594e-03 4.400793034078914206e+04 1.004499999999999948e+00
2.811239171408464344e-03 4.400408504115628602e+04 1.004499999999999948e+00
2.863609718508115885e-03 4.400017205116622790e+04 1.004499999999999948e+00
2.916955876018795853e-03 4.399619025709068956e+04 1.004499999999999948e+00
2.971295818577334054e-03 4.399213852993441833e+04 1.004499999999999948e+00
3.026648059395692196e-03 4.398801572535433661e+04 1.004499999999999948e+00
3.083031456568277075e-03 4.398382068358313700e+04 1.004499999999999948e+00
3.140465219496752208e-03 4.397955222936117934e+04 1.004499999999999948e+00
3.198968915434537586e-03 4.397520917187274608e+04 1.004499999999999948e+00
3.258562476153226226e-03 4.397079030469196732e+04 1.004499999999999948e+00
3.319266204733189573e-03 4.396629440573416650e+04 1.004499999999999948e+00
3.381100782480685445e-03 4.396172023721603910e+04 1.004499999999999948e+00
3.444087275973823411e-03 4.395706654562523181e+04 1.004499999999999948e+00
3.508247144239792347e-03 4.395233199574823084e+04 1.004499999999999948e+00
3.573602246065788347e-03 4.394751024825707282e+04 1.004499999999999948e+00
3.640174847446141400e-03 4.394259651307886816e+04 1.004499999999999948e+00
3.707987629168172684e-03 4.393758899610050867e+04 1.004499999999999948e+00
3.777063694539364597e-03 4.393248586681032612e+04 1.004499999999999948e+00
3.847426577258505898e-03 4.392728525751127017e+04 1.004499999999999948e+00
3.919100249433401899e-03 4.392198526251550356e+04 1.004499999999999948e+00
3.992109129748053209e-03 4.391658393731871911e+04 1.004499999999999948e+00
4.066478091781853925e-03 4.391107929775652883e+04 1.004499999999999948e+00
4.142232472483897525e-03 4.390546931914021116e+04 1.004499999999999948e+00
4.219398080805024202e-03 4.389975193537113955e+04 1.004499999999999948e+00
4.298001206490798497e-03 4.389392503803464206e+04 1.004499999999999948e+00
4.378068629038166758e-03 4.388798647547254222e+04 1.004499999999999948e+00
4.459627626819095622e-03 4.388193405183249706e+04 1.004499999999999948e+00
4.542705986374042521e-03 4.387576734252146707e+04 1.004499999999999948e+00
4.627332011878692967e-03 4.386949475664387865e+04 1.004499999999999948e+00
4.713534534786906725e-03 4.386311637190834881e+04 1.004499999999999948e+00
4.801342923653449841e-03 4.385663062831557909e+04 1.004499999999999948e+00
4.890787094139589959e-03 4.385003595199787378e+04 1.004499999999999948e+00
4.981897519205159656e-03 4.384333075551861111e+04 1.004499999999999948e+00
5.074705239490466188e-03 4.383651343819664908e+04 1.004499999999999948e+00
5.169241873891598608e-03 4.382958238645820529e+04 1.004499999999999948e+00
5.265539630332755246e-03 4.382253597421634186e+04 1.004499999999999948e+00
5.363631316739239652e-03 4.381537256328098010e+04 1.004499999999999948e+00
5.463550352214875498e-03 4.380809050379857945e+04 1.004499999999999948e+00
5.565330778427646403e-03 4.380068387525907019e+04 1.004499999999999948e+00
5.669007271207434327e-03 4.379313528363210207e+04 1.004499999999999948e+00
5.774615152359819509e-03 4.378544053614170116e+04 1.004499999999999948e+00
5.882190401699956099e-03 4.377759670548908616e+04 1.004499999999999948e+00
5.991769669310619169e-03 4.376960080235344503e+04 1.004499999999999948e+00
6.103390288028621123e-03 4.376144977396501054e+04 1.004499999999999948e+00
6.217090286163826779e-03 4.375314050264457182e+04 1.004499999999999948e+00
6.332908400455114321e-03 4.374466980430504918e+04 1.004499999999999948e+00
6.450884089267692675e-03 4.373603442691446253e+04 1.004499999999999948e+00
6.571057546036270826e-03 4.372723610188511520e+04 1.004499999999999948e+00
6.693469712958660493e-03 4.371829372858330316e+04 1.004499999999999948e+00
6.818162294944479437e-03 4.370920790891924844e+04 1.004499999999999948e+00
6.945177773823696388e-03 4.369997682668892230e+04 1.004499999999999948e+00
7.074559422819878297e-03 4.369059866328063799e+04 1.004499999999999948e+00
7.206351321293052656e-03 4.368107159877193044e+04 1.004499999999999948e+00
7.340598369757212090e-03 4.367139381308668089e+04 1.004499999999999948e+00
7.477346305177588227e-03 4.366156348721732502e+04 1.004499999999999948e+00
7.616641716552892058e-03 4.365156521845433599e+04 1.004499999999999948e+00
7.758532060787835978e-03 4.364137122323449876e+04 1.004499999999999948e+00
7.903065678861348128e-03 4.363097696593673027e+04 1.004499999999999948e+00
8.050291812295981564e-03 4.362037833525027963e+04 1.004499999999999948e+00
8.200260619934130954e-03 4.360957112947460701e+04 1.004499999999999948e+00
8.353023195026778799e-03 4.359855105434793950e+04 1.004499999999999948e+00
8.508631582640582489e-03 4.358731379533113795e+04 1.004499999999999726e+00
8.667138797389234081e-03 4.357588257484402129e+04 1.004499999999999726e+00
8.828598841495149604e-03 4.356427717024372396e+04 1.004499999999999726e+00
8.993066723187623582e-03 4.355249576408556459e+04 1.004499999999999948e+00
9.160598475443709407e-03 4.354053655712810723e+04 1.004500000000000171e+00
9.331251175078249249e-03 4.352839777054652950e+04 1.004500000000000393e+00
9.505082962189511861e-03 4.351607762257497961e+04 1.004500000000000837e+00
9.682153059967075343e-03 4.350354149235600198e+04 1.004500000000000837e+00
9.862521794868784469e-03 4.349075595949363196e+04 1.004500000000000615e+00
1.004625061717340749e-02 4.347771579796652804e+04 1.004499999999999726e+00
1.023340212191641702e-02 4.346441566356526891e+04 1.004499999999998172e+00
1.042404007021556327e-02 4.345085009096317663e+04 1.004499999999996174e+00
1.061822941099384125e-02 4.343702706773873797e+04 1.004499999999994175e+00
1.081603630310709954e-02 4.342299712720014213e+04 1.004499999999995508e+00
1.101752813788386791e-02 4.340876418888645276e+04 1.004500000000000615e+00
1.122277356208507652e-02 4.339432660961091460e+04 1.004500000000009496e+00
1.143184250129149725e-02 4.337968279304383032e+04 1.004500000000022819e+00
1.164480618372686072e-02 4.336481385474171111e+04 1.004500000000033921e+00
1.186173716452478509e-02 4.334966215692831611e+04 1.004500000000021265e+00
1.208270935044776506e-02 4.333421816827924340e+04 1.004499999999982185e+00
1.230779802506665188e-02 4.331847608168390434e+04 1.004499999999915349e+00
1.253707987440920262e-02 4.330242997013412241e+04 1.004499999999821425e+00
1.277063301308643990e-02 4.328607383366665454e+04 1.004499999999826976e+00
1.300853701090571267e-02 4.326940152636948915e+04 1.004500000000009496e+00
1.325087291997953214e-02 4.325240674571170530e+04 1.004500000000379423e+00
1.349772330233941706e-02 4.323508305731797009e+04 1.004500000000946969e+00
1.374917225806419029e-02 4.321747468684177147e+04 1.004500000001053550e+00
1.400530545393219653e-02 4.319963135122781387e+04 1.004499999999965087e+00
1.426621015260736910e-02 4.318155206404553610e+04 1.004499999997614745e+00
1.453197524236895383e-02 4.316323501574392139e+04 1.004499999993996306e+00
1.480269126739508674e-02 4.314459960756897635e+04 1.004499999994603154e+00
1.507845045861051086e-02 4.312558869563409098e+04 1.004500000003306415e+00
1.535934676510897039e-02 4.310619426522745198e+04 1.004500000020561279e+00
1.564547588616095955e-02 4.308642083300603554e+04 1.004500000039088903e+00
1.593693530381774456e-02 4.306633652039380831e+04 1.004500000012701344e+00
1.623382431612278159e-02 4.304595017525085132e+04 1.004499999931198984e+00
1.653624407094180307e-02 4.302525878617836861e+04 1.004499999791500953e+00
1.684429760042315330e-02 4.300425937890778005e+04 1.004499999590392045e+00
1.715808985610004986e-02 4.298294470958175225e+04 1.004499999366831320e+00
1.747772774464680795e-02 4.296128547824418638e+04 1.004499999376779584e+00
1.780332016430113962e-02 4.293927275460553938e+04 1.004499999676908173e+00
1.813497804196495186e-02 4.291690176578133105e+04 1.004500000283527594e+00
1.847281437099634188e-02 4.289416771445241466e+04 1.004500001213663118e+00
1.881694424970555696e-02 4.287106578063819325e+04 1.004500002485082311e+00
1.916748492056815148e-02 4.284758908003847318e+04 1.004500003854046808e+00
1.952455581016860828e-02 4.282371884947040235e+04 1.004500003554001486e+00
1.988827856988809734e-02 4.279944676763557800e+04 1.004500001158981082e+00
2.025877711735016989e-02 4.277476689946725674e+04 1.004499996551386776e+00
2.063617767863858837e-02 4.274967325440625427e+04 1.004499989608474975e+00
2.102060883130158278e-02 4.272415978726327739e+04 1.004499980202148812e+00
2.141220154815729262e-02 4.269822039915931236e+04 1.004499968198744542e+00
2.181108924191518805e-02 4.267184893854644906e+04 1.004499953458808159e+00
2.221740781062883641e-02 4.264503920231456141e+04 1.004499935836861813e+00
2.263129568399528321e-02 4.261778529916800471e+04 1.004499915886046590e+00
2.305289387051707301e-02 4.259008625840415334e+04 1.004499903833139474e+00
2.348234600554275145e-02 4.256193780924545717e+04 1.004499903587554366e+00
2.391979840020238418e-02 4.253333397238351608e+04 1.004499915821708056e+00
2.436540009125464853e-02 4.250426874107281037e+04 1.004499941237558813e+00
2.481930289186254010e-02 4.247473608345761022e+04 1.004499980567796991e+00
2.528166144331499277e-02 4.244472994503399241e+04 1.004500034577080925e+00
2.575263326771199887e-02 4.241424425124841946e+04 1.004500104063322130e+00
2.623237882163122203e-02 4.238327291024254373e+04 1.004500189859019343e+00
2.672106155079433804e-02 4.235180981574612088e+04 1.004500292832644082e+00
2.721884794575178332e-02 4.231984885012552695e+04 1.004500413890081933e+00
2.772590759860482645e-02 4.228738460034468153e+04 1.004500542622436043e+00
2.824241326078434297e-02 4.225441648940352025e+04 1.004500591454468461e+00
2.876854090190592711e-02 4.222093988724144583e+04 1.004500537216009848e+00
2.930446976972142861e-02 4.218694907772768056e+04 1.004500374076802593e+00
2.985038245118730796e-02 4.215243836798955454e+04 1.004500095950971783e+00
3.040646493467067182e-02 4.211740209313125524e+04 1.004499696486741867e+00
3.097290667331408301e-02 4.208183462117223826e+04 1.004499169055751207e+00
3.154990064958086704e-02 4.204573035821282974e+04 1.004498506741955177e+00
3.213764344100276948e-02 4.200908375383554812e+04 1.004497702330098718e+00
3.273633528715245988e-02 4.197188930674990115e+04 1.004496748293741248e+00
3.334618015786364187e-02 4.193414157068935310e+04 1.004495636782821499e+00
3.396738582272208068e-02 4.189583516056875669e+04 1.004494359610738963e+00
3.460016392185108480e-02 4.185696475891128648e+04 1.004492908240938620e+00
3.524473003801584237e-02 4.181752426612756244e+04 1.004491335226885163e+00
3.590130377007068330e-02 4.177749948472323013e+04 1.004490280449363615e+00
3.657010880777489259e-02 4.173688240359153860e+04 1.004489947526042259e+00
3.725137300800209633e-02 4.169566736976175889e+04 1.004490377787845556e+00
3.794532847236938011e-02 4.165384880720091314e+04 1.004491614386003873e+00
3.865221162631261864e-02 4.161142122408730211e+04 1.004493702365704788e+00
3.937226329963479377e-02 4.156837922038992110e+04 1.004496688742635646e+00
4.010572880855495931e-02 4.152471749576520961e+04 1.004500622582531033e+00
4.085285803928561527e-02 4.148043085778013483e+04 1.004505555083841539e+00
4.161390553316707264e-02 4.143551423047479329e+04 1.004511539663648145e+00
4.238913057338778573e-02 4.138996266327189369e+04 1.004518632046946358e+00
4.317879727332021161e-02 4.134377134024761472e+04 1.004526890359438207e+00
4.398317466650223523e-02 4.129693558977315115e+04 1.004536375223963107e+00
4.480253679829489938e-02 4.124945089453967375e+04 1.004547149860717026e+00
4.563716281924758839e-02 4.120130548463686137e+04 1.004558603671387607e+00
4.648733708020256344e-02 4.115247706577022473e+04 1.004569148535912948e+00
4.735334922917116413e-02 4.110295955916059756e+04 1.004578656603470677e+00
4.823549431001467047e-02 4.105274774330937362e+04 1.004587062147376697e+00
4.913407286296361809e-02 4.100183655099411408e+04 1.004594296474202508e+00
5.004939102700953213e-02 4.095022107989044889e+04 1.004600287803547376e+00
5.098176064420424647e-02 4.089789660360200651e+04 1.004604961143191311e+00
5.193149936590212012e-02 4.084485858311557240e+04 1.004608238159455880e+00
5.289893076098151070e-02 4.079110267869239033e+04 1.004610037042599879e+00
5.388438442608223938e-02 4.073662476220740791e+04 1.004610272367066015e+00
5.488819609789671872e-02 4.068142092995285202e+04 1.004608854946392960e+00
5.591070776755290017e-02 4.062549454239476472e+04 1.004606498057891484e+00
5.695226779712821846e-02 4.056885334980756306e+04 1.004604390991376217e+00
5.801323103833375128e-02 4.051149525507253566e+04 1.004602562289690137e+00
5.909395895340967958e-02 4.045341837240837049e+04 1.004601029080698371e+00
6.019481973827271043e-02 4.039462115002513019e+04 1.004599809260662724e+00
6.131618844795772016e-02 4.033510238732978905e+04 1.004598921525491129e+00
6.245844712439614643e-02 4.027486125274221558e+04 1.004598385403212113e+00
6.362198492657485105e-02 4.021389730214619340e+04 1.004598221287717585e+00
6.480719826311967524e-02 4.015221049798837339e+04 1.004598450473827898e+00
6.601449092734885948e-02 4.008976762430138479e+04 1.004598923513200681e+00
6.724427423484245769e-02 4.002650613171684381e+04 1.004599338466050762e+00
6.849696716357443760e-02 3.996242108458408620e+04 1.004599685180642465e+00
6.977299649665534564e-02 3.989750905981813412e+04 1.004599959528890807e+00
7.107279696773415034e-02 3.983176694734430930e+04 1.004600157198390908e+00
7.239681140910873836e-02 3.976519196673033002e+04 1.004600273684946421e+00
7.374549090259549522e-02 3.969778168439218280e+04 1.004600304284807955e+00
7.511929493320965157e-02 3.962953434080079023e+04 1.004600244493913719e+00
7.651869154570821452e-02 3.956049738013480965e+04 1.004600153973482568e+00
7.794415750404946885e-02 3.949070807011404395e+04 1.004600078644217298e+00
7.939617845382279659e-02 3.942016998676430376e+04 1.004600019423788071e+00
8.087524908770453436e-02 3.934888731620879844e+04 1.004599977270827393e+00
8.238187331399605962e-02 3.927686488135715626e+04 1.004599953186591454e+00
8.391656442830157381e-02 3.920410816948697175e+04 1.004599948216685634e+00
8.547984528840409102e-02 3.913061706923576276e+04 1.004599962322218376e+00
8.707224849239916797e-02 3.905630024301159574e+04 1.004599978948324202e+00
8.869431656014709064e-02 3.898112631404629064e+04 1.004599992134640019e+00
9.034660211810524588e-02 3.890509656463849387e+04 1.004600001676085208e+00
9.202966808760409956e-02 3.882821282517624059e+04 1.004600007358456670e+00
9.374408787662991127e-02 3.875047749853474670e+04 1.004600008958058455e+00
9.549044557518077125e-02 3.867189603575128422e+04 1.004600006443959304e+00
9.726933615426168467e-02 3.859251706690956780e+04 1.004600003302899003e+00
9.908136566858666283e-02 3.851236414636536938e+04 1.004600000905841339e+00
1.009271514630570854e-01 3.843144552302368538e+04 1.004599999296824642e+00
1.028073223830864719e-01 3.834977027460627141e+04 1.004599998521843007e+00
1.047225189888434382e-01 3.826734834120573942e+04 1.004599998628924684e+00
1.066733937734857113e-01 3.818416362608530471e+04 1.004599999264344623e+00
1.086606113854596822e-01 3.810018009689763858e+04 1.004599999759412166e+00
1.106848488549412035e-01 3.801540603334970365e+04 1.004600000094052703e+00
1.127467958244946084e-01 3.792985132757271640e+04 1.004600000258897730e+00
1.148471547840289042e-01 3.784352677651616250e+04 1.004600000244164848e+00
1.169866413101306873e-01 3.775640641115603648e+04 1.004600000130072113e+00
1.191659843098558796e-01 3.766845064104716585e+04 1.004600000032327634e+00
1.213859262690627772e-01 3.757966856721800286e+04 1.004599999952496381e+00
1.236472235053715091e-01 3.749007040777992370e+04 1.004599999891654161e+00
1.259506464258357550e-01 3.739967312961964490e+04 1.004599999857022752e+00
1.282969797894147612e-01 3.730854122033719614e+04 1.004599999904830954e+00
1.306870229743346268e-01 3.721670301967226987e+04 1.004600000052790376e+00
1.331215902504307713e-01 3.712417621655318362e+04 1.004600000306499430e+00
1.356015110565633452e-01 3.703097566576073586e+04 1.004600000648862235e+00
1.381276302832009362e-01 3.693702464648332534e+04 1.004600000534608961e+00
1.407008085602685088e-01 3.684229827753244899e+04 1.004599999701383917e+00
1.433219225503573890e-01 3.674681229140851065e+04 1.004599998108836267e+00
1.459918652473978506e-01 3.665058069729226554e+04 1.004599996082448543e+00
1.487115462808953625e-01 3.655359014660829416e+04 1.004599997622756202e+00
1.514818922258345801e-01 3.645584965775690944e+04 1.004600004043839867e+00
1.543038469183564687e-01 3.635737766605096840e+04 1.004600015619085740e+00
1.571783717773162781e-01 3.625820724332887767e+04 1.004600022296110229e+00
1.601064461318317811e-01 3.615839257185396127e+04 1.004599998579305931e+00
1.630890675549332702e-01 3.605795960488724086e+04 1.004599941638947502e+00
1.661272522034293042e-01 3.595693438709588372e+04 1.004599849623362351e+00
1.692220351641037235e-01 3.585534447871484736e+04 1.004599720600028556e+00
1.723744708063619790e-01 3.575317434223532473e+04 1.004599609315211417e+00
1.755856331414468730e-01 3.565034227209594246e+04 1.004599657481687780e+00
1.788566161883461958e-01 3.554686824517913192e+04 1.004599880584221783e+00
1.821885343465165230e-01 3.544277851515789371e+04 1.004600288426547694e+00
1.855825227755517060e-01 3.533810085565286136e+04 1.004600891241261396e+00
1.890397377819219571e-01 3.523286461363686976e+04 1.004601699707081686e+00
1.925613572129196704e-01 3.512707424423316115e+04 1.004602360212046408e+00
1.961485808579429280e-01 3.502068960900873208e+04 1.004601876752926115e+00
1.998026308572548593e-01 3.491373655048992805e+04 1.004600130353054288e+00
2.035247521183575770e-01 3.480624628305358056e+04 1.004597050337723507e+00
2.073162127401229071e-01 3.469825171077123377e+04 1.004592562948285694e+00
2.111783044448242164e-01 3.458978748588137387e+04 1.004586591218961544e+00
2.151123430182164953e-01 3.448089006925500144e+04 1.004579054848958153e+00
2.191196687578147451e-01 3.437159779296236957e+04 1.004569870069717430e+00
2.232016469295232397e-01 3.426195092505827779e+04 1.004558949507123433e+00
2.273596682327715113e-01 3.415195287262294005e+04 1.004546664917051135e+00
2.315951492743152096e-01 3.404146195699508826e+04 1.004535148480558471e+00
2.359095330508633737e-01 3.393049056850359193e+04 1.004524736118330930e+00
2.403042894406967056e-01 3.381907555343182321e+04 1.004515497942158886e+00
2.447809157044440187e-01 3.370725562948115112e+04 1.004507507236431341e+00
2.493409369951877785e-01 3.359507144944606262e+04 1.004500840588062882e+00
2.539859068780723761e-01 3.348256566716409725e+04 1.004495578021576518e+00
2.587174078595921300e-01 3.336978300587862759e+04 1.004491803139546224e+00
2.635370519267393186e-01 3.325677032916144526e+04 1.004489603268613029e+00
2.684464810961962322e-01 3.314357671455841773e+04 1.004489069611296026e+00
2.734473679737579599e-01 3.303025353013417771e+04 1.004490297403834331e+00
2.785414163241766161e-01 3.291678729270253825e+04 1.004492849050104164e+00
2.837303616516211324e-01 3.280302874303664430e+04 1.004495175738958412e+00
2.890159717909508430e-01 3.268901063111092299e+04 1.004497153928896713e+00
2.944000475100033709e-01 3.257478083010187402e+04 1.004498762390082289e+00
2.998844231231027613e-01 3.246038944454846933e+04 1.004499978943355076e+00
3.054709671159968054e-01 3.234588888679008232e+04 1.004500780421778705e+00
3.111615827824359970e-01 3.223133395651634419e+04 1.004501142630699562e+00
3.169582088726115021e-01 3.211678192364624192e+04 1.004501040306257975e+00
3.228628202536730218e-01 3.200229261477195905e+04 1.004500447072292246e+00
3.288774285825510346e-01 3.188787874623497191e+04 1.004499542886075680e+00
3.350040829913132900e-01 3.177342476707521928e+04 1.004499057765208425e+00
3.412448707852889229e-01 3.165897245607015793e+04 1.004499082533708565e+00
3.476019181541977754e-01 3.154458129532247040e+04 1.004499646204596086e+00
3.540773908965269556e-01 3.143031338855084323e+04 1.004500779066110461e+00
3.606734951574028236e-01 3.131623355411833109e+04 1.004502512733217667e+00
3.673924781802074269e-01 3.120240942240991353e+04 1.004504880201131378e+00
3.742366290721980682e-01 3.108891153789617601e+04 1.004507915900926918e+00
3.812082795843887983e-01 3.097566332008024256e+04 1.004510114572744417e+00
3.883098049059605095e-01 3.086250431707793905e+04 1.004509053612676395e+00
3.955436244734701345e-01 3.074949468536228960e+04 1.004504523561477791e+00
4.029122027951347884e-01 3.063669957167040775e+04 1.004496330130261850e+00
4.104180502904709038e-01 3.052418693209089543e+04 1.004484270577230332e+00
4.180637241455757991e-01 3.041202763428595063e+04 1.004468133373898731e+00
4.258518291843414461e-01 3.030029470083978231e+04 1.004447745824417648e+00
4.337850187558989212e-01 3.018897618423463064e+04 1.004427835389623214e+00
4.418659956385941334e-01 3.007808820400924378e+04 1.004411804431602606e+00
4.500975129608046355e-01 2.996770749791268827e+04 1.004399884846362001e+00
4.584823751389096036e-01 2.985791404161055834e+04 1.004392318900903858e+00
4.670234388327330621e-01 2.974879117368704465e+04 1.004389359661342018e+00
4.757236139187884794e-01 2.964042428031768941e+04 1.004391252256144451e+00
4.845858644816490868e-01 2.953265510577387249e+04 1.004394963933383345e+00
4.936132098237911991e-01 2.942538206739499947e+04 1.004398132064073135e+00
5.028087254942474882e-01 2.931868326136137694e+04 1.004400723476214008e+00
5.121755443364236493e-01 2.921264007684354146e+04 1.004402703514101436e+00
5.217168575554343990e-01 2.910733732554064773e+04 1.004404035978276211e+00
5.314359158053235666e-01 2.900286337863172230e+04 1.004404683063155890e+00
5.413360302965375404e-01 2.889931031176032775e+04 1.004404605292255503e+00
5.514205739240296555e-01 2.879676946615270936e+04 1.004403770423706987e+00
5.616929824163804374e-01 2.869504451538422654e+04 1.004402716441676224e+00
5.721567555063246102e-01 2.859404662700335757e+04 1.004401784371579787e+00
5.828154581230839959e-01 2.849386189262991320e+04 1.004400981806966353e+00
5.936727216069119795e-01 2.839458003361275405e+04 1.004400316683039529e+00
6.047322449462643190e-01 2.829629455236972717e+04 1.004399797290558505e+00
6.159977960380161877e-01 2.819910289299686701e+04 1.004399432290280947e+00
6.274732129711574347e-01 2.810310661193621854e+04 1.004399230727971881e+00
6.391624053343999412e-01 2.800841155956517105e+04 1.004399202049996997e+00
6.510693555481454897e-01 2.791512584285673074e+04 1.004399355236188729e+00
6.631981202212668958e-01 2.782303249168790717e+04 1.004399568676617172e+00
6.755528315331639222e-01 2.773199539032221583e+04 1.004399749757498350e+00
6.881376986415662644e-01 2.764211231597928418e+04 1.004399896509580392e+00
7.009570091165617800e-01 2.755348522153247541e+04 1.004400006875544982e+00
7.140151304013395706e-01 2.746622042427449924e+04 1.004400078706435329e+00
7.273165113001454074e-01 2.738042880712791157e+04 1.004400109757944692e+00
7.408656834939559843e-01 2.729622603338236877e+04 1.004400097686560134e+00
7.546672630843886953e-01 2.721370012919673172e+04 1.004400044152157889e+00
7.687259521663728501e-01 2.713255098612250731e+04 1.004400000387572822e+00
7.830465404301183430e-01 2.705275697100831167e+04 1.004399983604566282e+00
7.976339067929273385e-01 2.697442639071307713e+04 1.004399995351078267e+00
8.124930210614047521e-01 2.689767228169586451e+04 1.004400037243196486e+00
8.276289456246344045e-01 2.682261263911793503e+04 1.004400110967904158e+00
8.430468371788967241e-01 2.674937066180853799e+04 1.004400218285935065e+00
8.587519484845170803e-01 2.667799632504298279e+04 1.004400333563242098e+00
8.747496301554414933e-01 2.660823246720297902e+04 1.004400321441561550e+00
8.910453324821513421e-01 2.654014454381993710e+04 1.004400156349227746e+00
9.076446072885356875e-01 2.647385295254312587e+04 1.004399829692657953e+00
9.245531098233570333e-01 2.640948349341702851e+04 1.004399332502262876e+00
9.417766006869519035e-01 2.634716764784722182e+04 1.004398655417332975e+00
9.593209477938241525e-01 2.628695457109568451e+04 1.004397959249345940e+00
9.771921283717996953e-01 2.622850305533607752e+04 1.004398173820005624e+00
9.953962309984233370e-01 2.617186269925626402e+04 1.004399491164210234e+00
1.013939457675291811e+00 2.611715739590831436e+04 1.004401973149543492e+00
1.032828125941028574e+00 2.606451672283537846e+04 1.004405684354397366e+00
1.052068671023622892e+00 2.601407624426413167e+04 1.004410692177624131e+00
1.071667648032863296e+00 2.596597783525270643e+04 1.004417066952509874e+00
1.091631734193614811e+00 2.592037002974682764e+04 1.004424882065241942e+00
1.111967731120699021e+00 2.587740839468691775e+04 1.004434214078047782e+00
1.132682567136153784e+00 2.583717657064665764e+04 1.004445013917439233e+00
1.153783299629660863e+00 2.579897115211617711e+04 1.004455941781977169e+00
1.175277117462945276e+00 2.576268101926884265e+04 1.004466605135239776e+00
1.197171343418965694e+00 2.572842930795458960e+04 1.004476981431786209e+00
1.219473436696737023e+00 2.569634498178949434e+04 1.004487047043507220e+00
1.242190995452616242e+00 2.566656314957941140e+04 1.004496777214584302e+00
1.265331759388941713e+00 2.563922540554747320e+04 1.004506146014681356e+00
1.288903612390891462e+00 2.561448019435645256e+04 1.004515126290300708e+00
1.312914585212463958e+00 2.559248320311103816e+04 1.004523689614237547e+00
1.337372858212495075e+00 2.557339778273960474e+04 1.004531806233055935e+00
1.362286764141645401e+00 2.555739540139036035e+04 1.004539445012514021e+00
1.387664790981307128e+00 2.554450894188624807e+04 1.004546879123126901e+00
1.413515584835394190e+00 2.553400839737401475e+04 1.004555984986066797e+00
1.439847952876006643e+00 2.552587696800538833e+04 1.004567177079154883e+00
1.466670866343967150e+00 2.552025270198203725e+04 1.004580566407005549e+00
1.493993463605256311e+00 2.551728046887405435e+04 1.004596268771022594e+00
1.521825053264385552e+00 2.551711235244330601e+04 1.004614404963231733e+00
1.550175117335768737e+00 2.551990807223565207e+04 1.004635100967831818e+00
1.579053314474174297e+00 2.552583543646046746e+04 1.004658488170776520e+00
1.608469483265355215e+00 2.553507082891877508e+04 1.004684703577715554e+00
1.638433645577983100e+00 2.554768722788348896e+04 1.004713375017993737e+00
1.668956009978023181e+00 2.556301200827789944e+04 1.004740682224400938e+00
1.700046975206716438e+00 2.558101296182265651e+04 1.004765703940336596e+00
1.731717133723352786e+00 2.560183507749006822e+04 1.004788292297174923e+00
1.763977275314043469e+00 2.562563067288759703e+04 1.004808292725860808e+00
1.796838390767719229e+00 2.565255982550967747e+04 1.004825543686485467e+00
1.830311675620611256e+00 2.568279083540653301e+04 1.004839876387663145e+00
1.864408533970485227e+00 2.571650072197810005e+04 1.004851114495350028e+00
1.899140582361933616e+00 2.575361918713877822e+04 1.004860482434570157e+00
1.934519653744044332e+00 2.579354991653538309e+04 1.004872124893474661e+00
1.970557801501798378e+00 2.583638274426960197e+04 1.004886449883329202e+00
2.007267303562568106e+00 2.588226383159580655e+04 1.004903600207152747e+00
2.044660666579115826e+00 2.593134675858528863e+04 1.004923724845643074e+00
2.082750630190514318e+00 2.598379296142144813e+04 1.004946979207598901e+00
2.121550171362450055e+00 2.603977220093662982e+04 1.004973525390390643e+00
2.161072508808376647e+00 2.609946306501144136e+04 1.005003532450895687e+00
2.201331107493030181e+00 2.616305350771216035e+04 1.005037176687332279e+00
2.242339683219845003e+00 2.623074142831170320e+04 1.005074641932445223e+00
2.284112207303823361e+00 2.630220799226242889e+04 1.005114559555096543e+00
2.326662911331458083e+00 2.637658393078531662e+04 1.005153929347681663e+00
2.370006292009327886e+00 2.645396722591737853e+04 1.005192609212368193e+00
2.414157116103017753e+00 2.653448837632498544e+04 1.005230532600907445e+00
2.459130425468043946e+00 2.661828421449361122e+04 1.005267629703146204e+00
2.504941542174502267e+00 2.670549826441636833e+04 1.005303827310568554e+00
2.551606073727183954e+00 2.679628112313425299e+04 1.005339048674506408e+00
2.599139918382932901e+00 2.689079086797654600e+04 1.005373213358827567e+00
2.647559270567066747e+00 2.698919349151310234e+04 1.005406237086889032e+00
2.696880626390692370e+00 2.709166336640908412e+04 1.005438031582552405e+00
2.747120789270811603e+00 2.719838374256765383e+04 1.005468504405034658e+00
2.798296875655115645e+00 2.730894764505284911e+04 1.005497836788466159e+00
2.850426320853434614e+00 2.742275306815313888e+04 1.005526295482396915e+00
2.903526884977813971e+00 2.753991389343662740e+04 1.005553811726371594e+00
2.957616658993253544e+00 2.766055117709799015e+04 1.005580312460658376e+00
3.012714070881164385e+00 2.778479128985080752e+04 1.005605721177399658e+00
3.068837891917642224e+00 2.791276619513795595e+04 1.005629957778452432e+00
3.126007243068700259e+00 2.804461374436173355e+04 1.005652938427722853e+00
3.184241601504649744e+00 2.818047799032759212e+04 1.005674575397796477e+00
3.243560807235807975e+00 2.832050952019191391e+04 1.005694776910649679e+00
3.303985069871854918e+00 2.846448480909771388e+04 1.005715276750321907e+00
3.365534975507090909e+00 2.861195747673440565e+04 1.005738866026466782e+00
3.428231493733967294e+00 2.876302260058994943e+04 1.005765731823281106e+00
3.492095984787267682e+00 2.891778417051420911e+04 1.005796042103477284e+00
3.557150206821382277e+00 2.907634984390914906e+04 1.005829972019915530e+00
3.623416323323146226e+00 2.923883110127192049e+04 1.005867704206623081e+00
3.690916910662774608e+00 2.940534340943033749e+04 1.005909429081547568e+00
3.759674965785463563e+00 2.957599915983747997e+04 1.005955280912243621e+00
3.829713914046277257e+00 2.975045010161026585e+04 1.006001297662394878e+00
3.901057617190989202e+00 2.992850046247226419e+04 1.006044923689720871e+00
3.973730381485604202e+00 3.011022383994726988e+04 1.006085991879178021e+00
4.047756965997318268e+00 3.029569500344652988e+04 1.006124327403180807e+00
4.123162591029748469e+00 3.048498987823880816e+04 1.006159747408250205e+00
4.199972946715301525e+00 3.067818552562504919e+04 1.006192060689834911e+00
4.278214201767612579e+00 3.087536011897582284e+04 1.006221067354903909e+00
4.357913012397025554e+00 3.107659291526545348e+04 1.006246558471887820e+00
4.439096531392166867e+00 3.128196422170889127e+04 1.006268315707541161e+00
4.521792417370697592e+00 3.149153376509664304e+04 1.006286296022828042e+00
4.606028844202397998e+00 3.170493401152118895e+04 1.006304087048214946e+00
4.691834510607794329e+00 3.192203110642773390e+04 1.006323193358145796e+00
4.779238649935595440e+00 3.214285646046338297e+04 1.006343676511126217e+00
4.868271040122278848e+00 3.236743898504440222e+04 1.006365600612465272e+00
4.958962013837211913e+00 3.259580482977647262e+04 1.006389032414989115e+00
5.051342468816761411e+00 3.282797710148849001e+04 1.006414041423686179e+00
5.145443878390924652e+00 3.306397556382667244e+04 1.006440700004441302e+00
5.241298302206056192e+00 3.330381631630686024e+04 1.006469083497021799e+00
5.338938397147350301e+00 3.354751145168599032e+04 1.006499270332480211e+00
5.438397428464796235e+00 3.379506869047001237e+04 1.006531342155151165e+00
5.539709281106400596e+00 3.404648453476796567e+04 1.006565147505905200e+00
5.642908471262536807e+00 3.430169188476719137e+04 1.006598421684302691e+00
5.748030158125351008e+00 3.456066058444818918e+04 1.006630509543972041e+00
5.855110155867238042e+00 3.482336938876691420e+04 1.006661320884218558e+00
5.964184945842459840e+00 3.508979001891427470e+04 1.006690761263730804e+00
6.075291689016070862e+00 3.535988661011112708e+04 1.006718731826176105e+00
6.188468238624382778e+00 3.563361512659973960e+04 1.006745129119070103e+00
6.303753153071275150e+00 3.591092274246254237e+04 1.006769844905682998e+00
6.421185709064758385e+00 3.619174718691051385e+04 1.006792765969722225e+00
6.540805914998252923e+00 3.647604127203289681e+04 1.006813957184312880e+00
6.662654524581149929e+00 3.676404992842407228e+04 1.006835656936189372e+00
6.786773050723295064e+00 3.705580765352441085e+04 1.006858601632236283e+00
6.913203779678127603e+00 3.735124533529191831e+04 1.006882846138676513e+00
7.041989785449288775e+00 3.765028284857726976e+04 1.006908447540692642e+00
7.173174944465612768e+00 3.795282826339174062e+04 1.006935465229278792e+00
7.306803950529499936e+00 3.825877701064531720e+04 1.006963960991466678e+00
7.442922330043757917e+00 3.856801100412670348e+04 1.006993999104054849e+00
7.581576457522110069e+00 3.888049960826757888e+04 1.007024912530763094e+00
7.722813571388642551e+00 3.919655551878910774e+04 1.007053497274374543e+00
7.866681790071582192e+00 3.951611339628621499e+04 1.007079220709244050e+00
8.013230128396878982e+00 3.983904386984714802e+04 1.007101901638061570e+00
8.162508514287219796e+00 4.016520202886988409e+04 1.007121350701535523e+00
8.314567805772055564e+00 4.049442638588741102e+04 1.007137370050598113e+00
8.469459808314576676e+00 4.082653779004029639e+04 1.007149753006367110e+00
8.627237292461440887e+00 4.116168476920203102e+04 1.007160739911850955e+00
8.787954011821311084e+00 4.150039909489819547e+04 1.007175316900460915e+00
8.951664721378293166e+00 4.184255157202754344e+04 1.007193827882185033e+00
9.118425196146562328e+00 4.218797593616573431e+04 1.007216484079347607e+00
9.288292250172489162e+00 4.253648751409988472e+04 1.007243505892820190e+00
9.461323755890759912e+00 4.288788203267261997e+04 1.007275123276846429e+00
9.637578663841079418e+00 4.324193437451649515e+04 1.007311576129158004e+00
9.817117022752183786e+00 4.359839728061633650e+04 1.007353114697035368e+00
1.000000000000000000e+01 4.395699999999997817e+04 1.007400000000000073e+00
