# Reference: https://doi.org/10.1016/j.nuclphysa.2013.09.007
1.000000000000000021e-03 6.265399999999977300e-28 1.100000000000000000e+00
1.018628990244687619e-03 9.512435544436850149e-28 1.100000000000000000e+00
1.037605019766911670e-03 1.447875482106893662e-27 1.100000000000000000e+00
1.056934553557988335e-03 2.209131902246491355e-27 1.100000000000000000e+00
1.076624177045493267e-03 3.378432161354091344e-27 1.100000000000000000e+00
1.096680598336868600e-03 5.177997291068739954e-27 1.100000000000000000e+00
1.117110650504824203e-03 7.952600633406056015e-27 1.100000000000000000e+00
1.137921293915315117e-03 1.223778058416077215e-26 1.100000000000000000e+00
1.159119618598885779e-03 1.886624124847678948e-26 1.100000000000000000e+00
1.180712846666190276e-03 2.913386655626931163e-26 1.100000000000000000e+00
1.202708334768511989e-03 4.505877355192418660e-26 1.100000000000000000e+00
1.225113576604118949e-03 6.978551127028191037e-26 1.100000000000000000e+00
1.247936205471311460e-03 1.082155512161580575e-25 1.100000000000000000e+00
1.271183996869028896e-03 1.679902839098077800e-25 1.100000000000000000e+00
1.294864871145904933e-03 2.610225474779667504e-25 1.100000000000000000e+00
1.318986896198670470e-03 4.058806185096315955e-25 1.100000000000000000e+00
1.343558290220826226e-03 6.314949700139608436e-25 1.100000000000000000e+00
1.368587424502519176e-03 9.829139297855894648e-25 1.100000000000000000e+00
1.394082826282578647e-03 1.530226561985368024e-24 1.100000000000000000e+00
1.420053181653683095e-03 2.382370328733709728e-24 1.100000000000000000e+00
1.446507338521647217e-03 3.708453339907830191e-24 1.100000000000000000e+00
1.473454309619835756e-03 5.770604281695309946e-24 1.100000000000000000e+00
1.500903275579736594e-03 8.974451653263596633e-24 1.100000000000000000e+00
1.528863588058731147e-03 1.394647274236660510e-23 1.100000000000000000e+00
1.557344772926135207e-03 2.165214659032858138e-23 1.100000000000000000e+00
1.586356533508589657e-03 3.357582719952443051e-23 1.100000000000000000e+00
1.615908753895919101e-03 5.199358022131069266e-23 1.100000000000000000e+00
1.646011502308549748e-03 8.038540930732613005e-23 1.100000000000000000e+00
1.676675034527699143e-03 1.240554791577877110e-22 1.100000000000000000e+00
1.707909797389426916e-03 1.910611303392430279e-22 1.100000000000000000e+00
1.739726432343800767e-03 2.935978646761141705e-22 1.100000000000000000e+00
1.772135779080358372e-03 4.500538332445617071e-22 1.100000000000000000e+00
1.805148879221108154e-03 6.880415626672800449e-22 1.100000000000000000e+00
1.838776980082326793e-03 1.048847360282251134e-21 1.100000000000000000e+00
1.873031538506436536e-03 1.593924298525346487e-21 1.100000000000000000e+00
1.907924224765265072e-03 2.414311791071951018e-21 1.100000000000000000e+00
1.943466926536020246e-03 3.644218379209646536e-21 1.100000000000000000e+00
1.979671752951332481e-03 5.480486867173811568e-21 1.100000000000000000e+00
2.016551038724746607e-03 8.432228283248965259e-21 1.100000000000000000e+00
2.054117348353064112e-03 1.213592638693120569e-20 1.100000000000000000e+00
2.092383480396977150e-03 1.747076058998634219e-20 1.100000000000000000e+00
2.131362471841437810e-03 2.515339266549522442e-20 1.100000000000000000e+00
2.171067602537264923e-03 3.621292510153147977e-20 1.100000000000000000e+00
2.211512399725488933e-03 5.212526225645108707e-20 1.100071382863623937e+00
2.252710642645980484e-03 7.500408334181330604e-20 1.100183204388075264e+00
2.294676367231936100e-03 1.078716141731304672e-19 1.100288533826229598e+00
2.337423870891814758e-03 1.550415289479509247e-19 1.100387146277464367e+00
2.380967717380358135e-03 2.226588893303315776e-19 1.100478821482561598e+00
2.425322741760352948e-03 3.194592432570590459e-19 1.100563344971112079e+00
2.470504055456825433e-03 4.578324585620054415e-19 1.100640509310619519e+00
2.516527051405391836e-03 6.553086604992471760e-19 1.100710115464377026e+00
2.563407409296514835e-03 9.366265310951196877e-19 1.100771974265630337e+00
2.611161100917459583e-03 1.336601797966289051e-18 1.100825908016008547e+00
2.659804395593758260e-03 1.904090640932939840e-18 1.100871752216693977e+00
2.709353865732051433e-03 2.707444987055814754e-18 1.100909357441338221e+00
2.759826392466180594e-03 3.841992003598523936e-18 1.100938591360280494e+00
2.811239171408464344e-03 5.440248538800450222e-18 1.100959340926224606e+00
2.863609718508115885e-03 7.685815736656119633e-18 1.100971514732161260e+00
2.916955876018795853e-03 1.083220636099660016e-17 1.100975045552991416e+00
2.971295818577334054e-03 1.522825947310054708e-17 1.100969893083030948e+00
3.026648059395692196e-03 2.135232301987156292e-17 1.100956046882330952e+00
3.083031456568277075e-03 2.985807335154948905e-17 1.100933529545575995e+00
3.140465219496752208e-03 4.163574414519442673e-17 1.100902400108181745e+00
3.198968915434537586e-03 5.789372765134722637e-17 1.100862757705160178e+00
3.258562476153226226e-03 8.026708879583160059e-17 1.100814745499312242e+00
3.319266204733189573e-03 1.109616387240304730e-16 1.100758554896384300e+00
3.381100782480685445e-03 1.529450504176979338e-16 1.100694430065982221e+00
3.444087275973823411e-03 2.102003555865499126e-16 1.100622672788275525e+00
3.508247144239792347e-03 2.880624617867711748e-16 1.100543647647864942e+00
3.573602246065788347e-03 3.936656914516181863e-16 1.100457787597639125e+00
3.640174847446141400e-03 5.365406860119266226e-16 1.100365599917006332e+00
3.707987629168172684e-03 7.294137016032662884e-16 1.100267672590594437e+00
3.777063694539364597e-03 9.892823923047458201e-16 1.100164681135347378e+00
3.847426577258505898e-03 1.338872723515203542e-15 1.100057395905972291e+00
3.919100249433401899e-03 1.808626397589884216e-15 1.099946689910864306e+00
3.992109129748053209e-03 2.439434370825094355e-15 1.099833547173051373e+00
4.066478091781853925e-03 3.286223443165179893e-15 1.099719167637199568e+00
4.142232472483897525e-03 4.421576984826736272e-15 1.099605436689450544e+00
4.219398080805024202e-03 5.941370806775028148e-15 1.099494645063179066e+00
4.298001206490798497e-03 7.972325705785468705e-15 1.099389334956145436e+00
4.378068629038166758e-03 1.068155911946622843e-14 1.099292319469767687e+00
4.459627626819095622e-03 1.428897494042663475e-14 1.099206703612034541e+00
4.542705986374042521e-03 1.908330585374937268e-14 1.099135906814656227e+00
4.627332011878692967e-03 2.544285342698799874e-14 1.099083687086910066e+00
4.713534534786906725e-03 3.386227106620769015e-14 1.099054166941461075e+00
4.801342923653449841e-03 4.498712668791108134e-14 1.099051861241943984e+00
4.890787094139589959e-03 5.965849763183187606e-14 1.099081707138529040e+00
4.981897519205159656e-03 7.897053492470394766e-14 1.099149096276342386e+00
5.074705239490466188e-03 1.043441043960266839e-13 1.099258624868687084e+00
5.169241873891598608e-03 1.376153754159976868e-13 1.099405615775703504e+00
5.265539630332755246e-03 1.811523893511094008e-13 1.099580295375389039e+00
5.363631316739239652e-03 2.380054788628201935e-13 1.099771616290388554e+00
5.463550352214875498e-03 3.120972565631540851e-13 1.099967170579008391e+00
5.565330778427646403e-03 4.084649150740094289e-13 1.100153078471836077e+00
5.669007271207434327e-03 5.335698473157533039e-13 1.100313871013691269e+00
5.774615152359819509e-03 6.956943854905263065e-13 1.100432366810818019e+00
5.882190401699956099e-03 9.054520282794056040e-13 1.100489543226313760e+00
5.991769669310619169e-03 1.176446607570816759e-12 1.100464402540529241e+00
6.103390288028621123e-03 1.526090962531187863e-12 1.100339466183965165e+00
6.217090286163826779e-03 1.976463669870814118e-12 1.100124600421536813e+00
6.332908400455114321e-03 2.555558054557846917e-12 1.099840480379485008e+00
6.450884089267692675e-03 3.298871176950612175e-12 1.099510458028953419e+00
6.571057546036270826e-03 4.251365453157145326e-12 1.099160763046633571e+00
6.693469712958660493e-03 5.469947104327334865e-12 1.098820725177445334e+00
6.818162294944479437e-03 7.026607328768257789e-12 1.098523018577150623e+00
6.945177773823696388e-03 9.012419042935651729e-12 1.098303932153779527e+00
7.074559422819878297e-03 1.154258485065875793e-11 1.098201417418959380e+00
7.206351321293052656e-03 1.476164376384109670e-11 1.098218922834495626e+00
7.340598369757212090e-03 1.885011189413459943e-11 1.098327241378633135e+00
7.477346305177588227e-03 2.403374875699737358e-11 1.098492402750481212e+00
7.616641716552892058e-03 3.059446851684358047e-11 1.098676227795734484e+00
7.758532060787835978e-03 3.888380610742124702e-11 1.098835973700961866e+00
7.903065678861348128e-03 4.933959260987490647e-11 1.098923969500407827e+00
8.050291812295981564e-03 6.250663816327651910e-11 1.098887912088735819e+00
8.200260619934130954e-03 7.906128360164863619e-11 1.098709164358428803e+00
8.353023195026778799e-03 9.984096179175299045e-11 1.098429044148498734e+00
8.508631582640582489e-03 1.258829059936644619e-10 1.098099403147231756e+00
8.667138797389234081e-03 1.584715301576839031e-10 1.097778290611052254e+00
8.828598841495149604e-03 1.991974823415249628e-10 1.097530435512094060e+00
8.993066723187623582e-03 2.500317986590287323e-10 1.097427797791107329e+00
9.160598475443709407e-03 3.134120742553684929e-10 1.097528734537242867e+00
9.331251175078249249e-03 3.923166173979220587e-10 1.097797629717352175e+00
9.505082962189511861e-03 4.903889881601938232e-10 1.098164915787505524e+00
9.682153059967075343e-03 6.120889478255976433e-10 1.098552432157689607e+00
9.862521794868784469e-03 7.628686884307209487e-10 1.098872685378666780e+00
1.004625061717340749e-02 9.493873131980754389e-10 1.099028579258635174e+00
1.023340212191641702e-02 1.179767297560810553e-09 1.098969468981852327e+00
1.042404007021556327e-02 1.463901505806799983e-09 1.098753857828566494e+00
1.061822941099384125e-02 1.813841753381764105e-09 1.098461222893461375e+00
1.081603630310709954e-02 2.244273316949125100e-09 1.098180579615644303e+00
1.101752813788386791e-02 2.773101557976605162e-09 1.098011197287014795e+00
1.122277356208507652e-02 3.422120316811329938e-09 1.098025663385978401e+00
1.143184250129149725e-02 4.217679226331793066e-09 1.098184105374642616e+00
1.164480618372686072e-02 5.191726016886711659e-09 1.098417609229803249e+00
1.186173716452478509e-02 6.383048788476867654e-09 1.098648862517931146e+00
1.208270935044776506e-02 7.838769434754356596e-09 1.098792830921292207e+00
1.230779802506665188e-02 9.615303900329067006e-09 1.098820307883912495e+00
1.253707987440920262e-02 1.177905608961554032e-08 1.098793255038941874e+00
1.277063301308643990e-02 1.440857682979729653e-08 1.098788322464703926e+00
1.300853701090571267e-02 1.759638669387448277e-08 1.098891049629776351e+00
1.325087291997953214e-02 2.145217803534332285e-08 1.099152721908343011e+00
1.349772330233941706e-02 2.611075579010037813e-08 1.099467753898901723e+00
1.374917225806419029e-02 3.173642530711799373e-08 1.099680380340175789e+00
1.400530545393219653e-02 3.852954092573249282e-08 1.099616909462897141e+00
1.426621015260736910e-02 4.673209006934874475e-08 1.099169444059816536e+00
1.453197524236895383e-02 5.662200568164770694e-08 1.098547303125717578e+00
1.480269126739508674e-02 6.852261872707791627e-08 1.098063834996003463e+00
1.507845045861051086e-02 8.281116866627875018e-08 1.098065354432615770e+00
1.535934676510897039e-02 9.993433280437751946e-08 1.098694173534938034e+00
1.564547588616095955e-02 1.204343274700014565e-07 1.099663527095897875e+00
1.593693530381774456e-02 1.449614083374612295e-07 1.100604102510796434e+00
1.623382431612278159e-02 1.742937758576504688e-07 1.101145375556220829e+00
1.653624407094180307e-02 2.093384039926976508e-07 1.101217677740101486e+00
1.684429760042315330e-02 2.511538054523959107e-07 1.100909978023372204e+00
1.715808985610004986e-02 3.009843974289471207e-07 1.100324477779056842e+00
1.747772774464680795e-02 3.602922822414078559e-07 1.099576438988740357e+00
1.780332016430113962e-02 4.307947355297380899e-07 1.098794984897971005e+00
1.813497804196495186e-02 5.145084993511554291e-07 1.098122000934760534e+00
1.847281437099634188e-02 6.137915901583931921e-07 1.097634548030902879e+00
1.881694424970555696e-02 7.313904065207131109e-07 1.097311578678149102e+00
1.916748492056815148e-02 8.705121437236483801e-07 1.097121880714847730e+00
1.952455581016860828e-02 1.034903039482107167e-06 1.097030144665162243e+00
1.988827856988809734e-02 1.228940836617019781e-06 1.096996586054877820e+00
2.025877711735016989e-02 1.457738799864927008e-06 1.096979379967828239e+00
2.063617767863858837e-02 1.727192051993920344e-06 1.096962139582645435e+00
2.102060883130158278e-02 2.044085558380777695e-06 1.096945168578479901e+00
2.141220154815729262e-02 2.416258458862636065e-06 1.096929058718783212e+00
2.181108924191518805e-02 2.852761871732607154e-06 1.096914466965528190e+00
2.221740781062883641e-02 3.364042094230799450e-06 1.096902120565412364e+00
2.263129568399528321e-02 3.962155484575908534e-06 1.096892822485887597e+00
2.305289387051707301e-02 4.661022556507077132e-06 1.096887457224623441e+00
2.348234600554275145e-02 5.476731078220799347e-06 1.096886997017750831e+00
2.391979840020238418e-02 6.427900939554339043e-06 1.096892508474138994e+00
2.436540009125464853e-02 7.536127460699101842e-06 1.096905159665022111e+00
2.481930289186254010e-02 8.826524967939732808e-06 1.096926227700568024e+00
2.528166144331499277e-02 1.032834198967017122e-05 1.096957023491603955e+00
2.575263326771199887e-02 1.207480892221614244e-05 1.096997727014044299e+00
2.623237882163122203e-02 1.410345616194540592e-05 1.097047532523967472e+00
2.672106155079433804e-02 1.645717707095116527e-05 1.097105481038576524e+00
2.721884794575178332e-02 1.918498806546932182e-05 1.097170471002961722e+00
2.772590759860482645e-02 2.234289379996634182e-05 1.097241246152384608e+00
2.824241326078434297e-02 2.599489655339168288e-05 1.097316382525777900e+00
2.876854090190592711e-02 3.021418352117850813e-05 1.097394274580907769e+00
2.930446976972142861e-02 3.508453549649251759e-05 1.097473120359992782e+00
2.985038245118730796e-02 4.070201313412687421e-05 1.097550905653092101e+00
3.040646493467067182e-02 4.717667569442638564e-05 1.097625496700364911e+00
3.097290667331408301e-02 5.463160389966309759e-05 1.097695577225733965e+00
3.154990064958086704e-02 6.320439492388913675e-05 1.097760287099346144e+00
3.213764344100276948e-02 7.305008111731369912e-05 1.097818695518470555e+00
3.273633528715245988e-02 8.434316313057387058e-05 1.097869790118772393e+00
3.334618015786364187e-02 9.727988828527255559e-05 1.097912471210793939e+00
3.396738582272208068e-02 1.120808430335738012e-04 1.097945545657521116e+00
3.460016392185108480e-02 1.289939314536022266e-04 1.097967720373861811e+00
3.524473003801584237e-02 1.482978334323071157e-04 1.097977595428210273e+00
3.590130377007068330e-02 1.703060641259630901e-04 1.097973656725647063e+00
3.657010880777489259e-02 1.953717921331185766e-04 1.097954268251753795e+00
3.725137300800209633e-02 2.238936197287591339e-04 1.097917663855511039e+00
3.794532847236938011e-02 2.563225873254914265e-04 1.097861938549310246e+00
3.865221162631261864e-02 2.931707398067315415e-04 1.097785039303781351e+00
3.937226329963479377e-02 3.350216895659084595e-04 1.097684755314912719e+00
4.010572880855495931e-02 3.825437084382468677e-04 1.097558710704845009e+00
4.085285803928561527e-02 4.364892629467696382e-04 1.097405904719770398e+00
4.161390553316707264e-02 4.976689674061211864e-04 1.097229510288546761e+00
4.238913057338778573e-02 5.669791088070034535e-04 1.097033854469252834e+00
4.317879727332021161e-02 6.454162838994373808e-04 1.096823836734122759e+00
4.398317466650223523e-02 7.340879995009256219e-04 1.096604974925708298e+00
4.480253679829489938e-02 8.342247019503262620e-04 1.096383454563234494e+00
4.563716281924758839e-02 9.471935730428757746e-04 1.096166181807254114e+00
4.648733708020256344e-02 1.074514527699540253e-03 1.095960840432354200e+00
4.735334922917116413e-02 1.217878972652170107e-03 1.095775953206036268e+00
4.823549431001467047e-02 1.379172042102959697e-03 1.095620948128156025e+00
4.913407286296361809e-02 1.560499224021916599e-03 1.095506230050741880e+00
5.004939102700953213e-02 1.764218536963495926e-03 1.095443257750901234e+00
5.098176064420424647e-02 1.992949670073239452e-03 1.095440521077779339e+00
5.193149936590212012e-02 2.249513880506973616e-03 1.095492878826607175e+00
5.289893076098151070e-02 2.536999446443317929e-03 1.095591227631558029e+00
5.388438442608223938e-02 2.858806952588823121e-03 1.095725221107158198e+00
5.488819609789671872e-02 3.218683111956834389e-03 1.095883162181036319e+00
5.591070776755290017e-02 3.620760537010403370e-03 1.096051888640886318e+00
5.695226779712821846e-02 4.069605048215661075e-03 1.096216651896088745e+00
5.801323103833375128e-02 4.570272534019672456e-03 1.096360989064069535e+00
5.909395895340967958e-02 5.128377907934337024e-03 1.096466588627882155e+00
6.019481973827271043e-02 5.750178988366407701e-03 1.096513181118024649e+00
6.131618844795772016e-02 6.442548950774363084e-03 1.096487809025720184e+00
6.245844712439614643e-02 7.212794936777519074e-03 1.096399496601619949e+00
6.362198492657485105e-02 8.068870902430427816e-03 1.096262067297191001e+00
6.480719826311967524e-02 9.019483380453340721e-03 1.096091152596651019e+00
6.601449092734885948e-02 1.007417575755885711e-02 1.095904333207259329e+00
6.724427423484245769e-02 1.124342912917590878e-02 1.095721292044626205e+00
6.849696716357443760e-02 1.253878413576371698e-02 1.095563980732369380e+00
6.977299649665534564e-02 1.397298929984686078e-02 1.095456801668300839e+00
7.107279696773415034e-02 1.556008997451635220e-02 1.095422787748475235e+00
7.239681140910873836e-02 1.731496452684811588e-02 1.095459088216005128e+00
7.374549090259549522e-02 1.925354382072093015e-02 1.095550066991431537e+00
7.511929493320965157e-02 2.139313403310578662e-02 1.095678003913664433e+00
7.651869154570821452e-02 2.375256137138453613e-02 1.095822956632683809e+00
7.794415750404946885e-02 2.635234504172211459e-02 1.095962574835342984e+00
7.939617845382279659e-02 2.921490704808460404e-02 1.096071905534686364e+00
8.087524908770453436e-02 3.236477944358727432e-02 1.096124264694476658e+00
8.238187331399605962e-02 3.582806973938237882e-02 1.096107307284978738e+00
8.391656442830157381e-02 3.963244803552229412e-02 1.096021548836028314e+00
8.547984528840409102e-02 4.380778879325210318e-02 1.095868242180744634e+00
8.707224849239916797e-02 4.838642363252858986e-02 1.095649059729588259e+00
8.869431656014709064e-02 5.340343252332203916e-02 1.095366130731428633e+00
9.034660211810524588e-02 5.889700141057446769e-02 1.095022123965829985e+00
9.202966808760409956e-02 6.490873640739582007e-02 1.094628710612419953e+00
9.374408787662991127e-02 7.148395487745133614e-02 1.094218047175162356e+00
9.549044557518077125e-02 7.867244705011577910e-02 1.093828622274430895e+00
9.726933615426168467e-02 8.652926325271448338e-02 1.093503275254047669e+00
9.908136566858666283e-02 9.511565508620938025e-02 1.093289553519786184e+00
1.009271514630570854e-01 1.044999577100664823e-01 1.093237843145469679e+00
1.028073223830864719e-01 1.147517552066720237e-01 1.093350088789953656e+00
1.047225189888434382e-01 1.259388596739197952e-01 1.093572617151119308e+00
1.066733937734857113e-01 1.381319619707316870e-01 1.093842563557450465e+00
1.086606113854596822e-01 1.514047008199270739e-01 1.094089467057981269e+00
1.106848488549412035e-01 1.658335082782097791e-01 1.094235466591964911e+00
1.127467958244946084e-01 1.815029662218350104e-01 1.094243220080792778e+00
1.148471547840289042e-01 1.985124543617158566e-01 1.094149473410592099e+00
1.169866413101306873e-01 2.169725438297806508e-01 1.094002511431980906e+00
1.191659843098558796e-01 2.370065019599440215e-01 1.093856464663466976e+00
1.213859262690627772e-01 2.587512558557138465e-01 1.093767936582245026e+00
1.236472235053715091e-01 2.823362030718277182e-01 1.093745898716173226e+00
1.259506464258357550e-01 3.078793980106656059e-01 1.093759794484726378e+00
1.282969797894147612e-01 3.354987177527164466e-01 1.093774419741735393e+00
1.306870229743346268e-01 3.653107774377063466e-01 1.093750676128146138e+00
1.331215902504307713e-01 3.974488580711597607e-01 1.093665815190746349e+00
1.356015110565633452e-01 4.320894374977237717e-01 1.093532311729754403e+00
1.381276302832009362e-01 4.694357278568419556e-01 1.093368229010599935e+00
1.407008085602685088e-01 5.097201693919589660e-01 1.093193827617972014e+00
1.433219225503573890e-01 5.531815052383644016e-01 1.093029306247992549e+00
1.459918652473978506e-01 6.000280185903894559e-01 1.092892536870682330e+00
1.487115462808953625e-01 6.504701216428303567e-01 1.092802850804842629e+00
1.514818922258345801e-01 7.047257082272100348e-01 1.092779304422164977e+00
1.543038469183564687e-01 7.630406695512089721e-01 1.092795078433467237e+00
1.571783717773162781e-01 8.256987646097813105e-01 1.092774881042317903e+00
1.601064461318317811e-01 8.930128314464270689e-01 1.092633033746263971e+00
1.630890675549332702e-01 9.653156408730650950e-01 1.092304457783162874e+00
1.661272522034293042e-01 1.042917941516975588e+00 1.091828326330353649e+00
1.692220351641037235e-01 1.126133027103578543e+00 1.091274538580539355e+00
1.723744708063619790e-01 1.215286563602243852e+00 1.090721330419333723e+00
1.755856331414468730e-01 1.310717355225120562e+00 1.090255906296922594e+00
1.788566161883461958e-01 1.412778436317491781e+00 1.089975179318687815e+00
1.821885343465165230e-01 1.521840034132917685e+00 1.089978062376658841e+00
1.855825227755517060e-01 1.638310274764515295e+00 1.090266889131872530e+00
1.890397377819219571e-01 1.762641205080091034e+00 1.090769911558333360e+00
1.925613572129196704e-01 1.895326589799232853e+00 1.091404771512331617e+00
1.961485808579429280e-01 2.036910501759439551e+00 1.092078808093914777e+00
1.998026308572548593e-01 2.187998143089700420e+00 1.092688137974147766e+00
2.035247521183575770e-01 2.349239972478790683e+00 1.093135674628534559e+00
2.073162127401229071e-01 2.521213920239047113e+00 1.093404898457347896e+00
2.111783044448242164e-01 2.704481981621603914e+00 1.093505726283905632e+00
2.151123430182164953e-01 2.899623856234303076e+00 1.093450014828610817e+00
2.191196687578147451e-01 3.107238099921283414e+00 1.093251703898100002e+00
2.232016469295232397e-01 3.327943861366676082e+00 1.092926971746525977e+00
2.273596682327715113e-01 3.562383370368207736e+00 1.092494400513118524e+00
2.315951492743152096e-01 3.811225368028491545e+00 1.091975153254863162e+00
2.359095330508633737e-01 4.075169700926373650e+00 1.091393164449488307e+00
2.403042894406967056e-01 4.354953337570653282e+00 1.090775346272769841e+00
2.447809157044440187e-01 4.651358107022109500e+00 1.090151813469138586e+00
2.493409369951877785e-01 4.965220507742399647e+00 1.089556130252226751e+00
2.539859068780723761e-01 5.297430274845604359e+00 1.089021438099041061e+00
2.587174078595921300e-01 5.648861181657550468e+00 1.088558139497172617e+00
2.635370519267393186e-01 6.020406978166231049e+00 1.088167252310570321e+00
2.684464810961962322e-01 6.413018637541823885e+00 1.087849612950096523e+00
2.734473679737579599e-01 6.827717611842329504e+00 1.087605874756274016e+00
2.785414163241766161e-01 7.265612233349196813e+00 1.087436485807943942e+00
2.837303616516211324e-01 7.727917909055996404e+00 1.087341664758368021e+00
2.890159717909508430e-01 8.215981797900298034e+00 1.087321374542027375e+00
2.944000475100033709e-01 8.731312783046167425e+00 1.087375293785557862e+00
2.998844231231027613e-01 9.275617703737355058e+00 1.087502785746382816e+00
3.054709671159968054e-01 9.850686342998463019e+00 1.087700649900584349e+00
3.111615827824359970e-01 1.045780680558665132e+01 1.087955348196530725e+00
3.169582088726115021e-01 1.109806909856300017e+01 1.088248879470997910e+00
3.228628202536730218e-01 1.177250126297600552e+01 1.088560972695667095e+00
3.288774285825510346e-01 1.248205337274029780e+01 1.088868896130115616e+00
3.350040829913132900e-01 1.322758024592562087e+01 1.089147257252746748e+00
3.412448707852889229e-01 1.400982294580210663e+01 1.089367794515289534e+00
3.476019181541977754e-01 1.482938918659655414e+01 1.089499162375803687e+00
3.540773908965269556e-01 1.568677881377581684e+01 1.089509452382806831e+00
3.606734951574028236e-01 1.658300496370431887e+01 1.089401425729289885e+00
3.673924781802074269e-01 1.751965794820861433e+01 1.089206551891749530e+00
3.742366290721980682e-01 1.849860070845079818e+01 1.088960945636249678e+00
3.812082795843887983e-01 1.952202927863492121e+01 1.088705116178139143e+00
3.883098049059605095e-01 2.059255522878103051e+01 1.088484307117512540e+00
3.955436244734701345e-01 2.171330346270975298e+01 1.088348876792974984e+00
4.029122027951347884e-01 2.288799962148859635e+01 1.088353750261425779e+00
4.104180502904709038e-01 2.411987576947556988e+01 1.088519030773081875e+00
4.180637241455757991e-01 2.541087215444085956e+01 1.088811181695517494e+00
4.258518291843414461e-01 2.676280459891955488e+01 1.089188336063322993e+00
4.337850187558989212e-01 2.817745601870233330e+01 1.089603356772306242e+00
4.418659956385941334e-01 2.965657221360567419e+01 1.090003377765234704e+00
4.500975129608046355e-01 3.120185912565650810e+01 1.090329335461027727e+00
4.584823751389096036e-01 3.281497178126470260e+01 1.090533732798089073e+00
4.670234388327330621e-01 3.449748010615563487e+01 1.090636405845982981e+00
4.757236139187884794e-01 3.625089062629911751e+01 1.090677935274403154e+00
4.845858644816490868e-01 3.807665886190176252e+01 1.090703925436283361e+00
4.936132098237911991e-01 3.997619736665410528e+01 1.090765393798966532e+00
5.028087254942474882e-01 4.195088919886870826e+01 1.090918852139109330e+00
5.121755443364236493e-01 4.400217874503699278e+01 1.091199525924588354e+00
5.217168575554343990e-01 4.613167843239093457e+01 1.091598686534039020e+00
5.314359158053235666e-01 4.834112618698082287e+01 1.092101453246741904e+00
5.413360302965375404e-01 5.063242775724305034e+01 1.092690799253758449e+00
5.514205739240296555e-01 5.300772039878228981e+01 1.093347351791178701e+00
5.616929824163804374e-01 5.546944932655570426e+01 1.094049179464011923e+00
5.721567555063246102e-01 5.802045870393614990e+01 1.094771567144653179e+00
5.828154581230839959e-01 6.066409919251788807e+01 1.095486779183875825e+00
5.936727216069119795e-01 6.340435440412519341e+01 1.096163812110699798e+00
6.047322449462643190e-01 6.624593576000503958e+01 1.096768951068714415e+00
6.159977960380161877e-01 6.919257333419659517e+01 1.097292851299134453e+00
6.274732129711574347e-01 7.224606554637087186e+01 1.097760486063478202e+00
6.391624053343999412e-01 7.540801635671111569e+01 1.098202238945670706e+00
6.510693555481454897e-01 7.867997441665690417e+01 1.098652236362257950e+00
6.631981202212668958e-01 8.206345717289956099e+01 1.099148649359121377e+00
6.755528315331639222e-01 8.555998278513740729e+01 1.099734029048057726e+00
6.881376986415662644e-01 8.917111102769848685e+01 1.100455682333445928e+00
7.009570091165617800e-01 9.289849454028737341e+01 1.101366088575159496e+00
7.140151304013395706e-01 9.674420911177567461e+01 1.102500063850134104e+00
7.273165113001454074e-01 1.007115558714881303e+02 1.103818867510892421e+00
7.408656834939559843e-01 1.048047003482659676e+02 1.105262515566771242e+00
7.546672630843886953e-01 1.090286949194457833e+02 1.106763221112990969e+00
7.687259521663728501e-01 1.133896785654590076e+02 1.108244681088350170e+00
7.830465404301183430e-01 1.178951081597257655e+02 1.109621357550346410e+00
7.976339067929273385e-01 1.225540259830195566e+02 1.110797771283552171e+00
8.124930210614047521e-01 1.273761657092355364e+02 1.111685585722658409e+00
8.276289456246344045e-01 1.323648003850552186e+02 1.112306365846717382e+00
8.430468371788967241e-01 1.375195990230242842e+02 1.112734716240433741e+00
8.587519484845170803e-01 1.428392506954926660e+02 1.113055199935060857e+00
8.747496301554414933e-01 1.483213430974727771e+02 1.113362907288454773e+00
8.910453324821513421e-01 1.539622242480841408e+02 1.113764259643825083e+00
9.076446072885356875e-01 1.597569981593450734e+02 1.114375141803477076e+00
9.245531098233570333e-01 1.657035570801228914e+02 1.115242615203934085e+00
9.417766006869519035e-01 1.718043691736000937e+02 1.116324519603114851e+00
9.593209477938241525e-01 1.780630093215749241e+02 1.117567769427910473e+00
9.771921283717996953e-01 1.844841656730670536e+02 1.118912241443630995e+00
9.953962309984233370e-01 1.910739012056803858e+02 1.120290105768033895e+00
1.013939457675291811e+00 1.978393674233348918e+02 1.121631106524407340e+00
1.032828125941028574e+00 2.047841521762332206e+02 1.122910051246327479e+00
1.052068671023622892e+00 2.119097124874860469e+02 1.124127327486626360e+00
1.071667648032863296e+00 2.192177730130559610e+02 1.125283947465111289e+00
1.091631734193614811e+00 2.267104713220175540e+02 1.126381374096938170e+00
1.111967731120699021e+00 2.343905044641157644e+02 1.127421564483982896e+00
1.132682567136153784e+00 2.422612997471869960e+02 1.128407016418819353e+00
1.153783299629660863e+00 2.503272125412179321e+02 1.129340818110783573e+00
1.175277117462945276e+00 2.585937542844466748e+02 1.130226701367571085e+00
1.197171343418965694e+00 2.670678543092541304e+02 1.131069098494003722e+00
1.219473436696737023e+00 2.757581596562944810e+02 1.131873203202766298e+00
1.242190995452616242e+00 2.846753777353292776e+02 1.132645035870967876e+00
1.265331759388941713e+00 2.938319263696088228e+02 1.133391171531974440e+00
1.288903612390891462e+00 3.032335892514763032e+02 1.134114934014812448e+00
1.312914585212463958e+00 3.128805587290802350e+02 1.134817350097455213e+00
1.337372858212495075e+00 3.227724424678781929e+02 1.135499640227703555e+00
1.362286764141645401e+00 3.329083550837779057e+02 1.136163285882316965e+00
1.387664790981307128e+00 3.432869223273310126e+02 1.136810053375166829e+00
1.413515584835394190e+00 3.539062939594655290e+02 1.137442019387211678e+00
1.439847952876006643e+00 3.647641666794763751e+02 1.138061598343253822e+00
1.466670866343967150e+00 3.758578185710819071e+02 1.138671571772454705e+00
1.493993463605256311e+00 3.871841566384936186e+02 1.139275119803246916e+00
1.521825053264385552e+00 3.987401967969263410e+02 1.139875041833773528e+00
1.550175117335768737e+00 4.105262794351556863e+02 1.140467973266457102e+00
1.579053314474174297e+00 4.225452516735663266e+02 1.141047037414443022e+00
1.608469483265355215e+00 4.348013996332577449e+02 1.141604600250896162e+00
1.638433645577983100e+00 4.473007727184603368e+02 1.142132231013351706e+00
1.668956009978023181e+00 4.600515614445737924e+02 1.142620642752266713e+00
1.700046975206716438e+00 4.730645255231698343e+02 1.143059629757896989e+00
1.731717133723352786e+00 4.863534782322466299e+02 1.143438001895473732e+00
1.763977275314043469e+00 4.999355573583157479e+02 1.143743730145957649e+00
1.796838390767719229e+00 5.138225222886165966e+02 1.143970866766765848e+00
1.830311675620611256e+00 5.280167534950815025e+02 1.144121949878567968e+00
1.864408533970485227e+00 5.425203135717147234e+02 1.144200682090120935e+00
1.899140582361933616e+00 5.573356881067958284e+02 1.144211509709388119e+00
1.934519653744044332e+00 5.724659473731863955e+02 1.144159685113407043e+00
1.970557801501798378e+00 5.879149342268194687e+02 1.144051333278767180e+00
2.007267303562568106e+00 6.036874743267961776e+02 1.143893515948295914e+00
2.044660666579115826e+00 6.197880343745529217e+02 1.143692745621605056e+00
2.082750630190514318e+00 6.362184528472937473e+02 1.143452827249285653e+00
2.121550171362450055e+00 6.529806239227590368e+02 1.143177645458382408e+00
2.161072508808376647e+00 6.700771267471134252e+02 1.142871666203957970e+00
2.201331107493030181e+00 6.875114424665912338e+02 1.142539983969915740e+00
2.242339683219845003e+00 7.052882039381757977e+02 1.142188372293058585e+00
2.284112207303823361e+00 7.234134816606755294e+02 1.141823337901680446e+00
2.326662911331458083e+00 7.418951098656700651e+02 1.141452178799445827e+00
2.370006292009327886e+00 7.607430571831655470e+02 1.141083046671317991e+00
2.414157116103017753e+00 7.799698468698917395e+02 1.140725014041952035e+00
2.459130425468043946e+00 7.995910322844704297e+02 1.140388146679583103e+00
2.504941542174502267e+00 8.196257293838282294e+02 1.140083576251551101e+00
2.551606073727183954e+00 8.400916886677024422e+02 1.139817281620046030e+00
2.599139918382932901e+00 8.609933341388903045e+02 1.139576901983491153e+00
2.647559270567066747e+00 8.823324662127516831e+02 1.139345021204577479e+00
2.696880626390692370e+00 9.041109971444489020e+02 1.139102157897516010e+00
2.747120789270811603e+00 9.263310798170509770e+02 1.138826601483397427e+00
2.798296875655115645e+00 9.489952602036598819e+02 1.138494241146334574e+00
2.850426320853434614e+00 9.721066562273526870e+02 1.138078388617446146e+00
2.903526884977813971e+00 9.956691659931024105e+02 1.137549596063065716e+00
2.957616658993253544e+00 1.019687708646764804e+03 1.136875470770030816e+00
3.012714070881164385e+00 1.044168493629803834e+03 1.136020643581816536e+00
3.068837891917642224e+00 1.069118108496650166e+03 1.134970352231789326e+00
3.126007243068700259e+00 1.094542179880485946e+03 1.133759457199414511e+00
3.184241601504649744e+00 1.120447515690570981e+03 1.132433744553468014e+00
3.243560807235807975e+00 1.146842733037345624e+03 1.131044538413844336e+00
3.303985069871854918e+00 1.173738651536180896e+03 1.129649090633403574e+00
3.365534975507090909e+00 1.201148739551589415e+03 1.128311020218192295e+00
3.428231493733967294e+00 1.229089619225195747e+03 1.127100815142489942e+00
3.492095984787267682e+00 1.257581636898690704e+03 1.126096412119703905e+00
3.557150206821382277e+00 1.286646003618465102e+03 1.125368947713361267e+00
3.623416323323146226e+00 1.316286944670644516e+03 1.124907922722715226e+00
3.690916910662774608e+00 1.346501266799568612e+03 1.124667976031530348e+00
3.759674965785463563e+00 1.377284970123585936e+03 1.124597728042980194e+00
3.829713914046277257e+00 1.408633303578949153e+03 1.124639227536817998e+00
3.901057617190989202e+00 1.440540829330429005e+03 1.124727335829646568e+00
3.973730381485604202e+00 1.473001507556516344e+03 1.124789096595075755e+00
4.047756965997318268e+00 1.506008994395373520e+03 1.124747447278801937e+00
4.123162591029748469e+00 1.539559160004460409e+03 1.124573375212664983e+00
4.199972946715301525e+00 1.573650068287996419e+03 1.124275041087232418e+00
4.278214201767612579e+00 1.608280820067921695e+03 1.123862878027034995e+00
4.357913012397025554e+00 1.643451874514021938e+03 1.123348987377527530e+00
4.439096531392166867e+00 1.679165451896649756e+03 1.122747265236054615e+00
4.521792417370697592e+00 1.715425991707803405e+03 1.122073537672430454e+00
4.606028844202397998e+00 1.752240671663575768e+03 1.121345705799881243e+00
4.691834510607794329e+00 1.789619993685916370e+03 1.120583902100033669e+00
4.779238649935595440e+00 1.827578443658730748e+03 1.119810659696326427e+00
4.868271040122278848e+00 1.866135232591562044e+03 1.119051096617558416e+00
4.958962013837211913e+00 1.905315127839593515e+03 1.118333117507886110e+00
5.051342468816761411e+00 1.945147358416919133e+03 1.117686545614900551e+00
5.145443878390924652e+00 1.985629774196610242e+03 1.117124049995319890e+00
5.241298302206056192e+00 2.026725685527695077e+03 1.116641302335829256e+00
5.338938397147350301e+00 2.068391115769261432e+03 1.116232550774405086e+00
5.438397428464796235e+00 2.110575284299380201e+03 1.115891095857892035e+00
5.539709281106400596e+00 2.153220054253265062e+03 1.115609203432935237e+00
5.642908471262536807e+00 2.196259360759243464e+03 1.115378011214248399e+00
5.748030158125351008e+00 2.239618622882899217e+03 1.115187428811879045e+00
5.855110155867238042e+00 2.283214143369326848e+03 1.115026031047043675e+00
5.964184945842459840e+00 2.326952501273488451e+03 1.114880944449688105e+00
6.075291689016070862e+00 2.370734037175192952e+03 1.114738304878909014e+00
6.188468238624382778e+00 2.414497173047031993e+03 1.114589304500030353e+00
6.303753153071275150e+00 2.458210508954975012e+03 1.114428458036718306e+00
6.421185709064758385e+00 2.501847863386932659e+03 1.114249751382843323e+00
6.540805914998252923e+00 2.545388908796626765e+03 1.114046534276842193e+00
6.662654524581149929e+00 2.588820340166888855e+03 1.113811472612454168e+00
6.786773050723295064e+00 2.632137150236167145e+03 1.113536498132456476e+00
6.913203779678127603e+00 2.675344018520831014e+03 1.113212755492534844e+00
7.041989785449288775e+00 2.718456181973800085e+03 1.112830736892451045e+00
7.173174944465612768e+00 2.761458626900627223e+03 1.112392608864044341e+00
7.306803950529499936e+00 2.804271927908971065e+03 1.111921497151730165e+00
7.442922330043757917e+00 2.846805574728151896e+03 1.111445179861474841e+00
7.581576457522110069e+00 2.888963511623689101e+03 1.110994638012047453e+00
7.722813571388642551e+00 2.930644144643428717e+03 1.110604310020156582e+00
7.866681790071582192e+00 2.971740390178090365e+03 1.110312374167359284e+00
8.013230128396878982e+00 3.012139778537193251e+03 1.110161055211849934e+00
8.162508514287219796e+00 3.051741711186573411e+03 1.110180167651011018e+00
8.314567805772055564e+00 3.090497986436608699e+03 1.110349423774721345e+00
8.469459808314576676e+00 3.128378437225006564e+03 1.110635219660757178e+00
8.627237292461440887e+00 3.165363062892583457e+03 1.110999564117574723e+00
8.787954011821311084e+00 3.201443467510767732e+03 1.111399680032455262e+00
8.951664721378293166e+00 3.236624382065000191e+03 1.111787590025711037e+00
9.118425196146562328e+00 3.270925274288371384e+03 1.112109691099759212e+00
9.288292250172489162e+00 3.304382051917172703e+03 1.112306324634076971e+00
9.461323755890759912e+00 3.337048867810642605e+03 1.112311350064665527e+00
9.637578663841079418e+00 3.369000038889081225e+03 1.112051732933823756e+00
9.817117022752183786e+00 3.400332095374368691e+03 1.111447160732094375e+00
1.000000000000000000e+01 3.431165982577932482e+03 1.110409703099654921e+00
