# Reference: https://doi.org/10.1016/j.nuclphysa.2013.09.007
1.000000000000000021e-03 1.868234460660653220e-07 1.118703269856678340e+00
1.018628990244687619e-03 2.350095514764434304e-07 1.118868777641143675e+00
1.037605019766911670e-03 2.960318749623222374e-07 1.119029785657070564e+00
1.056934553557988335e-03 3.733920174395056976e-07 1.119186043768487293e+00
1.076624177045493267e-03 4.715619115274158302e-07 1.119337297932479824e+00
1.096680598336868600e-03 5.962547603507535020e-07 1.119483290562630851e+00
1.117110650504824203e-03 7.547715372019264525e-07 1.119623760938792012e+00
1.137921293915315117e-03 9.564438784305095699e-07 1.119758445666795721e+00
1.159119618598885779e-03 1.213199806697142019e-06 1.119887079191952850e+00
1.180712846666190276e-03 1.540285771642502279e-06 1.120009394370432787e+00
1.202708334768511989e-03 1.957187337177793267e-06 1.120125123102876596e+00
1.225113576604118949e-03 2.488801899720007233e-06 1.120233997034886464e+00
1.247936205471311460e-03 3.166930596123652981e-06 1.120335748329316594e+00
1.271183996869028896e-03 4.032173658428117625e-06 1.120430110515609812e+00
1.294864871145904933e-03 5.136334610477238092e-06 1.120516819421756072e+00
1.318986896198670470e-03 6.545464717626452935e-06 1.120595614194791256e+00
1.343558290220826226e-03 8.343710966960728927e-06 1.120666238416133220e+00
1.368587424502519176e-03 1.063816968347229402e-05 1.120728441318439073e+00
1.394082826282578647e-03 1.356499493063411996e-05 1.120781979111084015e+00
1.420053181653683095e-03 1.729706748987225258e-05 1.120826616421804589e+00
1.446507338521647217e-03 2.205359796870477154e-05 1.120862127862508162e+00
1.473454309619835756e-03 2.811211804503447920e-05 1.120888299727754056e+00
1.500903275579736594e-03 3.582340864776983739e-05 1.120904931834928897e+00
1.528863588058731147e-03 4.563002460539847011e-05 1.120911839515692954e+00
1.557344772926135207e-03 5.808920344938971940e-05 1.120908855768876000e+00
1.586356533508589657e-03 7.390109289217056837e-05 1.120895833585610291e+00
1.615908753895919101e-03 9.394339790033043303e-05 1.120872648458172582e+00
1.646011502308549748e-03 1.193137346350019070e-04 1.120839201084706360e+00
1.676675034527699143e-03 1.513811845637084931e-04 1.120795420282749921e+00
1.707909797389426916e-03 1.918487667195826498e-04 1.120741266125311109e+00
1.739726432343800767e-03 2.428287875172732355e-04 1.120676733314079687e+00
1.772135779080358372e-03 3.069332830549912402e-04 1.120601854805291397e+00
1.805148879221108154e-03 3.873820351722753286e-04 1.120516705704744709e+00
1.838776980082326793e-03 4.881309162840682362e-04 1.120421407449517126e+00
1.873031538506436536e-03 6.140235964158075824e-04 1.120316132295070100e+00
1.907924224765265072e-03 7.709699280659321934e-04 1.120201108127636846e+00
1.943466926536020246e-03 9.661546134062183903e-04 1.120076623623109224e+00
1.979671752951332481e-03 1.208280063087532755e-03 1.119943033775038677e+00
2.016551038724746607e-03 1.507847695481687742e-03 1.119800765815911481e+00
2.054117348353064112e-03 1.877482332690119573e-03 1.119650325557493886e+00
2.092383480396977150e-03 2.332304878031371889e-03 1.119492304177853059e+00
2.131362471841437810e-03 2.890359188669262402e-03 1.119327385484600423e+00
2.171067602537264923e-03 3.573100101411157744e-03 1.119156353686038274e+00
2.211512399725488933e-03 4.405951089654027222e-03 1.118980101704204921e+00
2.252710642645980484e-03 5.418942242753851252e-03 1.118799640066362233e+00
2.294676367231936100e-03 6.647442456224957920e-03 1.118616106414244582e+00
2.337423870891814758e-03 8.133004284438919568e-03 1.118430775673463495e+00
2.380967717380358135e-03 9.924346336079152911e-03 1.118245070928820084e+00
2.425322741760352948e-03 1.207850703685223528e-02 1.118060575055009664e+00
2.470504055456825433e-03 1.466221589390662855e-02 1.117879043156310814e+00
2.516527051405391836e-03 1.775354519261717473e-02 1.117702415873419231e+00
2.563407409296514835e-03 2.144392783511082576e-02 1.117532833620645372e+00
2.611161100917459583e-03 2.584065782104504744e-02 1.117372651822336138e+00
2.659804395593758260e-03 3.107003147682226019e-02 1.117224457223660261e+00
2.709353865732051433e-03 3.728134389525398357e-02 1.117091085357917235e+00
2.759826392466180594e-03 4.465203177128544698e-02 1.116975639260378461e+00
2.811239171408464344e-03 5.339435904576384645e-02 1.116881509527468896e+00
2.863609718508115885e-03 6.376418742928444128e-02 1.116812395829981597e+00
2.916955876018795853e-03 7.607257766886003914e-02 1.116772330000117996e+00
2.971295818577334054e-03 9.070125586714022914e-02 1.116765700824668750e+00
3.026648059395692196e-03 1.081222501541016789e-01 1.116797130682573025e+00
3.083031456568277075e-03 1.288905427780872304e-01 1.116867716142437850e+00
3.140465219496752208e-03 1.536391595727307213e-01 1.116974275834319741e+00
3.198968915434537586e-03 1.831140553903881363e-01 1.117112908879970945e+00
3.258562476153226226e-03 2.181942937023269302e-01 1.117279135188158135e+00
3.319266204733189573e-03 2.599137217132276301e-01 1.117467844930925658e+00
3.381100782480685445e-03 3.094855967588886481e-01 1.117673244522429554e+00
3.444087275973823411e-03 3.683304137866256212e-01 1.117888798957360930e+00
3.508247144239792347e-03 4.381071642993643045e-01 1.118107170379933901e+00
3.573602246065788347e-03 5.207482241232741504e-01 1.118320152773652376e+00
3.640174847446141400e-03 6.184980180739457767e-01 1.118518602687571972e+00
3.707987629168172684e-03 7.339555414356964125e-01 1.118692365947728140e+00
3.777063694539364597e-03 8.701207287804954005e-01 1.118830200344093750e+00
3.847426577258505898e-03 1.030444548223934831e+00 1.118919694335387627e+00
3.919100249433401899e-03 1.218882562824162186e+00 1.118947181877916863e+00
3.992109129748053209e-03 1.439951540877434821e+00 1.118897653562309635e+00
4.066478091781853925e-03 1.698804023863420998e+00 1.118757703466416897e+00
4.142232472483897525e-03 2.001390431603152109e+00 1.118529997068771209e+00
4.219398080805024202e-03 2.354553370981693039e+00 1.118223960773727654e+00
4.298001206490798497e-03 2.766133697392382018e+00 1.117850431316071980e+00
4.378068629038166758e-03 3.245118991830485911e+00 1.117421759832226691e+00
4.459627626819095622e-03 3.801820413629145801e+00 1.116951928927523596e+00
4.542705986374042521e-03 4.448085590743598772e+00 1.116456678640487254e+00
4.627332011878692967e-03 5.197557622420884371e+00 1.115953642475988827e+00
4.713534534786906725e-03 6.065993406270989929e+00 1.115462494902548007e+00
4.801342923653449841e-03 7.071658629929381767e+00 1.115005111974782359e+00
4.890787094139589959e-03 8.235822223898672689e+00 1.114605747057934249e+00
4.981897519205159656e-03 9.583380326670537741e+00 1.114291224006932035e+00
5.074705239490466188e-03 1.114341984552904208e+01 1.114087817939552361e+00
5.169241873891598608e-03 1.294827886308234177e+01 1.113999408944407632e+00
5.265539630332755246e-03 1.503415258276282529e+01 1.114018485655399626e+00
5.363631316739239652e-03 1.744215550542579507e+01 1.114136211999870119e+00
5.463550352214875498e-03 2.021893586103577078e+01 1.114342352166189487e+00
5.565330778427646403e-03 2.341736346020345394e+01 1.114625138941562899e+00
5.669007271207434327e-03 2.709730700715686069e+01 1.114971132576987989e+00
5.774615152359819509e-03 3.132651775385188131e+01 1.115365070003926817e+00
5.882190401699956099e-03 3.618164113919835501e+01 1.115789704352156519e+00
5.991769669310619169e-03 4.174938424973098705e+01 1.116225634878547091e+00
6.103390288028621123e-03 4.812770371107530565e+01 1.116652672007940383e+00
6.217090286163826779e-03 5.542643323681263468e+01 1.117056229205354079e+00
6.332908400455114321e-03 6.376901890422300312e+01 1.117422653448932879e+00
6.450884089267692675e-03 7.329448627086256352e+01 1.117736844421948428e+00
6.571057546036270826e-03 8.415952228368563226e+01 1.117982147544289484e+00
6.693469712958660493e-03 9.654093921898960673e+01 1.118140243550165724e+00
6.818162294944479437e-03 1.106386203274527276e+02 1.118191034327940869e+00
6.945177773823696388e-03 1.266790753820274915e+02 1.118112525690389214e+00
7.074559422819878297e-03 1.449194105612170063e+02 1.117882154586722798e+00
7.206351321293052656e-03 1.656457130053280480e+02 1.117500091715460053e+00
7.340598369757212090e-03 1.891748354709455384e+02 1.116988092429477941e+00
7.477346305177588227e-03 2.158622088951719036e+02 1.116371590190611496e+00
7.616641716552892058e-03 2.461072152714112349e+02 1.115679345319744886e+00
7.758532060787835978e-03 2.803594404267842037e+02 1.114943688063435800e+00
7.903065678861348128e-03 3.191261929684069401e+02 1.114200784563458724e+00
8.050291812295981564e-03 3.629814010025953053e+02 1.113490430056154334e+00
8.200260619934130954e-03 4.125619295434123046e+02 1.112827306865310062e+00
8.353023195026778799e-03 4.685595998376749662e+02 1.112181346561808226e+00
8.508631582640582489e-03 5.317401978460544569e+02 1.111514956188671910e+00
8.667138797389234081e-03 6.029527854437701535e+02 1.110786293979586503e+00
8.828598841495149604e-03 6.831387227284078563e+02 1.109948955032644902e+00
8.993066723187623582e-03 7.733420678428988140e+02 1.108951656529199692e+00
9.160598475443709407e-03 8.747210961493015020e+02 1.107755931253607606e+00
9.331251175078249249e-03 9.885596213457974955e+02 1.106403589227805906e+00
9.505082962189511861e-03 1.116283937447444032e+03 1.104966087832563337e+00
9.682153059967075343e-03 1.259482651734978162e+03 1.103523130618032200e+00
9.862521794868784469e-03 1.419929934165687200e+03 1.102163267846480110e+00
1.004625061717340749e-02 1.599613537714177710e+03 1.100984178618981790e+00
1.023340212191641702e-02 1.800731586960621598e+03 1.100040949296458015e+00
1.042404007021556327e-02 2.025664097482892657e+03 1.099288504155525814e+00
1.061822941099384125e-02 2.277037527386462898e+03 1.098663544181579965e+00
1.081603630310709954e-02 2.557762904288260870e+03 1.098095082553796953e+00
1.101752813788386791e-02 2.871073826456773986e+03 1.097503780672442364e+00
1.122277356208507652e-02 3.220531968242802122e+03 1.096822608576677016e+00
1.143184250129149725e-02 3.609954639057488293e+03 1.096045026519521626e+00
1.164480618372686072e-02 4.043498212818884440e+03 1.095177538996738198e+00
1.186173716452478509e-02 4.525710528201297166e+03 1.094227716075130363e+00
1.208270935044776506e-02 5.061571654054890132e+03 1.093204598353684442e+00
1.230779802506665188e-02 5.656591009856332676e+03 1.092133812676234328e+00
1.253707987440920262e-02 6.316923934556841232e+03 1.091066014221596880e+00
1.277063301308643990e-02 7.049422885342753943e+03 1.090059204756707256e+00
1.300853701090571267e-02 7.861746365481701105e+03 1.089177686706583215e+00
1.325087291997953214e-02 8.762334324795981956e+03 1.088459903207545487e+00
1.349772330233941706e-02 9.759973895825700311e+03 1.087827303140559421e+00
1.374917225806419029e-02 1.086409134963608085e+04 1.087164150091146420e+00
1.400530545393219653e-02 1.208491263049304143e+04 1.086341569202384782e+00
1.426621015260736910e-02 1.343356293160254427e+04 1.085258290930906755e+00
1.453197524236895383e-02 1.492226746061376616e+04 1.083963556731833755e+00
1.480269126739508674e-02 1.656442759961439515e+04 1.082551803299191207e+00
1.507845045861051086e-02 1.837474726956314407e+04 1.081128054432187069e+00
1.535934676510897039e-02 2.036925436118513244e+04 1.079775727494800774e+00
1.564547588616095955e-02 2.256526848672008418e+04 1.078526501152845984e+00
1.593693530381774456e-02 2.498175144822551010e+04 1.077408795534633201e+00
1.623382431612278159e-02 2.763945807305874041e+04 1.076449470947181020e+00
1.653624407094180307e-02 3.056034669534292334e+04 1.075643828320208550e+00
1.684429760042315330e-02 3.376784206775942584e+04 1.074969802984228062e+00
1.715808985610004986e-02 3.728729864287348028e+04 1.074402254368257648e+00
1.747772774464680795e-02 4.114621106653595780e+04 1.073912772930933679e+00
1.780332016430113962e-02 4.537446667835321568e+04 1.073469387475576964e+00
1.813497804196495186e-02 5.000464470390614588e+04 1.073036701621905342e+00
1.847281437099634188e-02 5.507203177693385805e+04 1.072592392413304285e+00
1.881694424970555696e-02 6.061472622347955621e+04 1.072134280838072939e+00
1.916748492056815148e-02 6.667435927341709612e+04 1.071661501714765929e+00
1.952455581016860828e-02 7.329665238758252235e+04 1.071173128947397801e+00
1.988827856988809734e-02 8.053207410043173877e+04 1.070668171550411607e+00
2.025877711735016989e-02 8.843624913454730995e+04 1.070145876312630362e+00
2.063617767863858837e-02 9.706642379510219325e+04 1.069608746178197123e+00
2.102060883130158278e-02 1.064817655554910452e+05 1.069061625096433987e+00
2.141220154815729262e-02 1.167455614767514926e+05 1.068509958454619158e+00
2.181108924191518805e-02 1.279255826854730694e+05 1.067959813335484176e+00
2.221740781062883641e-02 1.400944851425660599e+05 1.067417926813997608e+00
2.263129568399528321e-02 1.533302942374239792e+05 1.066891757908112304e+00
2.305289387051707301e-02 1.677169955460609344e+05 1.066389543548187158e+00
2.348234600554275145e-02 1.833452591072905925e+05 1.065920358980787963e+00
2.391979840020238418e-02 2.003133305896799720e+05 1.065494183081755697e+00
2.436540009125464853e-02 2.187281299730572791e+05 1.065121969122167833e+00
2.481930289186254010e-02 2.387066071521502163e+05 1.064815721610715471e+00
2.528166144331499277e-02 2.603768715468855517e+05 1.064587850678662795e+00
2.575263326771199887e-02 2.838716742613544920e+05 1.064440997653067322e+00
2.623237882163122203e-02 3.093279583997738664e+05 1.064369328891057842e+00
2.672106155079433804e-02 3.368923390705295606e+05 1.064365832616023688e+00
2.721884794575178332e-02 3.667223599469951587e+05 1.064422420164035987e+00
2.772590759860482645e-02 3.989878743470353074e+05 1.064529827992860112e+00
2.824241326078434297e-02 4.338727437272926909e+05 1.064677512833444917e+00
2.876854090190592711e-02 4.715769279272145941e+05 1.064853539826891904e+00
2.930446976972142861e-02 5.123190570794928353e+05 1.065044463564032151e+00
2.985038245118730796e-02 5.563395940769335721e+05 1.065235202040047735e+00
3.040646493467067182e-02 6.039017286313524237e+05 1.065410181661278655e+00
3.097290667331408301e-02 6.552665930253011174e+05 1.065564335708798716e+00
3.154990064958086704e-02 7.106965556996513624e+05 1.065698970318757599e+00
3.213764344100276948e-02 7.704678764589537168e+05 1.065815701878201294e+00
3.273633528715245988e-02 8.348716050983722089e+05 1.065916414646022270e+00
3.334618015786364187e-02 9.042145215642178664e+05 1.066003283611710817e+00
3.396738582272208068e-02 9.788203114650050411e+05 1.066078798972685426e+00
3.460016392185108480e-02 1.059031045740735251e+06 1.066145792351188115e+00
3.524473003801584237e-02 1.145209047809866490e+06 1.066207464884072031e+00
3.590130377007068330e-02 1.237739248467666097e+06 1.066267417332870115e+00
3.657010880777489259e-02 1.337032148656390142e+06 1.066329682377583854e+00
3.725137300800209633e-02 1.443527533547358355e+06 1.066398759276000252e+00
3.794532847236938011e-02 1.557699108926680638e+06 1.066479651091365222e+00
3.865221162631261864e-02 1.680060263661218109e+06 1.066577904715378722e+00
3.937226329963479377e-02 1.811171201363489963e+06 1.066699653941164616e+00
4.010572880855495931e-02 1.951647673293994507e+06 1.066851661417418384e+00
4.085285803928561527e-02 2.102138861348810140e+06 1.067039052126423693e+00
4.161390553316707264e-02 2.263263760967365932e+06 1.067261164576529975e+00
4.238913057338778573e-02 2.435661349568394478e+06 1.067516088858840195e+00
4.317879727332021161e-02 2.620005123807620257e+06 1.067801569762336644e+00
4.398317466650223523e-02 2.817007064931576606e+06 1.068114975380962228e+00
4.480253679829489938e-02 3.027422643490158953e+06 1.068453263415775512e+00
4.563716281924758839e-02 3.252057102039598394e+06 1.068812945044293583e+00
4.648733708020256344e-02 3.491773298284403048e+06 1.069190046229224755e+00
4.735334922917116413e-02 3.747501442788865417e+06 1.069580066340601432e+00
4.823549431001467047e-02 4.020251126839083619e+06 1.069977933969249673e+00
4.913407286296361809e-02 4.311126109770121984e+06 1.070377959816022351e+00
5.004939102700953213e-02 4.621342416790178977e+06 1.070773786792176052e+00
5.098176064420424647e-02 4.952186251166189089e+06 1.071160231716392408e+00
5.193149936590212012e-02 5.304838027686623856e+06 1.071538194653805620e+00
5.289893076098151070e-02 5.680485467747569084e+06 1.071910187709589124e+00
5.388438442608223938e-02 6.080364967594967224e+06 1.072279061137425327e+00
5.488819609789671872e-02 6.505765626474157907e+06 1.072648031483696140e+00
5.591070776755290017e-02 6.958034567130149342e+06 1.073020711788683856e+00
5.695226779712821846e-02 7.438583871385668404e+06 1.073401144012275266e+00
5.801323103833375128e-02 7.948899510726049542e+06 1.073793833870246184e+00
5.909395895340967958e-02 8.490552717636397108e+06 1.074203788288438322e+00
6.019481973827271043e-02 9.065214037802960724e+06 1.074636544736949917e+00
6.131618844795772016e-02 9.674579927774317563e+06 1.075094885504759068e+00
6.245844712439614643e-02 1.032021116635387018e+07 1.075573632281511927e+00
6.362198492657485105e-02 1.100366074983370863e+07 1.076065692669422758e+00
6.480719826311967524e-02 1.172650000598869286e+07 1.076563095265257175e+00
6.601449092734885948e-02 1.249031948842847906e+07 1.077056917506338696e+00
6.724427423484245769e-02 1.329673160034525022e+07 1.077537209159435516e+00
6.849696716357443760e-02 1.414737541840174608e+07 1.077992911419908939e+00
6.977299649665534564e-02 1.504392425918845087e+07 1.078411771641767158e+00
7.107279696773415034e-02 1.598812267532710172e+07 1.078781872233209427e+00
7.239681140910873836e-02 1.698197987884415314e+07 1.079101498733797015e+00
7.374549090259549522e-02 1.802775729369590804e+07 1.079373869209493852e+00
7.511929493320965157e-02 1.912795558106136695e+07 1.079602810331520280e+00
7.651869154570821452e-02 2.028537443081133440e+07 1.079792792402945567e+00
7.794415750404946885e-02 2.150318517237590253e+07 1.079948983215839320e+00
7.939617845382279659e-02 2.278501817456025630e+07 1.080077305706738100e+00
8.087524908770453436e-02 2.413496772783301398e+07 1.080184520474322341e+00
8.238187331399605962e-02 2.555608424083623290e+07 1.080278606220666404e+00
8.391656442830157381e-02 2.705015081722150743e+07 1.080368806964827844e+00
8.547984528840409102e-02 2.861862659657119960e+07 1.080465479784384897e+00
8.707224849239916797e-02 3.026261606524642184e+07 1.080580176839652351e+00
8.869431656014709064e-02 3.198280138780367747e+07 1.080725741529422024e+00
9.034660211810524588e-02 3.377937311204639822e+07 1.080916339067752530e+00
9.202966808760409956e-02 3.565284574118924141e+07 1.081153119147665986e+00
9.374408787662991127e-02 3.760550152993959934e+07 1.081404649818600516e+00
9.549044557518077125e-02 3.964025008550563455e+07 1.081631329130787744e+00
9.726933615426168467e-02 4.176052936328166723e+07 1.081788991906777353e+00
9.908136566858666283e-02 4.397044823338335752e+07 1.081828567440918709e+00
1.009271514630570854e-01 4.627485473533149809e+07 1.081698330536257080e+00
1.028073223830864719e-01 4.867710254377078265e+07 1.081402563367354519e+00
1.047225189888434382e-01 5.117826432108551264e+07 1.081009759371131862e+00
1.066733937734857113e-01 5.377894745086555183e+07 1.080599543565065490e+00
1.086606113854596822e-01 5.647935008971742541e+07 1.080260792930117342e+00
1.106848488549412035e-01 5.927923919887093455e+07 1.080091211286854369e+00
1.127467958244946084e-01 6.217877683401504159e+07 1.080128054049877218e+00
1.148471547840289042e-01 6.517933244663897902e+07 1.080299618523890004e+00
1.169866413101306873e-01 6.828263962257604301e+07 1.080515443374489459e+00
1.191659843098558796e-01 7.149081167878323793e+07 1.080674245152118074e+00
1.213859262690627772e-01 7.480649668075907230e+07 1.080671684439145963e+00
1.236472235053715091e-01 7.823332100026398897e+07 1.080513608453100405e+00
1.259506464258357550e-01 8.177610035177879035e+07 1.080298066591516060e+00
1.282969797894147612e-01 8.544091539638859034e+07 1.080136851103265849e+00
1.306870229743346268e-01 8.923532533564412594e+07 1.080153670818496670e+00
1.331215902504307713e-01 9.316254362633281946e+07 1.080406114545924279e+00
1.356015110565633452e-01 9.721447661606416106e+07 1.080812794976255597e+00
1.381276302832009362e-01 1.013788878593849987e+08 1.081266960661958265e+00
1.407008085602685088e-01 1.056399877315080911e+08 1.081649389090679314e+00
1.433219225503573890e-01 1.099871508845817000e+08 1.081865823738146881e+00
1.459918652473978506e-01 1.144259276435484588e+08 1.081884856669244055e+00
1.487115462808953625e-01 1.189667897645701915e+08 1.081680366448228403e+00
1.514818922258345801e-01 1.236235252732842863e+08 1.081226906925526476e+00
1.543038469183564687e-01 1.284005682084612101e+08 1.080552263753771447e+00
1.571783717773162781e-01 1.332903314769166559e+08 1.079740307451470649e+00
1.601064461318317811e-01 1.382829652719360292e+08 1.078886998500163674e+00
1.630890675549332702e-01 1.433686270166856945e+08 1.078079891694570858e+00
1.661272522034293042e-01 1.485435817462767363e+08 1.077344550337917761e+00
1.692220351641037235e-01 1.538061753995742500e+08 1.076692629813208679e+00
1.723744708063619790e-01 1.591556128612684309e+08 1.076136799960426993e+00
1.755856331414468730e-01 1.645922084831079543e+08 1.075690825473479384e+00
1.788566161883461958e-01 1.701176689037125409e+08 1.075369653882346288e+00
1.821885343465165230e-01 1.757349849536215663e+08 1.075187605825087989e+00
1.855825227755517060e-01 1.814436141802485585e+08 1.075136375419578183e+00
1.890397377819219571e-01 1.872401354581446350e+08 1.075189927264751821e+00
1.925613572129196704e-01 1.931213670734285712e+08 1.075318491083801398e+00
1.961485808579429280e-01 1.990845807371601760e+08 1.075488520661461722e+00
1.998026308572548593e-01 2.051276785078475773e+08 1.075662366331354924e+00
2.035247521183575770e-01 2.112485067392936945e+08 1.075804512044320038e+00
2.073162127401229071e-01 2.174413542091827691e+08 1.075907161665549561e+00
2.111783044448242164e-01 2.236991974270980954e+08 1.075971350651708347e+00
2.151123430182164953e-01 2.300148803374436796e+08 1.075998398539792955e+00
2.191196687578147451e-01 2.363812206988540590e+08 1.075989933261591869e+00
2.232016469295232397e-01 2.427911329813140333e+08 1.075947918362456734e+00
2.273596682327715113e-01 2.492377689145920575e+08 1.075874682090918855e+00
2.315951492743152096e-01 2.557146766526581049e+08 1.075772948492323300e+00
2.359095330508633737e-01 2.622159795147929490e+08 1.075645870653635816e+00
2.403042894406967056e-01 2.687365752836062908e+08 1.075497066262693258e+00
2.447809157044440187e-01 2.752723570959122777e+08 1.075330655663770951e+00
2.493409369951877785e-01 2.818204570694755912e+08 1.075151302612846305e+00
2.539859068780723761e-01 2.883785191349477172e+08 1.074963757062303182e+00
2.587174078595921300e-01 2.949393223581420779e+08 1.074770167464621506e+00
2.635370519267393186e-01 3.014936279823749661e+08 1.074571702520063177e+00
2.684464810961962322e-01 3.080324225836647153e+08 1.074369675710792338e+00
2.734473679737579599e-01 3.145470712146934867e+08 1.074165559325466424e+00
2.785414163241766161e-01 3.210294821368070841e+08 1.073960997037597398e+00
2.837303616516211324e-01 3.274722879934529662e+08 1.073757817360922129e+00
2.890159717909508430e-01 3.338690438659729362e+08 1.073558048045352598e+00
2.944000475100033709e-01 3.402144426664844155e+08 1.073363931482749001e+00
2.998844231231027613e-01 3.465045483800026774e+08 1.073177941198115715e+00
3.054709671159968054e-01 3.527362204543827176e+08 1.073001970262276616e+00
3.111615827824359970e-01 3.589043732760387659e+08 1.072834455964098099e+00
3.169582088726115021e-01 3.650042382820818424e+08 1.072672621052569442e+00
3.228628202536730218e-01 3.710324389312876463e+08 1.072513336372959536e+00
3.288774285825510346e-01 3.769872262990331054e+08 1.072353092160094112e+00
3.350040829913132900e-01 3.828687317018545270e+08 1.072187967443484213e+00
3.412448707852889229e-01 3.886792373478996158e+08 1.072013597492131876e+00
3.476019181541977754e-01 3.944234663822169304e+08 1.071825139223232526e+00
3.540773908965269556e-01 4.001079784252208471e+08 1.071617650185745507e+00
3.606734951574028236e-01 4.057294252142185569e+08 1.071391426155329007e+00
3.673924781802074269e-01 4.112759797646777630e+08 1.071151090459218302e+00
3.742366290721980682e-01 4.167352644904308319e+08 1.070901944104448944e+00
3.812082795843887983e-01 4.220945806399419308e+08 1.070649928405880802e+00
3.883098049059605095e-01 4.273409612480041385e+08 1.070401675692286059e+00
3.955436244734701345e-01 4.324612315528404713e+08 1.070164563838691407e+00
4.029122027951347884e-01 4.374421428532526493e+08 1.069946661229888685e+00
4.104180502904709038e-01 4.422731628185531497e+08 1.069752151173553489e+00
4.180637241455757991e-01 4.469480315410411954e+08 1.069579159089479203e+00
4.258518291843414461e-01 4.514619374296693206e+08 1.069425047336512780e+00
4.337850187558989212e-01 4.558114585592357516e+08 1.069286792046450385e+00
4.418659956385941334e-01 4.599947452841739058e+08 1.069160950025813683e+00
4.500975129608046355e-01 4.640117111794871688e+08 1.069043623380931507e+00
4.584823751389096036e-01 4.678642094234250188e+08 1.068930504112097557e+00
4.670234388327330621e-01 4.715561685609680414e+08 1.068817087720604242e+00
4.757236139187884794e-01 4.750938653736461997e+08 1.068698422138513848e+00
4.845858644816490868e-01 4.784861710587078333e+08 1.068568993884476903e+00
4.936132098237911991e-01 4.817447890659558773e+08 1.068422684330973205e+00
5.028087254942474882e-01 4.848843855965559483e+08 1.068252775419979983e+00
5.121755443364236493e-01 4.879135481607145667e+08 1.068055878466554587e+00
5.217168575554343990e-01 4.908268387555806637e+08 1.067835256088147666e+00
5.314359158053235666e-01 4.936174975810711384e+08 1.067595319047137670e+00
5.413360302965375404e-01 4.962788997565879822e+08 1.067341057587432029e+00
5.514205739240296555e-01 4.988046025575823188e+08 1.067078087786851981e+00
5.616929824163804374e-01 5.011883960604165792e+08 1.066812701294470589e+00
5.721567555063246102e-01 5.034243571817301512e+08 1.066551918768576801e+00
5.828154581230839959e-01 5.055069070740260482e+08 1.066303547374277461e+00
5.936727216069119795e-01 5.074308718142057061e+08 1.066076242750128689e+00
6.047322449462643190e-01 5.091915939949002266e+08 1.065879352934155033e+00
6.159977960380161877e-01 5.107866097901751399e+08 1.065715492218380467e+00
6.274732129711574347e-01 5.122163414952541590e+08 1.065577838054850845e+00
6.391624053343999412e-01 5.134824975073811412e+08 1.065458071711556709e+00
6.510693555481454897e-01 5.145880614352780581e+08 1.065346830591042293e+00
6.631981202212668958e-01 5.155373981980365515e+08 1.065233622480824982e+00
6.755528315331639222e-01 5.163363636919997931e+08 1.065106734780468356e+00
6.881376986415662644e-01 5.169924183623996377e+08 1.064953138738108596e+00
7.009570091165617800e-01 5.175147442504258156e+08 1.064758390761921136e+00
7.140151304013395706e-01 5.179113973145244122e+08 1.064512641875127619e+00
7.273165113001454074e-01 5.181822612060701847e+08 1.064225259700071646e+00
7.408656834939559843e-01 5.183258278525791764e+08 1.063911000640588300e+00
7.546672630843886953e-01 5.183410405628313422e+08 1.063586425122796886e+00
7.687259521663728501e-01 5.182273377736976147e+08 1.063270038807502260e+00
7.830465404301183430e-01 5.179846984023081064e+08 1.062982446274510995e+00
7.976339067929273385e-01 5.176136887692314982e+08 1.062746519044494464e+00
8.124930210614047521e-01 5.171152879916461706e+08 1.062583360756880202e+00
8.276289456246344045e-01 5.164896433620238304e+08 1.062487971610343696e+00
8.430468371788967241e-01 5.157368395416405797e+08 1.062442858872817419e+00
8.587519484845170803e-01 5.148574896654896736e+08 1.062428261470273361e+00
8.747496301554414933e-01 5.138527782986279130e+08 1.062421988009239149e+00
8.910453324821513421e-01 5.127245040028333068e+08 1.062399216611012998e+00
9.076446072885356875e-01 5.114751317857936621e+08 1.062332962475500686e+00
9.245531098233570333e-01 5.101080839249100089e+08 1.062212884365141496e+00
9.417766006869519035e-01 5.086278479787652493e+08 1.062050143194068763e+00
9.593209477938241525e-01 5.070397796977162361e+08 1.061858580983979339e+00
9.771921283717996953e-01 5.053501402192913890e+08 1.061653758709006468e+00
9.953962309984233370e-01 5.035661490894196033e+08 1.061453091416935335e+00
1.013939457675291811e+00 5.016954553757676482e+08 1.061274407779473572e+00
1.032828125941028574e+00 4.997415174816041589e+08 1.061123316846319220e+00
1.052068671023622892e+00 4.977056190728982687e+08 1.060998451955066146e+00
1.071667648032863296e+00 4.955893608155295849e+08 1.060898117265611784e+00
1.091631734193614811e+00 4.933947030399185419e+08 1.060820320239961534e+00
1.111967731120699021e+00 4.911239879230527282e+08 1.060762745121831774e+00
1.132682567136153784e+00 4.887799623224771023e+08 1.060722724503142089e+00
1.153783299629660863e+00 4.863658012951034307e+08 1.060697208871617780e+00
1.175277117462945276e+00 4.838851323484019637e+08 1.060682734033272956e+00
1.197171343418965694e+00 4.813420604898192286e+08 1.060675386304355428e+00
1.219473436696737023e+00 4.787411941624163985e+08 1.060670765369658985e+00
1.242190995452616242e+00 4.760876721820505261e+08 1.060663944708322592e+00
1.265331759388941713e+00 4.733868521393556595e+08 1.060649694771565787e+00
1.288903612390891462e+00 4.706405207109012008e+08 1.060625445826375746e+00
1.312914585212463958e+00 4.678479173533518910e+08 1.060590553113937906e+00
1.337372858212495075e+00 4.650082199591904879e+08 1.060544376827710522e+00
1.362286764141645401e+00 4.621205898216252327e+08 1.060486245663734506e+00
1.387664790981307128e+00 4.591841714963148832e+08 1.060415455361126469e+00
1.413515584835394190e+00 4.561980927051240206e+08 1.060331267177983872e+00
1.439847952876006643e+00 4.531614642882294655e+08 1.060232906300134337e+00
1.466670866343967150e+00 4.500733802114308476e+08 1.060119560180111886e+00
1.493993463605256311e+00 4.469329176363250613e+08 1.059990376803663592e+00
1.521825053264385552e+00 4.437395447626016140e+08 1.059845079331876772e+00
1.550175117335768737e+00 4.404960001385063529e+08 1.059688371102361915e+00
1.579053314474174297e+00 4.372068711227822900e+08 1.059527938247085688e+00
1.608469483265355215e+00 4.338771819300657511e+08 1.059372384672452538e+00
1.638433645577983100e+00 4.305124036233018637e+08 1.059231291037088019e+00
1.668956009978023181e+00 4.271184734543362856e+08 1.059115292331694880e+00
1.700046975206716438e+00 4.237018151718293428e+08 1.059036161858323943e+00
1.731717133723352786e+00 4.202693605174966455e+08 1.059006902359455271e+00
1.763977275314043469e+00 4.168284678415486813e+08 1.059041458120103085e+00
1.796838390767719229e+00 4.133835746438230276e+08 1.059142192218127443e+00
1.830311675620611256e+00 4.099351842222996354e+08 1.059295522278344004e+00
1.864408533970485227e+00 4.064835267312421203e+08 1.059485102889873520e+00
1.899140582361933616e+00 4.030287913422233462e+08 1.059692528034145154e+00
1.934519653744044332e+00 3.995711228159036040e+08 1.059897158228989777e+00
1.970557801501798378e+00 3.961106179230933189e+08 1.060075939101510434e+00
2.007267303562568106e+00 3.926473225940017104e+08 1.060203255992981486e+00
2.044660666579115826e+00 3.891814265295090675e+08 1.060260681529356486e+00
2.082750630190514318e+00 3.857135326704322100e+08 1.060251043238636726e+00
2.121550171362450055e+00 3.822442947735602260e+08 1.060181033017573382e+00
2.161072508808376647e+00 3.787743564910534620e+08 1.060058373075360771e+00
2.201331107493030181e+00 3.753043495387574434e+08 1.059891898270555632e+00
2.242339683219845003e+00 3.718348917806851268e+08 1.059691644333639493e+00
2.284112207303823361e+00 3.683665852273560762e+08 1.059468942615471532e+00
2.326662911331458083e+00 3.649000139455783963e+08 1.059236522113284229e+00
2.370006292009327886e+00 3.614357418772367239e+08 1.059008619658009742e+00
2.414157116103017753e+00 3.579743105645833611e+08 1.058801099303281479e+00
2.459130425468043946e+00 3.545162367795027494e+08 1.058631582141865035e+00
2.504941542174502267e+00 3.510620104492631555e+08 1.058519582043223162e+00
2.551606073727183954e+00 3.476125356896196008e+08 1.058479912211478524e+00
2.599139918382932901e+00 3.441700320218107700e+08 1.058508627625005971e+00
2.647559270567066747e+00 3.407370545776177645e+08 1.058597302728036427e+00
2.696880626390692370e+00 3.373162722394566536e+08 1.058736297595494813e+00
2.747120789270811603e+00 3.339104717870422602e+08 1.058914649689032483e+00
2.798296875655115645e+00 3.305225623793777227e+08 1.059119958431377517e+00
2.850426320853434614e+00 3.271555804241727591e+08 1.059338262536975384e+00
2.903526884977813971e+00 3.238126948945103288e+08 1.059553910141052047e+00
2.957616658993253544e+00 3.204972131612160802e+08 1.059749421900303412e+00
3.012714070881164385e+00 3.172125756154647470e+08 1.059905406008396556e+00
3.068837891917642224e+00 3.139605674955573678e+08 1.060009418380215118e+00
3.126007243068700259e+00 3.107392235333343148e+08 1.060066939728609992e+00
3.184241601504649744e+00 3.075458681419540644e+08 1.060086715493996579e+00
3.243560807235807975e+00 3.043775415657745004e+08 1.060078672663098409e+00
3.303985069871854918e+00 3.012309836718054414e+08 1.060054013955863850e+00
3.365534975507090909e+00 2.981026172670563459e+08 1.060025319333410820e+00
3.428231493733967294e+00 2.949885310474097133e+08 1.060006655707805612e+00
3.492095984787267682e+00 2.918844623166023493e+08 1.060013695888201379e+00
3.557150206821382277e+00 2.887868612683921456e+08 1.060061293209354050e+00
3.623416323323146226e+00 2.856982418085691333e+08 1.060150665609790988e+00
3.690916910662774608e+00 2.826235604123288393e+08 1.060277391797617152e+00
3.759674965785463563e+00 2.795680534314297438e+08 1.060436382313009407e+00
3.829713914046277257e+00 2.765372463086732626e+08 1.060621828117705556e+00
3.901057617190989202e+00 2.735369672044665813e+08 1.060827138400653125e+00
3.973730381485604202e+00 2.705733624554483891e+08 1.061044874210727240e+00
4.047756965997318268e+00 2.676525724236637056e+08 1.061267000409993555e+00
4.123162591029748469e+00 2.647766609203143716e+08 1.061488732362797283e+00
4.199972946715301525e+00 2.619446591969316006e+08 1.061707704040790290e+00
4.278214201767612579e+00 2.591553749521186352e+08 1.061921350302598599e+00
4.357913012397025554e+00 2.564074392981086671e+08 1.062126833657126124e+00
4.439096531392166867e+00 2.536992955429047346e+08 1.062321023469652070e+00
4.521792417370697592e+00 2.510291872791467607e+08 1.062500473871282880e+00
4.606028844202397998e+00 2.483951457676428258e+08 1.062661400318252181e+00
4.691834510607794329e+00 2.457949766127563417e+08 1.062799654749834177e+00
4.779238649935595440e+00 2.432262457385399342e+08 1.062910699296941042e+00
4.868271040122278848e+00 2.406862646891849339e+08 1.062989578497985699e+00
4.958962013837211913e+00 2.381720752955236733e+08 1.063030889984566407e+00
5.051342468816761411e+00 2.356805603579552174e+08 1.063029184813974570e+00
5.145443878390924652e+00 2.332106418420974612e+08 1.062986581154300225e+00
5.241298302206056192e+00 2.307631586560885310e+08 1.062912788502059724e+00
5.338938397147350301e+00 2.283390090382412970e+08 1.062819020657657321e+00
5.438397428464796235e+00 2.259390843484672308e+08 1.062717877321287530e+00
5.539709281106400596e+00 2.235642681754227579e+08 1.062623454058305050e+00
5.642908471262536807e+00 2.212154354330734909e+08 1.062551461468024927e+00
5.748030158125351008e+00 2.188934514454740286e+08 1.062519354770939506e+00
5.855110155867238042e+00 2.165991710181128681e+08 1.062546475245425670e+00
5.964184945842459840e+00 2.143334374937466383e+08 1.062654205200805890e+00
6.075291689016070862e+00 2.120971316254995465e+08 1.062863802371552202e+00
6.188468238624382778e+00 2.098916949350859821e+08 1.063171616745615333e+00
6.303753153071275150e+00 2.077189642357165515e+08 1.063555692273700615e+00
6.421185709064758385e+00 2.055808394049899876e+08 1.063990909467324331e+00
6.540805914998252923e+00 2.034792817333466113e+08 1.064448979512334859e+00
6.662654524581149929e+00 2.014163181547998190e+08 1.064898174566067057e+00
6.786773050723295064e+00 1.993940459947195947e+08 1.065303047437566208e+00
6.913203779678127603e+00 1.974146382966808379e+08 1.065624143186837181e+00
7.041989785449288775e+00 1.954803174167145491e+08 1.065818124762048846e+00
7.173174944465612768e+00 1.935912740369716287e+08 1.065864758582764971e+00
7.306803950529499936e+00 1.917442085968013108e+08 1.065787260054866792e+00
7.442922330043757917e+00 1.899351878143830895e+08 1.065616229164491280e+00
7.581576457522110069e+00 1.881599076718910635e+08 1.065386222374049785e+00
7.722813571388642551e+00 1.864136663678910136e+08 1.065136047557074805e+00
7.866681790071582192e+00 1.846913362694525123e+08 1.064909090148210336e+00
8.013230128396878982e+00 1.829873361097119749e+08 1.064753668987216573e+00
8.162508514287219796e+00 1.812973695155255795e+08 1.064708035238566275e+00
8.314567805772055564e+00 1.796222797950937450e+08 1.064765929433610925e+00
8.469459808314576676e+00 1.779639953396337032e+08 1.064910447458714104e+00
8.627237292461440887e+00 1.763245373949264288e+08 1.065122378929340474e+00
8.787954011821311084e+00 1.747060252825688422e+08 1.065379999352228158e+00
8.951664721378293166e+00 1.731106821902685463e+08 1.065658850309125105e+00
9.118425196146562328e+00 1.715408416127559245e+08 1.065931508440854936e+00
9.288292250172489162e+00 1.699989545366631448e+08 1.066167344452692456e+00
9.461323755890759912e+00 1.684875974762478173e+08 1.066332273902334871e+00
9.637578663841079418e+00 1.670094814824422896e+08 1.066388502184592024e+00
9.817117022752183786e+00 1.655674622656815946e+08 1.066294266907464872e+00
1.000000000000000000e+01 1.641645515938201249e+08 1.066003581778052212e+00
