# Reference: https://doi.org/10.1088/1475-7516/2004/12/010
1.000000000000000021e-03 3.563999999999994103e-11 1.199999999999999956e+00
1.018628990244687619e-03 4.266539070919074383e-11 1.199999999999999956e+00
1.037605019766911670e-03 5.116799647591370223e-11 1.199999999999999956e+00
1.056934553557988335e-03 6.147451849936879941e-11 1.199999999999999956e+00
1.076624177045493267e-03 7.398678167374684608e-11 1.199999999999999956e+00
1.096680598336868600e-03 8.919950598545077066e-11 1.199999999999999956e+00
1.117110650504824203e-03 1.077223565297972080e-10 1.199999999999999956e+00
1.137921293915315117e-03 1.303073078126487972e-10 1.199999999999999956e+00
1.159119618598885779e-03 1.578826061436338844e-10 1.199999999999999956e+00
1.180712846666190276e-03 1.915949195860874334e-10 1.199999999999999956e+00
1.202708334768511989e-03 2.328616404927137776e-10 1.199999999999999956e+00
1.225113576604118949e-03 2.834357657710915732e-10 1.199999999999999956e+00
1.247936205471311460e-03 3.454863418281339786e-10 1.199999999999999956e+00
1.271183996869028896e-03 4.216981444432651165e-10 1.199999999999999956e+00
1.294864871145904933e-03 5.153950911512864632e-10 1.199999999999999956e+00
1.318986896198670470e-03 6.306928802117708808e-10 1.199999999999999956e+00
1.343558290220826226e-03 7.726875432098414328e-10 1.199999999999999956e+00
1.368587424502519176e-03 9.476880163788596334e-10 1.199999999999999956e+00
1.394082826282578647e-03 1.163502507244715330e-09 1.199999999999999956e+00
1.420053181653683095e-03 1.429790383900548795e-09 1.199999999999999956e+00
1.446507338521647217e-03 1.758493563548434358e-09 1.199999999999999956e+00
1.473454309619835756e-03 2.164363932647014450e-09 1.199999999999999956e+00
1.500903275579736594e-03 2.665606181660793591e-09 1.199999999999999956e+00
1.528863588058731147e-03 3.284658542104731102e-09 1.199999999999999956e+00
1.557344772926135207e-03 4.049137188139026049e-09 1.199999999999999956e+00
1.586356533508589657e-03 4.992973363987161980e-09 1.199999999999999956e+00
1.615908753895919101e-03 6.157775392465415277e-09 1.199999999999999956e+00
1.646011502308549748e-03 7.594450267215534835e-09 1.199999999999999956e+00
1.676675034527699143e-03 9.365121044152275965e-09 1.199999999999999956e+00
1.707909797389426916e-03 1.154537605379167524e-08 1.199999999999999956e+00
1.739726432343800767e-03 1.422688315627671159e-08 1.199999999999999956e+00
1.772135779080358372e-03 1.752039568648384178e-08 1.199999999999999956e+00
1.805148879221108154e-03 2.155916491246629605e-08 1.199999999999999956e+00
1.838776980082326793e-03 2.650275495158065575e-08 1.199999999999999956e+00
1.873031538506436536e-03 3.254122802296215652e-08 1.199999999999999956e+00
1.907924224765265072e-03 3.989962825068170408e-08 1.199999999999999956e+00
1.943466926536020246e-03 4.884263839133581237e-08 1.199999999999999956e+00
1.979671752951332481e-03 5.967921330950384672e-08 1.199999999999999956e+00
2.016551038724746607e-03 7.276690461398676230e-08 1.199999999999999956e+00
2.054117348353064112e-03 8.851548133248440677e-08 1.199999999999999956e+00
2.092383480396977150e-03 1.073893221624718775e-07 1.199999999999999956e+00
2.131362471841437810e-03 1.299079085100846286e-07 1.199999999999999956e+00
2.171067602537264923e-03 1.566435906574201003e-07 1.199999999999999956e+00
2.211512399725488933e-03 1.882156433286229736e-07 1.199999999999999956e+00
2.252710642645980484e-03 2.252794892415543567e-07 1.199999999999999956e+00
2.294676367231936100e-03 2.685098749340457102e-07 1.199999999999999956e+00
2.337423870891814758e-03 3.185767653609354054e-07 1.199999999999999956e+00
2.380967717380358135e-03 3.761128235024677471e-07 1.199999999999999956e+00
2.425322741760352948e-03 4.416716057723465144e-07 1.199999999999999956e+00
2.470504055456825433e-03 5.156760830728825808e-07 1.199999999999999956e+00
2.516527051405391836e-03 5.986324117747090575e-07 1.199999999999999956e+00
2.563407409296514835e-03 6.943614620379860806e-07 1.199999999999999956e+00
2.611161100917459583e-03 8.058577508269926061e-07 1.199999999999999956e+00
2.659804395593758260e-03 9.357230802312780777e-07 1.199999999999999956e+00
2.709353865732051433e-03 1.086974416611573541e-06 1.199999999999999956e+00
2.759826392466180594e-03 1.263104156684301470e-06 1.199999999999999956e+00
2.811239171408464344e-03 1.468147183589702141e-06 1.199999999999999956e+00
2.863609718508115885e-03 1.706754859528274707e-06 1.199999999999999956e+00
2.916955876018795853e-03 1.984275874351887707e-06 1.199999999999999956e+00
2.971295818577334054e-03 2.306843553472642267e-06 1.199999999999999956e+00
3.026648059395692196e-03 2.681468803016492672e-06 1.199999999999999956e+00
3.083031456568277075e-03 3.116137312493183603e-06 1.199999999999999956e+00
3.140465219496752208e-03 3.619908921037271061e-06 1.199999999999999956e+00
3.198968915434537586e-03 4.203016157814622384e-06 1.199999999999999956e+00
3.258562476153226226e-03 4.876957867325165581e-06 1.199999999999999956e+00
3.319266204733189573e-03 5.654582507160282565e-06 1.199999999999999956e+00
3.381100782480685445e-03 6.550154148416882186e-06 1.199999999999999956e+00
3.444087275973823411e-03 7.579392419635181897e-06 1.199999999999999956e+00
3.508247144239792347e-03 8.759567654352575492e-06 1.199999999999999956e+00
3.573602246065788347e-03 1.011745595461552974e-05 1.199999999999999956e+00
3.640174847446141400e-03 1.168324155591100032e-05 1.199999999999999956e+00
3.707987629168172684e-03 1.348681787204216849e-05 1.199999999999999956e+00
3.777063694539364597e-03 1.556172548559658439e-05 1.199999999999999956e+00
3.847426577258505898e-03 1.794540746408277389e-05 1.199999999999999956e+00
3.919100249433401899e-03 2.067942540226832922e-05 1.199999999999999956e+00
3.992109129748053209e-03 2.380961446839121004e-05 1.199999999999999956e+00
4.066478091781853925e-03 2.738615058324219345e-05 1.199999999999999956e+00
4.142232472483897525e-03 3.146349719135294173e-05 1.199999999999999956e+00
4.219398080805024202e-03 3.610019305431014447e-05 1.199999999999999956e+00
4.298001206490798497e-03 4.135843637324946475e-05 1.199999999999999956e+00
4.378068629038166758e-03 4.730341472748421133e-05 1.199999999999999956e+00
4.459627626819095622e-03 5.400232535460354477e-05 1.199999999999999956e+00
4.542705986374042521e-03 6.153971630356303555e-05 1.199999999999999956e+00
4.627332011878692967e-03 7.010109037088667577e-05 1.199999999999999956e+00
4.713534534786906725e-03 7.983292777165861573e-05 1.199999999999999956e+00
4.801342923653449841e-03 9.088274025882215126e-05 1.199999999999999956e+00
4.890787094139589959e-03 1.034128270664999002e-04 1.199999999999999956e+00
4.981897519205159656e-03 1.176007266431247796e-04 1.199999999999999956e+00
5.074705239490466188e-03 1.336393718919932330e-04 1.199999999999999956e+00
5.169241873891598608e-03 1.517368481649434967e-04 1.199999999999999956e+00
5.265539630332755246e-03 1.721156355161085978e-04 1.199999999999999956e+00
5.363631316739239652e-03 1.950111985779412612e-04 1.199999999999999956e+00
5.463550352214875498e-03 2.206697698597182087e-04 1.199999999999999956e+00
5.565330778427646403e-03 2.494096373191502232e-04 1.199999999999999956e+00
5.669007271207434327e-03 2.817815643111566595e-04 1.199999999999999956e+00
5.774615152359819509e-03 3.182225527517295368e-04 1.199999999999999956e+00
5.882190401699956099e-03 3.591873760212093022e-04 1.199999999999999956e+00
5.991769669310619169e-03 4.051660668528766856e-04 1.199999999999999956e+00
6.103390288028621123e-03 4.566826130374323166e-04 1.199999999999999956e+00
6.217090286163826779e-03 5.142923481917979463e-04 1.199999999999999956e+00
6.332908400455114321e-03 5.785777258601467691e-04 1.199999999999999956e+00
6.450884089267692675e-03 6.501421302628757190e-04 1.199999999999999956e+00
6.571057546036270826e-03 7.297385869711892764e-04 1.199999999999999956e+00
6.693469712958660493e-03 8.187130421620932540e-04 1.199999999999999956e+00
6.818162294944479437e-03 9.181141245302352301e-04 1.199999999999999956e+00
6.945177773823696388e-03 1.029001419543237915e-03 1.199999999999999956e+00
7.074559422819878297e-03 1.152500035693753387e-03 1.199999999999999956e+00
7.206351321293052656e-03 1.289793986483352486e-03 1.199999999999999956e+00
7.340598369757212090e-03 1.442116206278408431e-03 1.199999999999999956e+00
7.477346305177588227e-03 1.610734531571851591e-03 1.199999999999999956e+00
7.616641716552892058e-03 1.797487439050098534e-03 1.199999999999999956e+00
7.758532060787835978e-03 2.005024065015105061e-03 1.199999999999999956e+00
7.903065678861348128e-03 2.235355138454151423e-03 1.199999999999999956e+00
8.050291812295981564e-03 2.490581119746426274e-03 1.199999999999999956e+00
8.200260619934130954e-03 2.772896424251978555e-03 1.199999999999999956e+00
8.353023195026778799e-03 3.084568671021894939e-03 1.199999999999999956e+00
8.508631582640582489e-03 3.427914328298641965e-03 1.199999999999999956e+00
8.667138797389234081e-03 3.806812562283451700e-03 1.199999999999999956e+00
8.828598841495149604e-03 4.225578834036870617e-03 1.199999999999999956e+00
8.993066723187623582e-03 4.687708268619315659e-03 1.199999999999999956e+00
9.160598475443709407e-03 5.196833074759816054e-03 1.199999999999999956e+00
9.331251175078249249e-03 5.756686109232952986e-03 1.199999999999999956e+00
9.505082962189511861e-03 6.371054342102529591e-03 1.199999999999999956e+00
9.682153059967075343e-03 7.046261274175711492e-03 1.199999999999999956e+00
9.862521794868784469e-03 7.789514768353234322e-03 1.199999999999999956e+00
1.004625061717340749e-02 8.606461700711068308e-03 1.199999999999999956e+00
1.023340212191641702e-02 9.502931257044279142e-03 1.199999999999999956e+00
1.042404007021556327e-02 1.048487084609301019e-02 1.199999999999999956e+00
1.061822941099384125e-02 1.155925002012307169e-02 1.199999999999999956e+00
1.081603630310709954e-02 1.273678950394649574e-02 1.199999999999999956e+00
1.101752813788386791e-02 1.402578706592474793e-02 1.199999999999999956e+00
1.122277356208507652e-02 1.543430793828340711e-02 1.199999999999999956e+00
1.143184250129149725e-02 1.697044054818176370e-02 1.199999999999999956e+00
1.164480618372686072e-02 1.864481284533314048e-02 1.199999999999999956e+00
1.186173716452478509e-02 2.047533776266682176e-02 1.199999999999999956e+00
1.208270935044776506e-02 2.247436044658829291e-02 1.199999999999999956e+00
1.230779802506665188e-02 2.465392930671127941e-02 1.199999999999999956e+00
1.253707987440920262e-02 2.702630292953347307e-02 1.199999999999999956e+00
1.277063301308643990e-02 2.961030614509433528e-02 1.199999999999999956e+00
1.300853701090571267e-02 3.242419673232772165e-02 1.199999999999999956e+00
1.325087291997953214e-02 3.548337442858331969e-02 1.199999999999999956e+00
1.349772330233941706e-02 3.880316257159494714e-02 1.199999999999999956e+00
1.374917225806419029e-02 4.240741650212109110e-02 1.199999999999999956e+00
1.400530545393219653e-02 4.632366166622459147e-02 1.199999999999999956e+00
1.426621015260736910e-02 5.057213528208708703e-02 1.199999999999999956e+00
1.453197524236895383e-02 5.517305200220897626e-02 1.199999999999999956e+00
1.480269126739508674e-02 6.015853559606246931e-02 1.199999999999999956e+00
1.507845045861051086e-02 6.556027035689591942e-02 1.199999999999999956e+00
1.535934676510897039e-02 7.140331525288919068e-02 1.199999999999999956e+00
1.564547588616095955e-02 7.771595756918076026e-02 1.199999999999999956e+00
1.593693530381774456e-02 8.454739437217882736e-02 1.199999999999999956e+00
1.623382431612278159e-02 9.193316489622060939e-02 1.199999999999999956e+00
1.653624407094180307e-02 9.990523806744508462e-02 1.199999999999999956e+00
1.684429760042315330e-02 1.084946937354520219e-01 1.199999999999999956e+00
1.715808985610004986e-02 1.177390789609662064e-01 1.199999999999999956e+00
1.747772774464680795e-02 1.277210053321605199e-01 1.199999999999999956e+00
1.780332016430113962e-02 1.384935371941528326e-01 1.199999999999999956e+00
1.813497804196495186e-02 1.501023872985349228e-01 1.199999999999999956e+00
1.847281437099634188e-02 1.625923883148398252e-01 1.199999999999999956e+00
1.881694424970555696e-02 1.760066375581954279e-01 1.199999999999999956e+00
1.916748492056815148e-02 1.903980057638550438e-01 1.199999999999999956e+00
1.952455581016860828e-02 2.058981347060478972e-01 1.199999999999999956e+00
1.988827856988809734e-02 2.225887392890649741e-01 1.199999999999999956e+00
2.025877711735016989e-02 2.405376624573253297e-01 1.199999999999999956e+00
2.063617767863858837e-02 2.598117441637117220e-01 1.199999999999999956e+00
2.102060883130158278e-02 2.804756666403857013e-01 1.199999999999999956e+00
2.141220154815729262e-02 3.025905848719159241e-01 1.199999999999999956e+00
2.181108924191518805e-02 3.262125230360761741e-01 1.199999999999999956e+00
2.221740781062883641e-02 3.513905196843278289e-01 1.199999999999999956e+00
2.263129568399528321e-02 3.781813837782708743e-01 1.199999999999999956e+00
2.305289387051707301e-02 4.068847770815423037e-01 1.199999999999999956e+00
2.348234600554275145e-02 4.376920496689221673e-01 1.199999999999999956e+00
2.391979840020238418e-02 4.707229498674533330e-01 1.199999999999999956e+00
2.436540009125464853e-02 5.060969599392453055e-01 1.199999999999999956e+00
2.481930289186254010e-02 5.439317036154733831e-01 1.199999999999999956e+00
2.528166144331499277e-02 5.843410435228085786e-01 1.199999999999999956e+00
2.575263326771199887e-02 6.274328366713498584e-01 1.199999999999999956e+00
2.623237882163122203e-02 6.733063173313094119e-01 1.199999999999999956e+00
2.672106155079433804e-02 7.220490791885022519e-01 1.199999999999999956e+00
2.721884794575178332e-02 7.737336329831011605e-01 1.199999999999999956e+00
2.772590759860482645e-02 8.284824109085983102e-01 1.199999999999999956e+00
2.824241326078434297e-02 8.869151467660364441e-01 1.199999999999999956e+00
2.876854090190592711e-02 9.493380786156966344e-01 1.199999999999999956e+00
2.930446976972142861e-02 1.015957811236536612e+00 1.199999999999999956e+00
2.985038245118730796e-02 1.086978539668450816e+00 1.199999999999999956e+00
3.040646493467067182e-02 1.162599143486547471e+00 1.199999999999999956e+00
3.097290667331408301e-02 1.243009762885084690e+00 1.199999999999999956e+00
3.154990064958086704e-02 1.328387807964961587e+00 1.199999999999999956e+00
3.213764344100276948e-02 1.418893355075102836e+00 1.199999999999999956e+00
3.273633528715245988e-02 1.514663888727201257e+00 1.199999999999999956e+00
3.334618015786364187e-02 1.615808354997806173e+00 1.199999999999999956e+00
3.396738582272208068e-02 1.722400503013987061e+00 1.199999999999999956e+00
3.460016392185108480e-02 1.834471505688406889e+00 1.199999999999999956e+00
3.524473003801584237e-02 1.952142892998923518e+00 1.199999999999999956e+00
3.590130377007068330e-02 2.076946781787778473e+00 1.199999999999999956e+00
3.657010880777489259e-02 2.209616880085344182e+00 1.199999999999999956e+00
3.725137300800209633e-02 2.350532903650818017e+00 1.199999999999999956e+00
3.794532847236938011e-02 2.500070305125083880e+00 1.199999999999999956e+00
3.865221162631261864e-02 2.658595473615992244e+00 1.199999999999999956e+00
3.937226329963479377e-02 2.826460109435562806e+00 1.199999999999999956e+00
4.010572880855495931e-02 3.003994696095158012e+00 1.199999999999999956e+00
4.085285803928561527e-02 3.191500993875859837e+00 1.199999999999999956e+00
4.161390553316707264e-02 3.389243484349583557e+00 1.199999999999999956e+00
4.238913057338778573e-02 3.597439703815353607e+00 1.199999999999999956e+00
4.317879727332021161e-02 3.816249416496508395e+00 1.199999999999999956e+00
4.398317466650223523e-02 4.045762596348168039e+00 1.199999999999999956e+00
4.480253679829489938e-02 4.285986210331649282e+00 1.199999999999999956e+00
4.563716281924758839e-02 4.537852849525160437e+00 1.199999999999999956e+00
4.648733708020256344e-02 4.803988549402562036e+00 1.199999999999999956e+00
4.735334922917116413e-02 5.085050808434358416e+00 1.199999999999999956e+00
4.823549431001467047e-02 5.381579922031028751e+00 1.199999999999999956e+00
4.913407286296361809e-02 5.694082101473701307e+00 1.199999999999999956e+00
5.004939102700953213e-02 6.023018389447767795e+00 1.199999999999999956e+00
5.098176064420424647e-02 6.368792086520118190e+00 1.199999999999999956e+00
5.193149936590212012e-02 6.731734599907788663e+00 1.199999999999999956e+00
5.289893076098151070e-02 7.112089641639692594e+00 1.199999999999999956e+00
5.388438442608223938e-02 7.509995725337188510e+00 1.199999999999999956e+00
5.488819609789671872e-02 7.925466940446288966e+00 1.199999999999999956e+00
5.591070776755290017e-02 8.360359282435378958e+00 1.199999999999999956e+00
5.695226779712821846e-02 8.818039799711856475e+00 1.199999999999999956e+00
5.801323103833375128e-02 9.299264737817660276e+00 1.199999999999999956e+00
5.909395895340967958e-02 9.804702696338646106e+00 1.199999999999999956e+00
6.019481973827271043e-02 1.033494664043776368e+01 1.199999999999999956e+00
6.131618844795772016e-02 1.089049546934600521e+01 1.199999999999999956e+00
6.245844712439614643e-02 1.147173343183104599e+01 1.199999999999999956e+00
6.362198492657485105e-02 1.207890730549977931e+01 1.199999999999999956e+00
6.480719826311967524e-02 1.271210128845272713e+01 1.199999999999999956e+00
6.601449092734885948e-02 1.337328234100903046e+01 1.199999999999999956e+00
6.724427423484245769e-02 1.406657326820810638e+01 1.199999999999999956e+00
6.849696716357443760e-02 1.479283549720453905e+01 1.199999999999999956e+00
6.977299649665534564e-02 1.555274598992711255e+01 1.199999999999999956e+00
7.107279696773415034e-02 1.634684360126134806e+01 1.199999999999999956e+00
7.239681140910873836e-02 1.717550155310428650e+01 1.199999999999999956e+00
7.374549090259549522e-02 1.803889710943491309e+01 1.199999999999999956e+00
7.511929493320965157e-02 1.893700557588212163e+01 1.199999999999999956e+00
7.651869154570821452e-02 1.987404814575618417e+01 1.199999999999999956e+00
7.794415750404946885e-02 2.085383833681665067e+01 1.199999999999999956e+00
7.939617845382279659e-02 2.187718149200659568e+01 1.199999999999999956e+00
8.087524908770453436e-02 2.294470590085630235e+01 1.199999999999999956e+00
8.238187331399605962e-02 2.405682894791386062e+01 1.199999999999999956e+00
8.391656442830157381e-02 2.521371990572580657e+01 1.199999999999999956e+00
8.547984528840409102e-02 2.641565891138635180e+01 1.199999999999999956e+00
8.707224849239916797e-02 2.766879986949864190e+01 1.199999999999999956e+00
8.869431656014709064e-02 2.897606436548396402e+01 1.199999999999999956e+00
9.034660211810524588e-02 3.033821931004041872e+01 1.199999999999999956e+00
9.202966808760409956e-02 3.175578189463080037e+01 1.199999999999999956e+00
9.374408787662991127e-02 3.322897612836856496e+01 1.199999999999999956e+00
9.549044557518077125e-02 3.475804804304758733e+01 1.199999999999999956e+00
9.726933615426168467e-02 3.634951987980016952e+01 1.199999999999999956e+00
9.908136566858666283e-02 3.800661811902101306e+01 1.199999999999999956e+00
1.009271514630570854e-01 3.973001690185869705e+01 1.199999999999999956e+00
1.028073223830864719e-01 4.152006289547072271e+01 1.199999999999999956e+00
1.047225189888434382e-01 4.337672214696421236e+01 1.199999999999999956e+00
1.066733937734857113e-01 4.530346063040230575e+01 1.199999999999999956e+00
1.086606113854596822e-01 4.730716687537257314e+01 1.199999999999999956e+00
1.106848488549412035e-01 4.938861453060748374e+01 1.199999999999999956e+00
1.127467958244946084e-01 5.154808572699635505e+01 1.199999999999999956e+00
1.148471547840289042e-01 5.378541375797460233e+01 1.199999999999999956e+00
1.169866413101306873e-01 5.610543779381072227e+01 1.199999999999999956e+00
1.191659843098558796e-01 5.851564362841835987e+01 1.199999999999999956e+00
1.213859262690627772e-01 6.101672547917755196e+01 1.199999999999999956e+00
1.236472235053715091e-01 6.360889091299998910e+01 1.199999999999999956e+00
1.259506464258357550e-01 6.629284227845077737e+01 1.199999999999999956e+00
1.282969797894147612e-01 6.907738266863799481e+01 1.199999999999999956e+00
1.306870229743346268e-01 7.196523959741645626e+01 1.199999999999999956e+00
1.331215902504307713e-01 7.495665488871306081e+01 1.199999999999999956e+00
1.356015110565633452e-01 7.805164526474140985e+01 1.199999999999999956e+00
1.381276302832009362e-01 8.125815163544665154e+01 1.199999999999999956e+00
1.407008085602685088e-01 8.458006713342328453e+01 1.199999999999999956e+00
1.433219225503573890e-01 8.801736441846281878e+01 1.199999999999999956e+00
1.459918652473978506e-01 9.157024069238451602e+01 1.199999999999999956e+00
1.487115462808953625e-01 9.524763331911125874e+01 1.199999999999999956e+00
1.514818922258345801e-01 9.905214918729853935e+01 1.199999999999999956e+00
1.543038469183564687e-01 1.029832130915041688e+02 1.199999999999999956e+00
1.571783717773162781e-01 1.070456872679239808e+02 1.199999999999999956e+00
1.601064461318317811e-01 1.112541996816750611e+02 1.199999999999999956e+00
1.630890675549332702e-01 1.156101584332538863e+02 1.199999999999999956e+00
1.661272522034293042e-01 1.201136557561269029e+02 1.199999999999999956e+00
1.692220351641037235e-01 1.247639792067469102e+02 1.199999999999999956e+00
1.723744708063619790e-01 1.295668151283921929e+02 1.199999999999999956e+00
1.755856331414468730e-01 1.345395812219533695e+02 1.199999999999999956e+00
1.788566161883461958e-01 1.396839977612649761e+02 1.199999999999999956e+00
1.821885343465165230e-01 1.450002401383989081e+02 1.199999999999999956e+00
1.855825227755517060e-01 1.504875808567934428e+02 1.199999999999999956e+00
1.890397377819219571e-01 1.561442664050041174e+02 1.199999999999999956e+00
1.925613572129196704e-01 1.619778917661118101e+02 1.199999999999999956e+00
1.961485808579429280e-01 1.680155175759024644e+02 1.199999999999999956e+00
1.998026308572548593e-01 1.742601149778489287e+02 1.199999999999999956e+00
2.035247521183575770e-01 1.807123696858724315e+02 1.199999999999999956e+00
2.073162127401229071e-01 1.873719788381702642e+02 1.199999999999999956e+00
2.111783044448242164e-01 1.942375137556671518e+02 1.199999999999999956e+00
2.151123430182164953e-01 2.013062721449487640e+02 1.199999999999999956e+00
2.191196687578147451e-01 2.085741198389019928e+02 1.199999999999999956e+00
2.232016469295232397e-01 2.160353223746384970e+02 1.199999999999999956e+00
2.273596682327715113e-01 2.236965668884998308e+02 1.199999999999999956e+00
2.315951492743152096e-01 2.316206062415475628e+02 1.199999999999999956e+00
2.359095330508633737e-01 2.398191033238126408e+02 1.199999999999999956e+00
2.403042894406967056e-01 2.482949208187330328e+02 1.199999999999999956e+00
2.447809157044440187e-01 2.570499520100653967e+02 1.199999999999999956e+00
2.493409369951877785e-01 2.660849735487228145e+02 1.199999999999999956e+00
2.539859068780723761e-01 2.753994854218342425e+02 1.199999999999999956e+00
2.587174078595921300e-01 2.849915378308219260e+02 1.199999999999999956e+00
2.635370519267393186e-01 2.948575448388867244e+02 1.199999999999999956e+00
2.684464810961962322e-01 3.049920848401232547e+02 1.199999999999999956e+00
2.734473679737579599e-01 3.153876881376131678e+02 1.199999999999999956e+00
2.785414163241766161e-01 3.260611894309429317e+02 1.199999999999999956e+00
2.837303616516211324e-01 3.370875507179780470e+02 1.199999999999999956e+00
2.890159717909508430e-01 3.484753084953483722e+02 1.199999999999999956e+00
2.944000475100033709e-01 3.602268486004687134e+02 1.199999999999999956e+00
2.998844231231027613e-01 3.723431674272882788e+02 1.199999999999999956e+00
3.054709671159968054e-01 3.848236760657513855e+02 1.199999999999999956e+00
3.111615827824359970e-01 3.976659884722398601e+02 1.199999999999999956e+00
3.169582088726115021e-01 4.108656934388175728e+02 1.199999999999999956e+00
3.228628202536730218e-01 4.244161103411107092e+02 1.199999999999999956e+00
3.288774285825510346e-01 4.383297921879307637e+02 1.199999999999999956e+00
3.350040829913132900e-01 4.526790294730551523e+02 1.199999999999999956e+00
3.412448707852889229e-01 4.674724489787971606e+02 1.199999999999999956e+00
3.476019181541977754e-01 4.827105457478733683e+02 1.199999999999999956e+00
3.540773908965269556e-01 4.983918490838899515e+02 1.199999999999999956e+00
3.606734951574028236e-01 5.145126676705951922e+02 1.199999999999999956e+00
3.673924781802074269e-01 5.310668156982125083e+02 1.199999999999999956e+00
3.742366290721980682e-01 5.480453200162629628e+02 1.199999999999999956e+00
3.812082795843887983e-01 5.654879251295420772e+02 1.199999999999999956e+00
3.883098049059605095e-01 5.834693738674791348e+02 1.199999999999999956e+00
3.955436244734701345e-01 6.019925024102859652e+02 1.199999999999999956e+00
4.029122027951347884e-01 6.210572603708094448e+02 1.199999999999999956e+00
4.104180502904709038e-01 6.406611869177066865e+02 1.199999999999999956e+00
4.180637241455757991e-01 6.607991055359165102e+02 1.199999999999999956e+00
4.258518291843414461e-01 6.814634213645992986e+02 1.199999999999999956e+00
4.337850187558989212e-01 7.027091797328139364e+02 1.199999999999999956e+00
4.418659956385941334e-01 7.245777084721639767e+02 1.199999999999999956e+00
4.500975129608046355e-01 7.470675974185686528e+02 1.199999999999999956e+00
4.584823751389096036e-01 7.701745470780830374e+02 1.199999999999999956e+00
4.670234388327330621e-01 7.938910138563578585e+02 1.199999999999999956e+00
4.757236139187884794e-01 8.182063561707795998e+02 1.199999999999999956e+00
4.845858644816490868e-01 8.431989098305668904e+02 1.199999999999999956e+00
4.936132098237911991e-01 8.689347525598705033e+02 1.199999999999999956e+00
5.028087254942474882e-01 8.954153207437113906e+02 1.199999999999999956e+00
5.121755443364236493e-01 9.226390658443599477e+02 1.199999999999999956e+00
5.217168575554343990e-01 9.506010718438787990e+02 1.199999999999999956e+00
5.314359158053235666e-01 9.792926437820431147e+02 1.199999999999999956e+00
5.413360302965375404e-01 1.008700867133728934e+03 1.199999999999999956e+00
5.514205739240296555e-01 1.038810501886925522e+03 1.199999999999999956e+00
5.616929824163804374e-01 1.069756571873106395e+03 1.199999999999999956e+00
5.721567555063246102e-01 1.101632572352818443e+03 1.199999999999999956e+00
5.828154581230839959e-01 1.134443822527067368e+03 1.199999999999999956e+00
5.936727216069119795e-01 1.168192449299062218e+03 1.199999999999999956e+00
6.047322449462643190e-01 1.202876959112690429e+03 1.199999999999999956e+00
6.159977960380161877e-01 1.238491775442671042e+03 1.199999999999999956e+00
6.274732129711574347e-01 1.275026741157428660e+03 1.199999999999999956e+00
6.391624053343999412e-01 1.312466585326818631e+03 1.199999999999999956e+00
6.510693555481454897e-01 1.350791509845170140e+03 1.199999999999999956e+00
6.631981202212668958e-01 1.390151919524417281e+03 1.199999999999999956e+00
6.755528315331639222e-01 1.430672335782680648e+03 1.199999999999999956e+00
6.881376986415662644e-01 1.472358454908340718e+03 1.199999999999999956e+00
7.009570091165617800e-01 1.515211969286304566e+03 1.199999999999999956e+00
7.140151304013395706e-01 1.559230040274706425e+03 1.199999999999999956e+00
7.273165113001454074e-01 1.604404729364821833e+03 1.199999999999999956e+00
7.408656834939559843e-01 1.650722386708180466e+03 1.199999999999999956e+00
7.546672630843886953e-01 1.698177938062062594e+03 1.199999999999999956e+00
7.687259521663728501e-01 1.746946894582985124e+03 1.199999999999999956e+00
7.830465404301183430e-01 1.797089481827341388e+03 1.199999999999999956e+00
7.976339067929273385e-01 1.848605376779998778e+03 1.199999999999999956e+00
8.124930210614047521e-01 1.901488709419457109e+03 1.199999999999999956e+00
8.276289456246344045e-01 1.955727383840024231e+03 1.199999999999999956e+00
8.430468371788967241e-01 2.011302349826843283e+03 1.199999999999999956e+00
8.587519484845170803e-01 2.068232468424705985e+03 1.199999999999999956e+00
8.747496301554414933e-01 2.126720772864408900e+03 1.199999999999999956e+00
8.910453324821513421e-01 2.186794717279024553e+03 1.199999999999999956e+00
9.076446072885356875e-01 2.248447402797210543e+03 1.199999999999999956e+00
9.245531098233570333e-01 2.311664824038150982e+03 1.199999999999999956e+00
9.417766006869519035e-01 2.376425042319789100e+03 1.199999999999999956e+00
9.593209477938241525e-01 2.442759025296179061e+03 1.199999999999999956e+00
9.771921283717996953e-01 2.510981019108733562e+03 1.199999999999999956e+00
9.953962309984233370e-01 2.581151737318484720e+03 1.199999999999999956e+00
1.013939457675291811e+00 2.653279339893194901e+03 1.199999999999999956e+00
1.032828125941028574e+00 2.727365387942454618e+03 1.199999999999999956e+00
1.052068671023622892e+00 2.803403994748483456e+03 1.199999999999999956e+00
1.071667648032863296e+00 2.881380910473112635e+03 1.199999999999999956e+00
1.091631734193614811e+00 2.961272539018381849e+03 1.199999999999999956e+00
1.111967731120699021e+00 3.043044886153127209e+03 1.199999999999999956e+00
1.132682567136153784e+00 3.126698071586367405e+03 1.199999999999999956e+00
1.153783299629660863e+00 3.212695069899166356e+03 1.199999999999999956e+00
1.175277117462945276e+00 3.301189114831240204e+03 1.199999999999999956e+00
1.197171343418965694e+00 3.392199287164575708e+03 1.199999999999999956e+00
1.219473436696737023e+00 3.485737412237238459e+03 1.199999999999999956e+00
1.242190995452616242e+00 3.581807077219484199e+03 1.199999999999999956e+00
1.265331759388941713e+00 3.680402567382576308e+03 1.199999999999999956e+00
1.288903612390891462e+00 3.781507718648953414e+03 1.199999999999999956e+00
1.312914585212463958e+00 3.885094684302283440e+03 1.199999999999999956e+00
1.337372858212495075e+00 3.991122614486054772e+03 1.199999999999999956e+00
1.362286764141645401e+00 4.099536248053675081e+03 1.199999999999999956e+00
1.387664790981307128e+00 4.210380809480943753e+03 1.199999999999999956e+00
1.413515584835394190e+00 4.324323940051276622e+03 1.199999999999999956e+00
1.439847952876006643e+00 4.441508536904751963e+03 1.199999999999999956e+00
1.466670866343967150e+00 4.561954666154738334e+03 1.199999999999999956e+00
1.493993463605256311e+00 4.685672570493676176e+03 1.199999999999999956e+00
1.521825053264385552e+00 4.812661376954273692e+03 1.199999999999999956e+00
1.550175117335768737e+00 4.942907700660884984e+03 1.199999999999999956e+00
1.579053314474174297e+00 5.076384141394883954e+03 1.199999999999999956e+00
1.608469483265355215e+00 5.213047670603625193e+03 1.199999999999999956e+00
1.638433645577983100e+00 5.352923852307991183e+03 1.199999999999999956e+00
1.668956009978023181e+00 5.496620082700181229e+03 1.199999999999999956e+00
1.700046975206716438e+00 5.644286655205828538e+03 1.199999999999999956e+00
1.731717133723352786e+00 5.795935178880190506e+03 1.199999999999999956e+00
1.763977275314043469e+00 5.951563757137806533e+03 1.199999999999999956e+00
1.796838390767719229e+00 6.111155301186388897e+03 1.199999999999999956e+00
1.830311675620611256e+00 6.274675714472170512e+03 1.199999999999999956e+00
1.864408533970485227e+00 6.442071945277595660e+03 1.199999999999999956e+00
1.899140582361933616e+00 6.613527785479125669e+03 1.199999999999999956e+00
1.934519653744044332e+00 6.789781502104300671e+03 1.199999999999999956e+00
1.970557801501798378e+00 6.970913875022244611e+03 1.199999999999999956e+00
2.007267303562568106e+00 7.156943209963903428e+03 1.199999999999999956e+00
2.044660666579115826e+00 7.347871828429051675e+03 1.199999999999999956e+00
2.082750630190514318e+00 7.543684052057605186e+03 1.199999999999999956e+00
2.121550171362450055e+00 7.744344030925489278e+03 1.199999999999999956e+00
2.161072508808376647e+00 7.949793411876315986e+03 1.199999999999999956e+00
2.201331107493030181e+00 8.159948844369860126e+03 1.199999999999999956e+00
2.242339683219845003e+00 8.374699323029082734e+03 1.199999999999999956e+00
2.284112207303823361e+00 8.594549680528369208e+03 1.199999999999999956e+00
2.326662911331458083e+00 8.820735771618436047e+03 1.199999999999999956e+00
2.370006292009327886e+00 9.053358167928217881e+03 1.199999999999999956e+00
2.414157116103017753e+00 9.292470606429415056e+03 1.199999999999999956e+00
2.459130425468043946e+00 9.538109598150964302e+03 1.199999999999999956e+00
2.504941542174502267e+00 9.790292090840961464e+03 1.199999999999999956e+00
2.551606073727183954e+00 1.004901293728764904e+04 1.199999999999999956e+00
2.599139918382932901e+00 1.031424216195830559e+04 1.199999999999999956e+00
2.647559270567066747e+00 1.058592201978966659e+04 1.199999999999999956e+00
2.696880626390692370e+00 1.086396384248278628e+04 1.199999999999999956e+00
2.747120789270811603e+00 1.114824466957069126e+04 1.199999999999999956e+00
2.798296875655115645e+00 1.143948087797654262e+04 1.199999999999999956e+00
2.850426320853434614e+00 1.173872985913355842e+04 1.199999999999999956e+00
2.903526884977813971e+00 1.204603130633458932e+04 1.199999999999999956e+00
2.957616658993253544e+00 1.236139693882705251e+04 1.199999999999999956e+00
3.012714070881164385e+00 1.268481037493883559e+04 1.199999999999999956e+00
3.068837891917642224e+00 1.301622371896228287e+04 1.199999999999999956e+00
3.126007243068700259e+00 1.335555389307067344e+04 1.199999999999999956e+00
3.184241601504649744e+00 1.370267870919683628e+04 1.199999999999999956e+00
3.243560807235807975e+00 1.405743267826089323e+04 1.199999999999999956e+00
3.303985069871854918e+00 1.442068210800259294e+04 1.199999999999999956e+00
3.365534975507090909e+00 1.479399446148222341e+04 1.199999999999999956e+00
3.428231493733967294e+00 1.517744967333103705e+04 1.199999999999999956e+00
3.492095984787267682e+00 1.557108398279369430e+04 1.199999999999999956e+00
3.557150206821382277e+00 1.597490115888295986e+04 1.199999999999999956e+00
3.623416323323146226e+00 1.638886845101186191e+04 1.199999999999999956e+00
3.690916910662774608e+00 1.681291222741199090e+04 1.199999999999999956e+00
3.759674965785463563e+00 1.724693528628364584e+04 1.199999999999999956e+00
3.829713914046277257e+00 1.769223335360549754e+04 1.199999999999999956e+00
3.901057617190989202e+00 1.814969342109551508e+04 1.199999999999999956e+00
3.973730381485604202e+00 1.861936975987546975e+04 1.199999999999999956e+00
4.047756965997318268e+00 1.910127910771260213e+04 1.199999999999999956e+00
4.123162591029748469e+00 1.959539592874814116e+04 1.199999999999999956e+00
4.199972946715301525e+00 2.010164730279188370e+04 1.199999999999999956e+00
4.278214201767612579e+00 2.061990743352673599e+04 1.199999999999999956e+00
4.357913012397025554e+00 2.114999176783480652e+04 1.199999999999999956e+00
4.439096531392166867e+00 2.169165072204471653e+04 1.199999999999999956e+00
4.521792417370697592e+00 2.224472604775348736e+04 1.199999999999999956e+00
4.606028844202397998e+00 2.281228607922413357e+04 1.199999999999999956e+00
4.691834510607794329e+00 2.339574457361114037e+04 1.199999999999999956e+00
4.779238649935595440e+00 2.399523801615034608e+04 1.199999999999999956e+00
4.868271040122278848e+00 2.461086229464353528e+04 1.199999999999999956e+00
4.958962013837211913e+00 2.524266720766964136e+04 1.199999999999999956e+00
5.051342468816761411e+00 2.589065051541861249e+04 1.199999999999999956e+00
5.145443878390924652e+00 2.655475151488840493e+04 1.199999999999999956e+00
5.241298302206056192e+00 2.723484412364477248e+04 1.199999999999999956e+00
5.338938397147350301e+00 2.793072945955822433e+04 1.199999999999999956e+00
5.438397428464796235e+00 2.864212790801825759e+04 1.199999999999999956e+00
5.539709281106400596e+00 2.936906001630431638e+04 1.199999999999999956e+00
5.642908471262536807e+00 3.011506121066603737e+04 1.199999999999999956e+00
5.748030158125351008e+00 3.088118183896851406e+04 1.199999999999999956e+00
5.855110155867238042e+00 3.166750356083278530e+04 1.199999999999999956e+00
5.964184945842459840e+00 3.247404602249606614e+04 1.199999999999999956e+00
6.075291689016070862e+00 3.330075910925995413e+04 1.199999999999999956e+00
6.188468238624382778e+00 3.414751459681720735e+04 1.199999999999999956e+00
6.303753153071275150e+00 3.501409718422321021e+04 1.199999999999999956e+00
6.421185709064758385e+00 3.590019489586767304e+04 1.199999999999999956e+00
6.540805914998252923e+00 3.680571230494134215e+04 1.199999999999999956e+00
6.662654524581149929e+00 3.773441101783478371e+04 1.199999999999999956e+00
6.786773050723295064e+00 3.868757807846610376e+04 1.199999999999999956e+00
6.913203779678127603e+00 3.966525042726467655e+04 1.199999999999999956e+00
7.041989785449288775e+00 4.066738271779678325e+04 1.199999999999999956e+00
7.173174944465612768e+00 4.169383742318164877e+04 1.199999999999999956e+00
7.306803950529499936e+00 4.274437420412223582e+04 1.199999999999999956e+00
7.442922330043757917e+00 4.381863852200699330e+04 1.199999999999999956e+00
7.581576457522110069e+00 4.491723344985002768e+04 1.199999999999999956e+00
7.722813571388642551e+00 4.604457589097587334e+04 1.199999999999999956e+00
7.866681790071582192e+00 4.720128708124624973e+04 1.199999999999999956e+00
8.013230128396878982e+00 4.838737980265454826e+04 1.199999999999999956e+00
8.162508514287219796e+00 4.960276486746666342e+04 1.199999999999999956e+00
8.314567805772055564e+00 5.084723904910372949e+04 1.199999999999999956e+00
8.469459808314576676e+00 5.212047212681988458e+04 1.199999999999999956e+00
8.627237292461440887e+00 5.342396530977272778e+04 1.199999999999999956e+00
8.787954011821311084e+00 5.476152868969823612e+04 1.199999999999999956e+00
8.951664721378293166e+00 5.613332763202315982e+04 1.199999999999999956e+00
9.118425196146562328e+00 5.753930302853624016e+04 1.199999999999999956e+00
9.288292250172489162e+00 5.897926851544899546e+04 1.199999999999999956e+00
9.461323755890759912e+00 6.045289581532926240e+04 1.199999999999999956e+00
9.637578663841079418e+00 6.195969903666528262e+04 1.199999999999999956e+00
9.817117022752183786e+00 6.349901791620040603e+04 1.199999999999999956e+00
1.000000000000000000e+01 6.506999999999993452e+04 1.199999999999999956e+00
