# Source: PRIMAT compilation, https://doi.org/10.1016/j.physrep.2018.04.005
1.000000000000000021e-03 3.500000000000000321e-10 3.000000000000000000e+00
1.018628990244687619e-03 3.653285308668203852e-10 3.000000000000000000e+00
1.037605019766911670e-03 3.814639585634849110e-10 3.000000000000000000e+00
1.056934553557988335e-03 3.984510865483028451e-10 2.999999999999999556e+00
1.076624177045493267e-03 4.163371219016221299e-10 2.999999999999999556e+00
1.096680598336868600e-03 4.351717813648601872e-10 3.000000000000000000e+00
1.117110650504824203e-03 4.550073989139644973e-10 2.999999999999999556e+00
1.137921293915315117e-03 4.758990344679234361e-10 2.999999999999999556e+00
1.159119618598885779e-03 4.979045832774024342e-10 3.000000000000000000e+00
1.180712846666190276e-03 5.210848854808707679e-10 3.000000000000000444e+00
1.202708334768511989e-03 5.455038352564469284e-10 3.000000000000000000e+00
1.225113576604118949e-03 5.712284889385418778e-10 2.999999999999999556e+00
1.247936205471311460e-03 5.983291714097425817e-10 2.999999999999999112e+00
1.271183996869028896e-03 6.268795800224949709e-10 3.000000000000000888e+00
1.294864871145904933e-03 6.569568852535513859e-10 3.000000000000000000e+00
1.318986896198670470e-03 6.886418272489031579e-10 3.000000000000000888e+00
1.343558290220826226e-03 7.220188073815272294e-10 3.000000000000000000e+00
1.368587424502519176e-03 7.571759739207061356e-10 2.999999999999999556e+00
1.394082826282578647e-03 7.942053009053065202e-10 3.000000000000000000e+00
1.420053181653683095e-03 8.332026593267384027e-10 3.000000000000000888e+00
1.446507338521647217e-03 8.742678797673278327e-10 2.999999999999999556e+00
1.473454309619835756e-03 9.175048057104560056e-10 3.000000000000000444e+00
1.500903275579736594e-03 9.630213368483591717e-10 3.000000000000000000e+00
1.528863588058731147e-03 1.010929461867532510e-09 3.000000000000000000e+00
1.557344772926135207e-03 1.061345280400210583e-09 3.000000000000000444e+00
1.586356533508589657e-03 1.114389014101279402e-09 3.000000000000000444e+00
1.615908753895919101e-03 1.170185007154303861e-09 3.000000000000000000e+00
1.646011502308549748e-03 1.228861716938536563e-09 3.000000000000000000e+00
1.676675034527699143e-03 1.290551696114031606e-09 3.000000000000000000e+00
1.707909797389426916e-03 1.355391568016309816e-09 3.000000000000000888e+00
1.739726432343800767e-03 1.423521998011295554e-09 3.000000000000000444e+00
1.772135779080358372e-03 1.495087664359636365e-09 3.000000000000000000e+00
1.805148879221108154e-03 1.570237233194485306e-09 2.999999999999999556e+00
1.838776980082326793e-03 1.649123343445972164e-09 2.999999999999999556e+00
1.873031538506436536e-03 1.731902608967981375e-09 3.000000000000000888e+00
1.907924224765265072e-03 1.818735646759045280e-09 2.999999999999999556e+00
1.943466926536020246e-03 1.909787142040961824e-09 2.999999999999999556e+00
1.979671752951332481e-03 2.005225963091397605e-09 3.000000000000000000e+00
2.016551038724746607e-03 2.105225341143931749e-09 2.999999999999999556e+00
2.054117348353064112e-03 2.209963133403390141e-09 3.000000000000000444e+00
2.092383480396977150e-03 2.319622190306487306e-09 3.000000000000000000e+00
2.131362471841437810e-03 2.434390851626786093e-09 3.000000000000000000e+00
2.171067602537264923e-03 2.554463599925168068e-09 3.000000000000000000e+00
2.211512399725488933e-03 2.680041904233839145e-09 2.999999999999999556e+00
2.252710642645980484e-03 2.811335291802463200e-09 3.000000000000000000e+00
2.294676367231936100e-03 2.948562691309600400e-09 3.000000000000000000e+00
2.337423870891814758e-03 3.091954097254343862e-09 3.000000000000000000e+00
2.380967717380358135e-03 3.241752612423535531e-09 2.999999999999999556e+00
2.425322741760352948e-03 3.398216933544804399e-09 3.000000000000000444e+00
2.470504055456825433e-03 3.561624354697322220e-09 2.999999999999999556e+00
2.516527051405391836e-03 3.732274374034882186e-09 3.000000000000000444e+00
2.563407409296514835e-03 3.910493002229770323e-09 3.000000000000000444e+00
2.611161100917459583e-03 4.096637886218456086e-09 3.000000000000000000e+00
2.659804395593758260e-03 4.291104379903426528e-09 3.000000000000000444e+00
2.709353865732051433e-03 4.494332715174855565e-09 2.999999999999999556e+00
2.759826392466180594e-03 4.706816452915334161e-09 3.000000000000000888e+00
2.811239171408464344e-03 4.929112425758454000e-09 3.000000000000000000e+00
2.863609718508115885e-03 5.161852423852191633e-09 3.000000000000000444e+00
2.916955876018795853e-03 5.405756923743699185e-09 2.999999999999999556e+00
2.971295818577334054e-03 5.661651221341671902e-09 3.000000000000000444e+00
3.026648059395692196e-03 5.930475828956952350e-09 3.000000000000000444e+00
3.083031456568277075e-03 6.213079878167155633e-09 3.000000000000000000e+00
3.140465219496752208e-03 6.510141774729704845e-09 2.999999999999999556e+00
3.198968915434537586e-03 6.822354973598898373e-09 3.000000000000000000e+00
3.258562476153226226e-03 7.150438502708814993e-09 3.000000000000000444e+00
3.319266204733189573e-03 7.495137221378465733e-09 3.000000000000000888e+00
3.381100782480685445e-03 7.857222053776831524e-09 3.000000000000000444e+00
3.444087275973823411e-03 8.237490207232379568e-09 3.000000000000000000e+00
3.508247144239792347e-03 8.636765388851829971e-09 3.000000000000000000e+00
3.573602246065788347e-03 9.055898038284154524e-09 3.000000000000000000e+00
3.640174847446141400e-03 9.495765599614705083e-09 2.999999999999999556e+00
3.707987629168172684e-03 9.957272861404439571e-09 2.999999999999999556e+00
3.777063694539364597e-03 1.044135240089693890e-08 2.999999999999999556e+00
3.847426577258505898e-03 1.094896517652392911e-08 2.999999999999999556e+00
3.919100249433401899e-03 1.148110132216755821e-08 3.000000000000000444e+00
3.992109129748053209e-03 1.203878120732778381e-08 3.000000000000000444e+00
4.066478091781853925e-03 1.262306716396136019e-08 3.000000000000000000e+00
4.142232472483897525e-03 1.323511971927367471e-08 2.999999999999999556e+00
4.219398080805024202e-03 1.387618108257796442e-08 3.000000000000000000e+00
4.298001206490798497e-03 1.454756704135350498e-08 3.000000000000000444e+00
4.378068629038166758e-03 1.525067737716905916e-08 2.999999999999999556e+00
4.459627626819095622e-03 1.598700828580301691e-08 3.000000000000000000e+00
4.542705986374042521e-03 1.675816712336595201e-08 3.000000000000000444e+00
4.627332011878692967e-03 1.756588987012995841e-08 3.000000000000000000e+00
4.713534534786906725e-03 1.841206176656621615e-08 3.000000000000000000e+00
4.801342923653449841e-03 1.929874165037819442e-08 2.999999999999999112e+00
4.890787094139589959e-03 2.022819061172502256e-08 3.000000000000000000e+00
4.981897519205159656e-03 2.120290568975774979e-08 2.999999999999999556e+00
5.074705239490466188e-03 2.222558100504947317e-08 3.000000000000000000e+00
5.169241873891598608e-03 2.329859025313759032e-08 2.999999999999999556e+00
5.265539630332755246e-03 2.442416584951550208e-08 3.000000000000000000e+00
5.363631316739239652e-03 2.560462022644199760e-08 3.000000000000000444e+00
5.463550352214875498e-03 2.684235117024165720e-08 3.000000000000000000e+00
5.565330778427646403e-03 2.813984702707981543e-08 3.000000000000000000e+00
5.669007271207434327e-03 2.949969305581647107e-08 2.999999999999999556e+00
5.774615152359819509e-03 3.092457917826652970e-08 3.000000000000000000e+00
5.882190401699956099e-03 3.241730941900149116e-08 2.999999999999999556e+00
5.991769669310619169e-03 3.398081337447977916e-08 3.000000000000000000e+00
6.103390288028621123e-03 3.561820926286408102e-08 3.000000000000000000e+00
6.217090286163826779e-03 3.733305187702479629e-08 2.999999999999999556e+00
6.332908400455114321e-03 3.912926227934955025e-08 3.000000000000000000e+00
6.450884089267692675e-03 4.101111025288944644e-08 3.000000000000000444e+00
6.571057546036270826e-03 4.298327144807654352e-08 3.000000000000000000e+00
6.693469712958660493e-03 4.505089464371769349e-08 3.000000000000000444e+00
6.818162294944479437e-03 4.721968079312080154e-08 3.000000000000000888e+00
6.945177773823696388e-03 4.949597585344607584e-08 3.000000000000000888e+00
7.074559422819878297e-03 5.188677421035859504e-08 3.000000000000000888e+00
7.206351321293052656e-03 5.439802839463750480e-08 3.000000000000000000e+00
7.340598369757212090e-03 5.703441216304879193e-08 3.000000000000000000e+00
7.477346305177588227e-03 5.980046843626608941e-08 3.000000000000000888e+00
7.616641716552892058e-03 6.270059668109910390e-08 2.999999999999999112e+00
7.758532060787835978e-03 6.573899229767686632e-08 3.000000000000000000e+00
7.903065678861348128e-03 6.891957730683252210e-08 3.000000000000000444e+00
8.050291812295981564e-03 7.224596225883494332e-08 3.000000000000000000e+00
8.200260619934130954e-03 7.572384451436691166e-08 2.999999999999999556e+00
8.353023195026778799e-03 7.936330826765424499e-08 3.000000000000000000e+00
8.508631582640582489e-03 8.317638978888459672e-08 3.000000000000000000e+00
8.667138797389234081e-03 8.717711911634685273e-08 3.000000000000000888e+00
8.828598841495149604e-03 9.138189679755890149e-08 3.000000000000000000e+00
8.993066723187623582e-03 9.580993930809399321e-08 3.000000000000000000e+00
9.160598475443709407e-03 1.004804898067246850e-07 2.999999999999999556e+00
9.331251175078249249e-03 1.053994943443272525e-07 2.999999999999999112e+00
9.505082962189511861e-03 1.105662654648878597e-07 3.000000000000000000e+00
9.682153059967075343e-03 1.159764209925181159e-07 2.999999999999999556e+00
9.862521794868784469e-03 1.216210546826739446e-07 2.999999999999999112e+00
1.004625061717340749e-02 1.274859203853871616e-07 2.999999999999999112e+00
1.023340212191641702e-02 1.335654744697977094e-07 3.000000000000000000e+00
1.042404007021556327e-02 1.398829342041701267e-07 2.999999999999998668e+00
1.061822941099384125e-02 1.464717557269816980e-07 2.999999999999999112e+00
1.081603630310709954e-02 1.533741860547685619e-07 2.999999999999998668e+00
1.101752813788386791e-02 1.606430115929301617e-07 3.000000000000000444e+00
1.122277356208507652e-02 1.683308852860494387e-07 3.000000000000000444e+00
1.143184250129149725e-02 1.764590354797465970e-07 2.999999999999999556e+00
1.164480618372686072e-02 1.850399285850490694e-07 2.999999999999999556e+00
1.186173716452478509e-02 1.940831177513667491e-07 3.000000000000000444e+00
1.208270935044776506e-02 2.035944571369202090e-07 2.999999999999999556e+00
1.230779802506665188e-02 2.135789391405368214e-07 3.000000000000000000e+00
1.253707987440920262e-02 2.240427432016332655e-07 2.999999999999999112e+00
1.277063301308643990e-02 2.349885924441435156e-07 2.999999999999999556e+00
1.300853701090571267e-02 2.464145527709622842e-07 2.999999999999999556e+00
1.325087291997953214e-02 2.583215092875064553e-07 2.999999999999998668e+00
1.349772330233941706e-02 2.707389643379324251e-07 2.999999999999999112e+00
1.374917225806419029e-02 2.837096500057221228e-07 2.999999999999999112e+00
1.400530545393219653e-02 2.972851443108303315e-07 2.999999999999999112e+00
1.426621015260736910e-02 3.115235356702275099e-07 2.999999999999999556e+00
1.453197524236895383e-02 3.264777519655232649e-07 3.000000000000000000e+00
1.480269126739508674e-02 3.422049767340081315e-07 3.000000000000000000e+00
1.507845045861051086e-02 3.587708096885875454e-07 3.000000000000000000e+00
1.535934676510897039e-02 3.762241264729346008e-07 3.000000000000000000e+00
1.564547588616095955e-02 3.945658184090058355e-07 3.000000000000000888e+00
1.593693530381774456e-02 4.137787843273062094e-07 3.000000000000000444e+00
1.623382431612278159e-02 4.338371337032810816e-07 2.999999999999999556e+00
1.653624407094180307e-02 4.547644973992589170e-07 2.999999999999999556e+00
1.684429760042315330e-02 4.766179076819527045e-07 2.999999999999999112e+00
1.715808985610004986e-02 4.994646092949004404e-07 3.000000000000000000e+00
1.747772774464680795e-02 5.233838999056764008e-07 2.999999999999999556e+00
1.780332016430113962e-02 5.484694767216837629e-07 2.999999999999999556e+00
1.813497804196495186e-02 5.748313607350742793e-07 3.000000000000000000e+00
1.847281437099634188e-02 6.025652486237086831e-07 3.000000000000000000e+00
1.881694424970555696e-02 6.317323500290475731e-07 2.999999999999999556e+00
1.916748492056815148e-02 6.623910873767124669e-07 3.000000000000000000e+00
1.952455581016860828e-02 6.945990278183660207e-07 3.000000000000000444e+00
1.988827856988809734e-02 7.284122146463646283e-07 3.000000000000000000e+00
2.025877711735016989e-02 7.638855743016895033e-07 3.000000000000000888e+00
2.063617767863858837e-02 8.010845718084355437e-07 3.000000000000000000e+00
2.102060883130158278e-02 8.400836482401991553e-07 3.000000000000000000e+00
2.141220154815729262e-02 8.809601673824757608e-07 3.000000000000000444e+00
2.181108924191518805e-02 9.237945511852151694e-07 3.000000000000000444e+00
2.221740781062883641e-02 9.686705575180633103e-07 3.000000000000000000e+00
2.263129568399528321e-02 1.015675619577104130e-06 2.999999999999999556e+00
2.305289387051707301e-02 1.064901259025375811e-06 3.000000000000000000e+00
2.348234600554275145e-02 1.116443586846630761e-06 3.000000000000000000e+00
2.391979840020238418e-02 1.170403908060754113e-06 3.000000000000000000e+00
2.436540009125464853e-02 1.226889448935007383e-06 2.999999999999999112e+00
2.481930289186254010e-02 1.286014228184500078e-06 2.999999999999999112e+00
2.528166144331499277e-02 1.347899918452505713e-06 3.000000000000000000e+00
2.575263326771199887e-02 1.412674406744044704e-06 3.000000000000000000e+00
2.623237882163122203e-02 1.480472901896460400e-06 3.000000000000000000e+00
2.672106155079433804e-02 1.551441000600013313e-06 2.999999999999999556e+00
2.721884794575178332e-02 1.625736428978243603e-06 2.999999999999999112e+00
2.772590759860482645e-02 1.703531047119671298e-06 2.999999999999999556e+00
2.824241326078434297e-02 1.785013212576150036e-06 2.999999999999999556e+00
2.876854090190592711e-02 1.870390562468024649e-06 2.999999999999999112e+00
2.930446976972142861e-02 1.959893284168628018e-06 2.999999999999999556e+00
2.985038245118730796e-02 2.053777957044984343e-06 3.000000000000000000e+00
3.040646493467067182e-02 2.152325474301468764e-06 2.999999999999999556e+00
3.097290667331408301e-02 2.255784584205806612e-06 2.999999999999999556e+00
3.154990064958086704e-02 2.364384396847670245e-06 2.999999999999999556e+00
3.213764344100276948e-02 2.478363391952714003e-06 2.999999999999999556e+00
3.273633528715245988e-02 2.597970333105609980e-06 3.000000000000000000e+00
3.334618015786364187e-02 2.723464972727738779e-06 3.000000000000000000e+00
3.396738582272208068e-02 2.855118882870641112e-06 3.000000000000000000e+00
3.460016392185108480e-02 2.993216436999498772e-06 3.000000000000000444e+00
3.524473003801584237e-02 3.138055972155869762e-06 3.000000000000000444e+00
3.590130377007068330e-02 3.289951165725964873e-06 3.000000000000000444e+00
3.657010880777489259e-02 3.449232666597445437e-06 2.999999999999999112e+00
3.725137300800209633e-02 3.616250026878481362e-06 3.000000000000000444e+00
3.794532847236938011e-02 3.791373987720439220e-06 2.999999999999999112e+00
3.865221162631261864e-02 3.974999181298438029e-06 2.999999999999999112e+00
3.937226329963479377e-02 4.167547320877497372e-06 3.000000000000000000e+00
4.010572880855495931e-02 4.369470923668340259e-06 3.000000000000000000e+00
4.085285803928561527e-02 4.581236629862409203e-06 3.000000000000000000e+00
4.161390553316707264e-02 4.803285180004747889e-06 2.999999999999999556e+00
4.238913057338778573e-02 5.036066863359159459e-06 3.000000000000000000e+00
4.317879727332021161e-02 5.280050619324911863e-06 3.000000000000000000e+00
4.398317466650223523e-02 5.535725701916574513e-06 3.000000000000000000e+00
4.480253679829489938e-02 5.803603693666370518e-06 3.000000000000000000e+00
4.563716281924758839e-02 6.084220936630139834e-06 2.999999999999999112e+00
4.648733708020256344e-02 6.378141458894603388e-06 3.000000000000000000e+00
4.735334922917116413e-02 6.685960487254503274e-06 3.000000000000001332e+00
4.823549431001467047e-02 7.008308650820773364e-06 3.000000000000000444e+00
4.913407286296361809e-02 7.345856996557899638e-06 3.000000000000000444e+00
5.004939102700953213e-02 7.699322955224900447e-06 3.000000000000000444e+00
5.098176064420424647e-02 8.069466633778526587e-06 3.000000000000000444e+00
5.193149936590212012e-02 8.457067006903003882e-06 3.000000000000000888e+00
5.289893076098151070e-02 8.862949386461087983e-06 3.000000000000001332e+00
5.388438442608223938e-02 9.288000172684259516e-06 3.000000000000000444e+00
5.488819609789671872e-02 9.733176328295787229e-06 3.000000000000000444e+00
5.591070776755290017e-02 1.019951656305352356e-05 3.000000000000000888e+00
5.695226779712821846e-02 1.068815451340376543e-05 3.000000000000000000e+00
5.801323103833375128e-02 1.120033424946231078e-05 3.000000000000001332e+00
5.909395895340967958e-02 1.173742849842112222e-05 3.000000000000000444e+00
6.019481973827271043e-02 1.230095966971117624e-05 2.999999999999999556e+00
6.131618844795772016e-02 1.289250651195999180e-05 3.000000000000000444e+00
6.245844712439614643e-02 1.351350958557494206e-05 3.000000000000000444e+00
6.362198492657485105e-02 1.416546054541028886e-05 3.000000000000000000e+00
6.480719826311967524e-02 1.484994770643606945e-05 2.999999999999999556e+00
6.601449092734885948e-02 1.556866752474918121e-05 2.999999999999999556e+00
6.724427423484245769e-02 1.632343800527455977e-05 3.000000000000000444e+00
6.849696716357443760e-02 1.711621436200256474e-05 3.000000000000000000e+00
6.977299649665534564e-02 1.794910731036025440e-05 3.000000000000000444e+00
7.107279696773415034e-02 1.882428422434435518e-05 3.000000000000000000e+00
7.239681140910873836e-02 1.974318908928814604e-05 2.999999999999999556e+00
7.374549090259549522e-02 2.070677168896459890e-05 3.000000000000000888e+00
7.511929493320965157e-02 2.171573014787714801e-05 3.000000000000000000e+00
7.651869154570821452e-02 2.277045174763746716e-05 3.000000000000000000e+00
7.794415750404946885e-02 2.387094447172118214e-05 3.000000000000000444e+00
7.939617845382279659e-02 2.501675992344865675e-05 3.000000000000000444e+00
8.087524908770453436e-02 2.620724776923272776e-05 3.000000000000001332e+00
8.238187331399605962e-02 2.744694343837027111e-05 3.000000000000000000e+00
8.391656442830157381e-02 2.874638488660438446e-05 3.000000000000001332e+00
8.547984528840409102e-02 3.011911235413836018e-05 3.000000000000000444e+00
8.707224849239916797e-02 3.158216103720369003e-05 3.000000000000000000e+00
8.869431656014709064e-02 3.315681590384988628e-05 3.000000000000000000e+00
9.034660211810524588e-02 3.486946558005159079e-05 3.000000000000000000e+00
9.202966808760409956e-02 3.672963568219562340e-05 2.999999999999999556e+00
9.374408787662991127e-02 3.869189728500605445e-05 3.000000000000000000e+00
9.549044557518077125e-02 4.068438971007254054e-05 2.999999999999999556e+00
9.726933615426168467e-02 4.261076803612470277e-05 2.999999999999999556e+00
9.908136566858666283e-02 4.434798809135287955e-05 3.000000000000000444e+00
1.009271514630570854e-01 4.575173536987837665e-05 2.999999999999999556e+00
1.028073223830864719e-01 4.677188615541690546e-05 3.000000000000000444e+00
1.047225189888434382e-01 4.748540308795976298e-05 3.000000000000000000e+00
1.066733937734857113e-01 4.800210035188773457e-05 3.000000000000000000e+00
1.086606113854596822e-01 4.845647107885775771e-05 3.000000000000000000e+00
1.106848488549412035e-01 4.900493247980035257e-05 2.999999999999999556e+00
1.127467958244946084e-01 4.974385902445675945e-05 3.000000000000000444e+00
1.148471547840289042e-01 5.064857752450111579e-05 3.000000000000000000e+00
1.169866413101306873e-01 5.167701626618205913e-05 3.000000000000000000e+00
1.191659843098558796e-01 5.277779075097444478e-05 2.999999999999999556e+00
1.213859262690627772e-01 5.389162098214294791e-05 3.000000000000000444e+00
1.236472235053715091e-01 5.499823410030528693e-05 3.000000000000000000e+00
1.259506464258357550e-01 5.611276161410899948e-05 2.999999999999999112e+00
1.282969797894147612e-01 5.725464074271651831e-05 3.000000000000000444e+00
1.306870229743346268e-01 5.844719419123448821e-05 2.999999999999998668e+00
1.331215902504307713e-01 5.970791410324126434e-05 3.000000000000000000e+00
1.356015110565633452e-01 6.103821711425933135e-05 2.999999999999999556e+00
1.381276302832009362e-01 6.243716619849712911e-05 2.999999999999999556e+00
1.407008085602685088e-01 6.390303521278458017e-05 2.999999999999999112e+00
1.433219225503573890e-01 6.543462360570969781e-05 2.999999999999999112e+00
1.459918652473978506e-01 6.703278058529097598e-05 2.999999999999999556e+00
1.487115462808953625e-01 6.869831360189813756e-05 3.000000000000000444e+00
1.514818922258345801e-01 7.043176010433212729e-05 3.000000000000000000e+00
1.543038469183564687e-01 7.223545787289907582e-05 3.000000000000000000e+00
1.571783717773162781e-01 7.411387784288060786e-05 3.000000000000000444e+00
1.601064461318317811e-01 7.607200023224578128e-05 3.000000000000000000e+00
1.630890675549332702e-01 7.811478328779475116e-05 3.000000000000000000e+00
1.661272522034293042e-01 8.024566756112924725e-05 3.000000000000000000e+00
1.692220351641037235e-01 8.246767141416449522e-05 3.000000000000000444e+00
1.723744708063619790e-01 8.478372845092080432e-05 3.000000000000000444e+00
1.755856331414468730e-01 8.719664582945455488e-05 3.000000000000000444e+00
1.788566161883461958e-01 8.970905536214920928e-05 3.000000000000000444e+00
1.821885343465165230e-01 9.232347054383749959e-05 3.000000000000000888e+00
1.855825227755517060e-01 9.504359883057223791e-05 3.000000000000000000e+00
1.890397377819219571e-01 9.787418264362455415e-05 3.000000000000000444e+00
1.925613572129196704e-01 1.008202044812115181e-04 2.999999999999999556e+00
1.961485808579429280e-01 1.038868816200984053e-04 3.000000000000000000e+00
1.998026308572548593e-01 1.070796770999974176e-04 3.000000000000000444e+00
2.035247521183575770e-01 1.104042862921349188e-04 3.000000000000000000e+00
2.073162127401229071e-01 1.138665436742953728e-04 2.999999999999999556e+00
2.111783044448242164e-01 1.174724896862448304e-04 2.999999999999999556e+00
2.151123430182164953e-01 1.212284067789953199e-04 2.999999999999999556e+00
2.191196687578147451e-01 1.251408244106295097e-04 2.999999999999999112e+00
2.232016469295232397e-01 1.292165234461975780e-04 2.999999999999999112e+00
2.273596682327715113e-01 1.334625398480071079e-04 2.999999999999999556e+00
2.315951492743152096e-01 1.378861675248401245e-04 2.999999999999999556e+00
2.359095330508633737e-01 1.424949601939736561e-04 3.000000000000000888e+00
2.403042894406967056e-01 1.472967320941306728e-04 2.999999999999999556e+00
2.447809157044440187e-01 1.522995573705735774e-04 3.000000000000000444e+00
2.493409369951877785e-01 1.575117679355312629e-04 3.000000000000000000e+00
2.539859068780723761e-01 1.629420235143712900e-04 2.999999999999999556e+00
2.587174078595921300e-01 1.685997363648808446e-04 3.000000000000000888e+00
2.635370519267393186e-01 1.744949026543622260e-04 3.000000000000000444e+00
2.684464810961962322e-01 1.806379716002677008e-04 2.999999999999999556e+00
2.734473679737579599e-01 1.870398698099938971e-04 3.000000000000000888e+00
2.785414163241766161e-01 1.937120282533150162e-04 3.000000000000000444e+00
2.837303616516211324e-01 2.006664118820710991e-04 3.000000000000000444e+00
2.890159717909508430e-01 2.079155522876393995e-04 3.000000000000000444e+00
2.944000475100033709e-01 2.154725838473805978e-04 3.000000000000000888e+00
2.998844231231027613e-01 2.233512838808574571e-04 3.000000000000000444e+00
3.054709671159968054e-01 2.315660551787950710e-04 3.000000000000000444e+00
3.111615827824359970e-01 2.401317392191033915e-04 3.000000000000000000e+00
3.169582088726115021e-01 2.490637965650115940e-04 2.999999999999999556e+00
3.228628202536730218e-01 2.583784120268315158e-04 3.000000000000000000e+00
3.288774285825510346e-01 2.680925427769934293e-04 3.000000000000000444e+00
3.350040829913132900e-01 2.782239723161118706e-04 3.000000000000000000e+00
3.412448707852889229e-01 2.887913712102110008e-04 2.999999999999999556e+00
3.476019181541977754e-01 2.998143656602525920e-04 2.999999999999999556e+00
3.540773908965269556e-01 3.113135854755733154e-04 2.999999999999999556e+00
3.606734951574028236e-01 3.233103480335368786e-04 3.000000000000000888e+00
3.673924781802074269e-01 3.358267412879609799e-04 3.000000000000000444e+00
3.742366290721980682e-01 3.488859442579456561e-04 3.000000000000000444e+00
3.812082795843887983e-01 3.625123205399926078e-04 3.000000000000000888e+00
3.883098049059605095e-01 3.767315181722730969e-04 3.000000000000000444e+00
3.955436244734701345e-01 3.915705835949050877e-04 3.000000000000000000e+00
4.029122027951347884e-01 4.070580762235942950e-04 3.000000000000000444e+00
4.104180502904709038e-01 4.232235483197604423e-04 2.999999999999999112e+00
4.180637241455757991e-01 4.400972443915839808e-04 2.999999999999999556e+00
4.258518291843414461e-01 4.577108866491985673e-04 3.000000000000000000e+00
4.337850187558989212e-01 4.760978615593107976e-04 3.000000000000000000e+00
4.418659956385941334e-01 4.952933716938406937e-04 2.999999999999999556e+00
4.500975129608046355e-01 5.153346101641085794e-04 3.000000000000000444e+00
4.584823751389096036e-01 5.362606531398870016e-04 2.999999999999999556e+00
4.670234388327330621e-01 5.581116393301737864e-04 2.999999999999999556e+00
4.757236139187884794e-01 5.809296063189237731e-04 2.999999999999999112e+00
4.845858644816490868e-01 6.047589489027492896e-04 3.000000000000000000e+00
4.936132098237911991e-01 6.296466581747619607e-04 2.999999999999999556e+00
5.028087254942474882e-01 6.556425775134031020e-04 3.000000000000000000e+00
5.121755443364236493e-01 6.827981349302743959e-04 2.999999999999999556e+00
5.217168575554343990e-01 7.111649780652795063e-04 3.000000000000000888e+00
5.314359158053235666e-01 7.407970772821206602e-04 3.000000000000000000e+00
5.413360302965375404e-01 7.717511760649656575e-04 3.000000000000000000e+00
5.514205739240296555e-01 8.040870525026406774e-04 3.000000000000000444e+00
5.616929824163804374e-01 8.378678221133863254e-04 2.999999999999999556e+00
5.721567555063246102e-01 8.731602888294614281e-04 3.000000000000000444e+00
5.828154581230839959e-01 9.100353520083736322e-04 3.000000000000000444e+00
5.936727216069119795e-01 9.485684785458261235e-04 2.999999999999999112e+00
6.047322449462643190e-01 9.888401333551085845e-04 3.000000000000000000e+00
6.159977960380161877e-01 1.030932279696945755e-03 2.999999999999999112e+00
6.274732129711574347e-01 1.074926618377315636e-03 2.999999999999999556e+00
6.391624053343999412e-01 1.120908754690579448e-03 2.999999999999999112e+00
6.510693555481454897e-01 1.168968868204982780e-03 3.000000000000000000e+00
6.631981202212668958e-01 1.219202178949372424e-03 3.000000000000000444e+00
6.755528315331639222e-01 1.271709489646624669e-03 3.000000000000000000e+00
6.881376986415662644e-01 1.326597816572601092e-03 2.999999999999999556e+00
7.009570091165617800e-01 1.383981122826939865e-03 3.000000000000000444e+00
7.140151304013395706e-01 1.443978767883680528e-03 3.000000000000000444e+00
7.273165113001454074e-01 1.506709929097219472e-03 3.000000000000000888e+00
7.408656834939559843e-01 1.572298703625344589e-03 3.000000000000000888e+00
7.546672630843886953e-01 1.640876094197041973e-03 3.000000000000000888e+00
7.687259521663728501e-01 1.712580760483035924e-03 3.000000000000000000e+00
7.830465404301183430e-01 1.787559895336479632e-03 3.000000000000000444e+00
7.976339067929273385e-01 1.865970246538479517e-03 3.000000000000000444e+00
8.124930210614047521e-01 1.947977657581014639e-03 3.000000000000000000e+00
8.276289456246344045e-01 2.033748070447106201e-03 3.000000000000000000e+00
8.430468371788967241e-01 2.123452227479319301e-03 3.000000000000000000e+00
8.587519484845170803e-01 2.217270286352263867e-03 2.999999999999999556e+00
8.747496301554414933e-01 2.315392864243186882e-03 3.000000000000000000e+00
8.910453324821513421e-01 2.418022245735185812e-03 2.999999999999999112e+00
9.076446072885356875e-01 2.525373605313271756e-03 2.999999999999999112e+00
9.245531098233570333e-01 2.637671061976401294e-03 2.999999999999999556e+00
9.417766006869519035e-01 2.755146764600378221e-03 2.999999999999999556e+00
9.593209477938241525e-01 2.878047236843314823e-03 3.000000000000000444e+00
9.771921283717996953e-01 3.006635486124674926e-03 3.000000000000000000e+00
9.953962309984233370e-01 3.141193127219043049e-03 3.000000000000000444e+00
1.013939457675291811e+00 3.282019489057472206e-03 3.000000000000000888e+00
1.032828125941028574e+00 3.429405343282747234e-03 3.000000000000001332e+00
1.052068671023622892e+00 3.583640769215588277e-03 3.000000000000000000e+00
1.071667648032863296e+00 3.745029126653577796e-03 3.000000000000000000e+00
1.091631734193614811e+00 3.913888374770497537e-03 3.000000000000000888e+00
1.111967731120699021e+00 4.090552488322466568e-03 3.000000000000000000e+00
1.132682567136153784e+00 4.275373125651291302e-03 3.000000000000000888e+00
1.153783299629660863e+00 4.468721592694699894e-03 3.000000000000000444e+00
1.175277117462945276e+00 4.670991154095823113e-03 3.000000000000000444e+00
1.197171343418965694e+00 4.882599750435335888e-03 3.000000000000000444e+00
1.219473436696737023e+00 5.103993189773881750e-03 3.000000000000000000e+00
1.242190995452616242e+00 5.335648892319922072e-03 3.000000000000000444e+00
1.265331759388941713e+00 5.578078099586322898e-03 3.000000000000000444e+00
1.288903612390891462e+00 5.831804678860076120e-03 3.000000000000000888e+00
1.312914585212463958e+00 6.097370853904871685e-03 3.000000000000000000e+00
1.337372858212495075e+00 6.375355830731084701e-03 3.000000000000000888e+00
1.362286764141645401e+00 6.666381061396404323e-03 3.000000000000000444e+00
1.387664790981307128e+00 6.971116080968761501e-03 2.999999999999999556e+00
1.413515584835394190e+00 7.290285332465448916e-03 3.000000000000000000e+00
1.439847952876006643e+00 7.624676141758098685e-03 2.999999999999999556e+00
1.466670866343967150e+00 7.975148031278505439e-03 3.000000000000000444e+00
1.493993463605256311e+00 8.342643593292869975e-03 3.000000000000000444e+00
1.521825053264385552e+00 8.728154456786386614e-03 3.000000000000000444e+00
1.550175117335768737e+00 9.132375678514593337e-03 3.000000000000000444e+00
1.579053314474174297e+00 9.555794720910941453e-03 3.000000000000000444e+00
1.608469483265355215e+00 9.998821855210839396e-03 3.000000000000000444e+00
1.638433645577983100e+00 1.046177158809443938e-02 3.000000000000000000e+00
1.668956009978023181e+00 1.094484042827978398e-02 3.000000000000000444e+00
1.700046975206716438e+00 1.144808172775489859e-02 3.000000000000000444e+00
1.731717133723352786e+00 1.197137742970836097e-02 3.000000000000000000e+00
1.763977275314043469e+00 1.251441591984609782e-02 3.000000000000000000e+00
1.796838390767719229e+00 1.307697718411893369e-02 3.000000000000000000e+00
1.830311675620611256e+00 1.365908523517360244e-02 2.999999999999999556e+00
1.864408533970485227e+00 1.426071383144234678e-02 3.000000000000000444e+00
1.899140582361933616e+00 1.488176207872524137e-02 3.000000000000000444e+00
1.934519653744044332e+00 1.552205052487690314e-02 3.000000000000000888e+00
1.970557801501798378e+00 1.618131794654209879e-02 3.000000000000000888e+00
2.007267303562568106e+00 1.685921898348572562e-02 3.000000000000000444e+00
2.044660666579115826e+00 1.755531987510991834e-02 3.000000000000000888e+00
2.082750630190514318e+00 1.826909337589895446e-02 3.000000000000000444e+00
2.121550171362450055e+00 1.899992409718415098e-02 3.000000000000000444e+00
2.161072508808376647e+00 1.974711183510467066e-02 3.000000000000000444e+00
2.201331107493030181e+00 2.050987592906860710e-02 3.000000000000000888e+00
2.242339683219845003e+00 2.128736166723328369e-02 3.000000000000000444e+00
2.284112207303823361e+00 2.207864896065283092e-02 3.000000000000000444e+00
2.326662911331458083e+00 2.288276350597872461e-02 3.000000000000000000e+00
2.370006292009327886e+00 2.369869065219173954e-02 3.000000000000000444e+00
2.414157116103017753e+00 2.452539218015254222e-02 3.000000000000000000e+00
2.459130425468043946e+00 2.536182619542365693e-02 3.000000000000000000e+00
2.504941542174502267e+00 2.620697029410690854e-02 2.999999999999999556e+00
2.551606073727183954e+00 2.705981110713461327e-02 3.000000000000000000e+00
2.599139918382932901e+00 2.791928797863631531e-02 2.999999999999999112e+00
2.647559270567066747e+00 2.878439118988314685e-02 3.000000000000000444e+00
2.696880626390692370e+00 2.965421246208438388e-02 3.000000000000000888e+00
2.747120789270811603e+00 3.052798194258111303e-02 3.000000000000000000e+00
2.798296875655115645e+00 3.140510920630353031e-02 3.000000000000000000e+00
2.850426320853434614e+00 3.228522846636331517e-02 3.000000000000000000e+00
2.903526884977813971e+00 3.316824823374041331e-02 3.000000000000000888e+00
2.957616658993253544e+00 3.405440573807392429e-02 3.000000000000000888e+00
3.012714070881164385e+00 3.494432177966337594e-02 3.000000000000000444e+00
3.068837891917642224e+00 3.583831700486928007e-02 3.000000000000000444e+00
3.126007243068700259e+00 3.673544143961857827e-02 3.000000000000000444e+00
3.184241601504649744e+00 3.763460533576370309e-02 3.000000000000000444e+00
3.243560807235807975e+00 3.853477202497660598e-02 3.000000000000000888e+00
3.303985069871854918e+00 3.943498187178257758e-02 3.000000000000000000e+00
3.365534975507090909e+00 4.033437882041062544e-02 3.000000000000000444e+00
3.428231493733967294e+00 4.123223963860456892e-02 3.000000000000000444e+00
3.492095984787267682e+00 4.212800596983017759e-02 3.000000000000000000e+00
3.557150206821382277e+00 4.302123372787375333e-02 2.999999999999999556e+00
3.623416323323146226e+00 4.391117930705518840e-02 2.999999999999999556e+00
3.690916910662774608e+00 4.479706139961629058e-02 2.999999999999999556e+00
3.759674965785463563e+00 4.567825145569842649e-02 3.000000000000000000e+00
3.829713914046277257e+00 4.655430555790949360e-02 3.000000000000000444e+00
3.901057617190989202e+00 4.742499873228200186e-02 3.000000000000000444e+00
3.973730381485604202e+00 4.829036206154413424e-02 3.000000000000000444e+00
4.047756965997318268e+00 4.915064329509374191e-02 3.000000000000000000e+00
4.123162591029748469e+00 5.000536042362853373e-02 3.000000000000000000e+00
4.199972946715301525e+00 5.085345102689268343e-02 2.999999999999999556e+00
4.278214201767612579e+00 5.169390732969428998e-02 3.000000000000000000e+00
4.357913012397025554e+00 5.252580882388355882e-02 3.000000000000000444e+00
4.439096531392166867e+00 5.334834360731693231e-02 2.999999999999999556e+00
4.521792417370697592e+00 5.416083148414758269e-02 2.999999999999999556e+00
4.606028844202397998e+00 5.496274887566448414e-02 3.000000000000000444e+00
4.691834510607794329e+00 5.575375559942204184e-02 2.999999999999999556e+00
4.779238649935595440e+00 5.653372358889657834e-02 2.999999999999999112e+00
4.868271040122278848e+00 5.730276764806443990e-02 3.000000000000000000e+00
4.958962013837211913e+00 5.806127836710434087e-02 2.999999999999999556e+00
5.051342468816761411e+00 5.880990241323648393e-02 3.000000000000000000e+00
5.145443878390924652e+00 5.954859009928331615e-02 3.000000000000000000e+00
5.241298302206056192e+00 6.027656413428632287e-02 3.000000000000000444e+00
5.338938397147350301e+00 6.099310051154478024e-02 3.000000000000000888e+00
5.438397428464796235e+00 6.169757243448131118e-02 3.000000000000000000e+00
5.539709281106400596e+00 6.238946776135176342e-02 3.000000000000000000e+00
5.642908471262536807e+00 6.306840771059726847e-02 3.000000000000000000e+00
5.748030158125351008e+00 6.373416686794292074e-02 2.999999999999999556e+00
5.855110155867238042e+00 6.438669454544265758e-02 2.999999999999999556e+00
5.964184945842459840e+00 6.502613755613567692e-02 3.000000000000000000e+00
6.075291689016070862e+00 6.565280223495884027e-02 3.000000000000000000e+00
6.188468238624382778e+00 6.626650604701847525e-02 3.000000000000000000e+00
6.303753153071275150e+00 6.686674698538071226e-02 2.999999999999999556e+00
6.421185709064758385e+00 6.745311976704734813e-02 3.000000000000000000e+00
6.540805914998252923e+00 6.802533773984587029e-02 3.000000000000000444e+00
6.662654524581149929e+00 6.858324915622242279e-02 3.000000000000000444e+00
6.786773050723295064e+00 6.912685448824995582e-02 3.000000000000000444e+00
6.913203779678127603e+00 6.965632483116893092e-02 3.000000000000000000e+00
7.041989785449288775e+00 7.017201556705938981e-02 3.000000000000000000e+00
7.173174944465612768e+00 7.067410052171471668e-02 3.000000000000000000e+00
7.306803950529499936e+00 7.116228589160746021e-02 3.000000000000000000e+00
7.442922330043757917e+00 7.163632376016956793e-02 2.999999999999999556e+00
7.581576457522110069e+00 7.209607650427685144e-02 3.000000000000000444e+00
7.722813571388642551e+00 7.254153036887661665e-02 3.000000000000000000e+00
7.866681790071582192e+00 7.297280987472183622e-02 2.999999999999999112e+00
8.013230128396878982e+00 7.339019299582930089e-02 3.000000000000000000e+00
8.162508514287219796e+00 7.379393131930220284e-02 3.000000000000000000e+00
8.314567805772055564e+00 7.418381577112125036e-02 2.999999999999999556e+00
8.469459808314576676e+00 7.455960827110361122e-02 3.000000000000000444e+00
8.627237292461440887e+00 7.492115900560929187e-02 2.999999999999999556e+00
8.787954011821311084e+00 7.526841697727769398e-02 3.000000000000000000e+00
8.951664721378293166e+00 7.560144118345550612e-02 3.000000000000000888e+00
9.118425196146562328e+00 7.592041245062680632e-02 3.000000000000000444e+00
9.288292250172489162e+00 7.622564595856522185e-02 3.000000000000000888e+00
9.461323755890759912e+00 7.651760449642108775e-02 3.000000000000000444e+00
9.637578663841079418e+00 7.679691250396804281e-02 3.000000000000000444e+00
9.817117022752183786e+00 7.706437096530056874e-02 3.000000000000000444e+00
1.000000000000000000e+01 7.732097323999999328e-02 3.000000000000000000e+00
