# Source: PRIMAT compilation, https://doi.org/10.1016/j.physrep.2018.04.005
1.000000000000000021e-03 1.000000000000000008e-35 1.000000000000000000e+02
1.018628990244687619e-03 1.029096969705891386e-35 1.000000000000000000e+02
1.037605019766911670e-03 1.060015502631278070e-35 1.000000000000000995e+02
1.056934553557988335e-03 1.092902169101251908e-35 1.000000000000000000e+02
1.076624177045493267e-03 1.127917973912779467e-35 1.000000000000000000e+02
1.096680598336868600e-03 1.165240029462597566e-35 1.000000000000000000e+02
1.117110650504824203e-03 1.205063451010984142e-35 1.000000000000000000e+02
1.137921293915315117e-03 1.247603507235345460e-35 1.000000000000000000e+02
1.159119618598885779e-03 1.293098064716083388e-35 1.000000000000000000e+02
1.180712846666190276e-03 1.341810371481858874e-35 1.000000000000000995e+02
1.202708334768511989e-03 1.394032232419773205e-35 1.000000000000000995e+02
1.225113576604118949e-03 1.450087638468695969e-35 1.000000000000000995e+02
1.247936205471311460e-03 1.510336922350934141e-35 1.000000000000000000e+02
1.271183996869028896e-03 1.575181526512951931e-35 1.000000000000001990e+02
1.294864871145904933e-03 1.645069484377124102e-35 1.000000000000000995e+02
1.318986896198670470e-03 1.720501734479822081e-35 1.000000000000001990e+02
1.343558290220826226e-03 1.802039409248844461e-35 1.000000000000000995e+02
1.368587424502519176e-03 1.890312266847702989e-35 1.000000000000000995e+02
1.394082826282578647e-03 1.986028466695070763e-35 1.000000000000000995e+02
1.420053181653683095e-03 2.089985928170098958e-35 1.000000000000000995e+02
1.446507338521647217e-03 2.203085559181347925e-35 1.000000000000000995e+02
1.473454309619835756e-03 2.326346698600651158e-35 1.000000000000000995e+02
1.500903275579736594e-03 2.460925186430397058e-35 1.000000000000000995e+02
1.528863588058731147e-03 2.608134560950917836e-35 1.000000000000000000e+02
1.557344772926135207e-03 2.769470986734257888e-35 1.000000000000000995e+02
1.586356533508589657e-03 2.946642646014207821e-35 1.000000000000000995e+02
1.615908753895919101e-03 3.141604484431798935e-35 1.000000000000000995e+02
1.646011502308549748e-03 3.356599398180866245e-35 1.000000000000000995e+02
1.676675034527699143e-03 3.594207192663236995e-35 1.000000000000000995e+02
1.707909797389426916e-03 3.857402945189002966e-35 1.000000000000001990e+02
1.739726432343800767e-03 4.149626781723695916e-35 1.000000000000000000e+02
1.772135779080358372e-03 4.474867550363789265e-35 1.000000000000000995e+02
1.805148879221108154e-03 4.837763468134433238e-35 1.000000000000000995e+02
1.838776980082326793e-03 5.243723566516752091e-35 1.000000000000000000e+02
1.873031538506436536e-03 5.699074708576080257e-35 1.000000000000001990e+02
1.907924224765265072e-03 6.211240153719433754e-35 1.000000000000000995e+02
1.943466926536020246e-03 6.788957179621502073e-35 1.000000000000000995e+02
1.979671752951332481e-03 7.442543232893356383e-35 1.000000000000000995e+02
2.016551038724746607e-03 8.184222600089130525e-35 1.000000000000000000e+02
2.054117348353064112e-03 9.028528840315477455e-35 1.000000000000001990e+02
2.092383480396977150e-03 9.992802428353970099e-35 1.000000000000000995e+02
2.131362471841437810e-03 1.109780852807524491e-34 1.000000000000000995e+02
2.171067602537264923e-03 1.236850695977901808e-34 1.000000000000000995e+02
2.211512399725488933e-03 1.383501579454319217e-34 1.000000000000000000e+02
2.252710642645980484e-03 1.553382235250076544e-34 1.000000000000000000e+02
2.294676367231936100e-03 1.750931171955982611e-34 1.000000000000000995e+02
2.337423870891814758e-03 1.981570462311208175e-34 1.000000000000000995e+02
2.380967717380358135e-03 2.251952553933804936e-34 1.000000000000000000e+02
2.425322741760352948e-03 2.570276089313112768e-34 1.000000000000000000e+02
2.470504055456825433e-03 2.946691983862532717e-34 1.000000000000000000e+02
2.516527051405391836e-03 3.393828151739664617e-34 1.000000000000000995e+02
2.563407409296514835e-03 3.927471010751493350e-34 1.000000000000000000e+02
2.611161100917459583e-03 4.567455260538081919e-34 1.000000000000000000e+02
2.659804395593758260e-03 5.338831862461621524e-34 1.000000000000000995e+02
2.709353865732051433e-03 6.273409727822825671e-34 1.000000000000000000e+02
2.759826392466180594e-03 7.411802323791693592e-34 1.000000000000000995e+02
2.811239171408464344e-03 8.806160547043840415e-34 1.000000000000000000e+02
2.863609718508115885e-03 1.052384407558327407e-33 1.000000000000000000e+02
2.916955876018795853e-03 1.265238419956448646e-33 9.999999999999994316e+01
2.971295818577334054e-03 1.530623544625280295e-33 1.000000000000000000e+02
3.026648059395692196e-03 1.863604568799334372e-33 1.000000000000000995e+02
3.083031456568277075e-03 2.284218390040426940e-33 1.000000000000000000e+02
3.140465219496752208e-03 2.819356107501430282e-33 9.999999999999994316e+01
3.198968915434537586e-03 3.505324844457768322e-33 9.999999999999994316e+01
3.258562476153226226e-03 4.391546474796156835e-33 1.000000000000000000e+02
3.319266204733189573e-03 5.545875348370234267e-33 1.000000000000000995e+02
3.381100782480685445e-03 7.062310066064708068e-33 1.000000000000000000e+02
3.444087275973823411e-03 9.072285982077165538e-33 9.999999999999994316e+01
3.508247144239792347e-03 1.176137844539531744e-32 1.000000000000000000e+02
3.573602246065788347e-03 1.539426953535300302e-32 9.999999999999994316e+01
3.640174847446141400e-03 2.035247553238392059e-32 9.999999999999994316e+01
3.707987629168172684e-03 2.719200794368737968e-32 1.000000000000000000e+02
3.777063694539364597e-03 3.673254774874439963e-32 1.000000000000000000e+02
3.847426577258505898e-03 5.019706391597581568e-32 9.999999999999994316e+01
3.919100249433401899e-03 6.943323409622704119e-32 1.000000000000000995e+02
3.992109129748053209e-03 9.726932315540493720e-32 1.000000000000000995e+02
4.066478091781853925e-03 1.380830054501657808e-31 1.000000000000000000e+02
4.142232472483897525e-03 1.986587038594234070e-31 1.000000000000000000e+02
4.219398080805024202e-03 2.896298096317184562e-31 1.000000000000000995e+02
4.298001206490798497e-03 4.278503662395802854e-31 1.000000000000000995e+02
4.378068629038166758e-03 6.402886026321586507e-31 1.000000000000000995e+02
4.459627626819095622e-03 9.704932299059916538e-31 1.000000000000000995e+02
4.542705986374042521e-03 1.489405569481887221e-30 1.000000000000000995e+02
4.627332011878692967e-03 2.313549454291057563e-30 1.000000000000000995e+02
4.713534534786906725e-03 3.635798216170984934e-30 1.000000000000000995e+02
4.801342923653449841e-03 5.777649304283020963e-30 1.000000000000000000e+02
4.890787094139589959e-03 9.278349317742722697e-30 1.000000000000000000e+02
4.981897519205159656e-03 1.504719030268484843e-29 1.000000000000000000e+02
5.074705239490466188e-03 2.462646564016135697e-29 1.000000000000000000e+02
5.169241873891598608e-03 4.067192164286695027e-29 1.000000000000000000e+02
5.265539630332755246e-03 6.780454362654490700e-29 1.000000000000000000e+02
5.363631316739239652e-03 1.141374100182586889e-28 1.000000000000000995e+02
5.463550352214875498e-03 1.940635071333298731e-28 1.000000000000000995e+02
5.565330778427646403e-03 3.333929257004728187e-28 1.000000000000000000e+02
5.669007271207434327e-03 5.789280031769374869e-28 1.000000000000000000e+02
5.774615152359819509e-03 1.016522700301641352e-27 1.000000000000000000e+02
5.882190401699956099e-03 1.805564147802829754e-27 1.000000000000000000e+02
5.991769669310619169e-03 3.245652633940987356e-27 1.000000000000000000e+02
6.103390288028621123e-03 5.907185740260746893e-27 1.000000000000000995e+02
6.217090286163826779e-03 1.089001759199832604e-26 1.000000000000000000e+02
6.332908400455114321e-03 2.034352613539225920e-26 1.000000000000000000e+02
6.450884089267692675e-03 3.852680110218730117e-26 1.000000000000000000e+02
6.571057546036270826e-03 7.400101984380763859e-26 1.000000000000000000e+02
6.693469712958660493e-03 1.442313353008944886e-25 1.000000000000000000e+02
6.818162294944479437e-03 2.853964823866665784e-25 1.000000000000000995e+02
6.945177773823696388e-03 5.736354899717266558e-25 1.000000000000000000e+02
7.074559422819878297e-03 1.171789698295852872e-24 1.000000000000000995e+02
7.206351321293052656e-03 2.432552810776114908e-24 1.000000000000000000e+02
7.340598369757212090e-03 5.128642990857845112e-24 1.000000000000000000e+02
7.477346305177588227e-03 1.097352938999620158e-23 1.000000000000000000e+02
7.616641716552892058e-03 2.380782330078114242e-23 9.999999999999990052e+01
7.758532060787835978e-03 5.232315931372530206e-23 1.000000000000000995e+02
7.903065678861348128e-03 1.163541007255270150e-22 1.000000000000000000e+02
8.050291812295981564e-03 2.614879070568124610e-22 1.000000000000000995e+02
8.200260619934130954e-03 5.946648970932003905e-22 9.999999999999994316e+01
8.353023195026778799e-03 1.376261011219461366e-21 1.000000000000000995e+02
8.508631582640582489e-03 3.263053504021985717e-21 1.000000000000000995e+02
8.667138797389234081e-03 7.984372922145448011e-21 1.000000000000000995e+02
8.828598841495149604e-03 2.032752674011701477e-20 1.000000000000000000e+02
8.993066723187623582e-03 5.433137580979638089e-20 1.000000000000000000e+02
9.160598475443709407e-03 1.531107936886763356e-19 1.000000000000000000e+02
9.331251175078249249e-03 4.453376225950349227e-19 1.000000000000000000e+02
9.505082962189511861e-03 1.295500267155857340e-18 1.000000000000000000e+02
9.682153059967075343e-03 3.639184452177016804e-18 9.999999999999994316e+01
9.862521794868784469e-03 9.493707186042563343e-18 9.999999999999994316e+01
1.004625061717340749e-02 2.203067597717312984e-17 9.999999999999994316e+01
1.023340212191641702e-02 4.448212813200932760e-17 9.999999999999994316e+01
1.042404007021556327e-02 8.027408063930015070e-17 9.999999999999990052e+01
1.061822941099384125e-02 1.342913870221641769e-16 9.999999999999994316e+01
1.081603630310709954e-02 2.169957891536784118e-16 9.999999999999984368e+01
1.101752813788386791e-02 3.546398187927653952e-16 1.000000000000000995e+02
1.122277356208507652e-02 6.084643480081507050e-16 1.000000000000000000e+02
1.143184250129149725e-02 1.091978427073872262e-15 9.999999999999994316e+01
1.164480618372686072e-02 2.023071490509301305e-15 9.999999999999990052e+01
1.186173716452478509e-02 3.812415426459100567e-15 1.000000000000000000e+02
1.208270935044776506e-02 7.188993918191486061e-15 9.999999999999990052e+01
1.230779802506665188e-02 1.344282312432354982e-14 1.000000000000000000e+02
1.253707987440920262e-02 2.500775992938752833e-14 9.999999999999994316e+01
1.277063301308643990e-02 4.650015719196883507e-14 1.000000000000000000e+02
1.300853701090571267e-02 8.687852147139558412e-14 9.999999999999994316e+01
1.325087291997953214e-02 1.638208604586336827e-13 1.000000000000000000e+02
1.349772330233941706e-02 3.116209810097075661e-13 1.000000000000000000e+02
1.374917225806419029e-02 5.969246128265415446e-13 9.999999999999994316e+01
1.400530545393219653e-02 1.149189715339450438e-12 1.000000000000000000e+02
1.426621015260736910e-02 2.219689740477146270e-12 1.000000000000000000e+02
1.453197524236895383e-02 4.301004583440730872e-12 9.999999999999994316e+01
1.480269126739508674e-02 8.363005925550304517e-12 1.000000000000000000e+02
1.507845045861051086e-02 1.632404713554436294e-11 9.999999999999994316e+01
1.535934676510897039e-02 3.199077871550319795e-11 1.000000000000000995e+02
1.564547588616095955e-02 6.292149650521682984e-11 1.000000000000000995e+02
1.593693530381774456e-02 1.241537619258558655e-10 1.000000000000000000e+02
1.623382431612278159e-02 2.456446090076460528e-10 1.000000000000000000e+02
1.653624407094180307e-02 4.871664695080210706e-10 1.000000000000000000e+02
1.684429760042315330e-02 9.681006145579002381e-10 9.999999999999994316e+01
1.715808985610004986e-02 1.926982323092225186e-09 1.000000000000000995e+02
1.747772774464680795e-02 3.840437904884091834e-09 1.000000000000000000e+02
1.780332016430113962e-02 7.660396636734152451e-09 1.000000000000000000e+02
1.813497804196495186e-02 1.528625055369396858e-08 1.000000000000000000e+02
1.847281437099634188e-02 3.050323052802125371e-08 1.000000000000000000e+02
1.881694424970555696e-02 6.084319721901553325e-08 1.000000000000000000e+02
1.916748492056815148e-02 1.212605064332216690e-07 1.000000000000000000e+02
1.952455581016860828e-02 2.413681684460520715e-07 1.000000000000000000e+02
1.988827856988809734e-02 4.796208822065645212e-07 1.000000000000000995e+02
2.025877711735016989e-02 9.509628967470319828e-07 1.000000000000000995e+02
2.063617767863858837e-02 1.880142884613180629e-06 1.000000000000000000e+02
2.102060883130158278e-02 3.703708946569750628e-06 1.000000000000000000e+02
2.141220154815729262e-02 7.263330091895825833e-06 1.000000000000000000e+02
2.181108924191518805e-02 1.416767075206199995e-05 1.000000000000000995e+02
2.221740781062883641e-02 2.746066034054760093e-05 1.000000000000000000e+02
2.263129568399528321e-02 5.283642093225200632e-05 1.000000000000000000e+02
2.305289387051707301e-02 1.008087579135154505e-04 1.000000000000000000e+02
2.348234600554275145e-02 1.905062241273809969e-04 1.000000000000000000e+02
2.391979840020238418e-02 3.561550553090771774e-04 1.000000000000000000e+02
2.436540009125464853e-02 6.578530023036539224e-04 9.999999999999990052e+01
2.481930289186254010e-02 1.198906132896610617e-03 1.000000000000000000e+02
2.528166144331499277e-02 2.152773914663870004e-03 1.000000000000000000e+02
2.575263326771199887e-02 3.805520641393937697e-03 9.999999999999994316e+01
2.623237882163122203e-02 6.620625023559274965e-03 1.000000000000000000e+02
2.672106155079433804e-02 1.133306306626005212e-02 9.999999999999994316e+01
2.721884794575178332e-02 1.908438263944068139e-02 9.999999999999990052e+01
2.772590759860482645e-02 3.161101240547337793e-02 9.999999999999990052e+01
2.824241326078434297e-02 5.149988318869634651e-02 9.999999999999994316e+01
2.876854090190592711e-02 8.252665214157921258e-02 9.999999999999990052e+01
2.930446976972142861e-02 1.300927769620237318e-01 9.999999999999984368e+01
2.985038245118730796e-02 2.017790936055628148e-01 9.999999999999994316e+01
3.040646493467067182e-02 3.079565341342085372e-01 9.999999999999994316e+01
3.097290667331408301e-02 4.613915083603649658e-01 9.999999999999990052e+01
3.154990064958086704e-02 6.759316094989327173e-01 9.999999999999994316e+01
3.213764344100276948e-02 9.640806383465642115e-01 9.999999999999994316e+01
3.273633528715245988e-02 1.332473735279329219e+00 9.999999999999994316e+01
3.334618015786364187e-02 1.775483676505475339e+00 9.999999999999994316e+01
3.396738582272208068e-02 2.268159014157002051e+00 1.000000000000000000e+02
3.460016392185108480e-02 2.761274470322324426e+00 1.000000000000000000e+02
3.524473003801584237e-02 3.182624026826696984e+00 1.000000000000000000e+02
3.590130377007068330e-02 3.448464186625864514e+00 1.000000000000000000e+02
3.657010880777489259e-02 3.485810670533778133e+00 9.999999999999994316e+01
3.725137300800209633e-02 3.260042811846874056e+00 1.000000000000000000e+02
3.794532847236938011e-02 2.795761321857785031e+00 1.000000000000000000e+02
3.865221162631261864e-02 2.177420784690260014e+00 9.999999999999994316e+01
3.937226329963479377e-02 1.524156881706290489e+00 1.000000000000000000e+02
4.010572880855495931e-02 9.481911988301418015e-01 1.000000000000000000e+02
4.085285803928561527e-02 5.212934072595297730e-01 1.000000000000000995e+02
4.161390553316707264e-02 2.561799543633533349e-01 9.999999999999994316e+01
4.238913057338778573e-02 1.143541940711912536e-01 1.000000000000000000e+02
4.317879727332021161e-02 4.722139336798145126e-02 1.000000000000000000e+02
4.398317466650223523e-02 1.841576039201831688e-02 1.000000000000000000e+02
4.480253679829489938e-02 6.942627070465901169e-03 1.000000000000000000e+02
4.563716281924758839e-02 2.597091639245816160e-03 9.999999999999994316e+01
4.648733708020256344e-02 9.925468528749828434e-04 1.000000000000000000e+02
4.735334922917116413e-02 4.003283398681743818e-04 1.000000000000000995e+02
4.823549431001467047e-02 1.766554327349944664e-04 1.000000000000000000e+02
4.913407286296361809e-02 8.875425326114000325e-05 1.000000000000000000e+02
5.004939102700953213e-02 5.305163032731989808e-05 1.000000000000000000e+02
5.098176064420424647e-02 3.908347749122727423e-05 1.000000000000000000e+02
5.193149936590212012e-02 3.523024499454784205e-05 1.000000000000000995e+02
5.289893076098151070e-02 3.812664429059555278e-05 1.000000000000000995e+02
5.388438442608223938e-02 4.846351876990031475e-05 1.000000000000000000e+02
5.488819609789671872e-02 7.056171231124642236e-05 1.000000000000000000e+02
5.591070776755290017e-02 1.143615370497127640e-04 1.000000000000000000e+02
5.695226779712821846e-02 1.997588200834620430e-04 1.000000000000000000e+02
5.801323103833375128e-02 3.626112062367539538e-04 1.000000000000000995e+02
5.909395895340967958e-02 6.567085732474956840e-04 1.000000000000000000e+02
6.019481973827271043e-02 1.133837125275916980e-03 9.999999999999990052e+01
6.131618844795772016e-02 1.803646476432340089e-03 9.999999999999994316e+01
6.245844712439614643e-02 2.650473761221686791e-03 1.000000000000000000e+02
6.362198492657485105e-02 3.631895349743429532e-03 9.999999999999994316e+01
6.480719826311967524e-02 4.690831380308296480e-03 9.999999999999994316e+01
6.601449092734885948e-02 5.780900247668774652e-03 9.999999999999990052e+01
6.724427423484245769e-02 6.892881639769366832e-03 1.000000000000000000e+02
6.849696716357443760e-02 8.077236192248132135e-03 1.000000000000000000e+02
6.977299649665534564e-02 9.466884093973440203e-03 1.000000000000000000e+02
7.107279696773415034e-02 1.129086582326352395e-02 9.999999999999994316e+01
7.239681140910873836e-02 1.373834883605426493e-02 9.999999999999994316e+01
7.374549090259549522e-02 1.697948343926886094e-02 1.000000000000000000e+02
7.511929493320965157e-02 2.120973954095641337e-02 1.000000000000000000e+02
7.651869154570821452e-02 2.662794823195709093e-02 1.000000000000000000e+02
7.794415750404946885e-02 3.338972655072286466e-02 1.000000000000000000e+02
7.939617845382279659e-02 4.152692004134948822e-02 1.000000000000000000e+02
8.087524908770453436e-02 5.084195680618656954e-02 1.000000000000000995e+02
8.238187331399605962e-02 6.099724936136548259e-02 9.999999999999994316e+01
8.391656442830157381e-02 7.157345833427036785e-02 1.000000000000000995e+02
8.547984528840409102e-02 8.197583797703178465e-02 1.000000000000000000e+02
8.707224849239916797e-02 9.145205691606661524e-02 1.000000000000000000e+02
8.869431656014709064e-02 9.915082329884442047e-02 1.000000000000000000e+02
9.034660211810524588e-02 1.042224756746705089e-01 1.000000000000000995e+02
9.202966808760409956e-02 1.063940986000381506e-01 9.999999999999994316e+01
9.374408787662991127e-02 1.066911925271721989e-01 1.000000000000000000e+02
9.549044557518077125e-02 1.065922472801608956e-01 9.999999999999994316e+01
9.726933615426168467e-02 1.077864735221720910e-01 1.000000000000000000e+02
9.908136566858666283e-02 1.122747927829747527e-01 1.000000000000000000e+02
1.009271514630570854e-01 1.227610581994350303e-01 9.999999999999994316e+01
1.028073223830864719e-01 1.415294946387133379e-01 1.000000000000000995e+02
1.047225189888434382e-01 1.699883105911804693e-01 1.000000000000000995e+02
1.066733937734857113e-01 2.096760520351368673e-01 1.000000000000000000e+02
1.086606113854596822e-01 2.613583698541578348e-01 1.000000000000000000e+02
1.106848488549412035e-01 3.233815738891807623e-01 1.000000000000000000e+02
1.127467958244946084e-01 3.930053208023674416e-01 1.000000000000000000e+02
1.148471547840289042e-01 4.705821868965507915e-01 9.999999999999994316e+01
1.169866413101306873e-01 5.578613426670701037e-01 1.000000000000000000e+02
1.191659843098558796e-01 6.583196019406403199e-01 9.999999999999990052e+01
1.213859262690627772e-01 7.778128712228730146e-01 9.999999999999994316e+01
1.236472235053715091e-01 9.216944815598473451e-01 9.999999999999990052e+01
1.259506464258357550e-01 1.093623259824144434e+00 9.999999999999984368e+01
1.282969797894147612e-01 1.296867000921716695e+00 1.000000000000000000e+02
1.306870229743346268e-01 1.533764884818814345e+00 9.999999999999990052e+01
1.331215902504307713e-01 1.805970777362801982e+00 1.000000000000000000e+02
1.356015110565633452e-01 2.115458026657333512e+00 9.999999999999990052e+01
1.381276302832009362e-01 2.463282099049162177e+00 9.999999999999994316e+01
1.407008085602685088e-01 2.849019330626807456e+00 9.999999999999990052e+01
1.433219225503573890e-01 3.275165542370852556e+00 9.999999999999984368e+01
1.459918652473978506e-01 3.755753857182681177e+00 9.999999999999990052e+01
1.487115462808953625e-01 4.315024624908356365e+00 1.000000000000000000e+02
1.514818922258345801e-01 4.990214027719524381e+00 9.999999999999990052e+01
1.543038469183564687e-01 5.814674143821103591e+00 9.999999999999994316e+01
1.571783717773162781e-01 6.806570104926440656e+00 1.000000000000000000e+02
1.601064461318317811e-01 7.976896083025714290e+00 1.000000000000000000e+02
1.630890675549332702e-01 9.330608086463213269e+00 9.999999999999994316e+01
1.661272522034293042e-01 1.088715813589071324e+01 1.000000000000000000e+02
1.692220351641037235e-01 1.267274172438911428e+01 1.000000000000000000e+02
1.723744708063619790e-01 1.471670196381689699e+01 1.000000000000000000e+02
1.755856331414468730e-01 1.705206901713554757e+01 1.000000000000000000e+02
1.788566161883461958e-01 1.971626305622850595e+01 1.000000000000000000e+02
1.821885343465165230e-01 2.275202384075340589e+01 1.000000000000000000e+02
1.855825227755517060e-01 2.620875372851197227e+01 1.000000000000000000e+02
1.890397377819219571e-01 3.014417633739379099e+01 1.000000000000000995e+02
1.925613572129196704e-01 3.462643702004656632e+01 1.000000000000000995e+02
1.961485808579429280e-01 3.973693800012303257e+01 1.000000000000000000e+02
1.998026308572548593e-01 4.557408095809989845e+01 1.000000000000000995e+02
2.035247521183575770e-01 5.225440760125196960e+01 1.000000000000000000e+02
2.073162127401229071e-01 5.989914978172193116e+01 1.000000000000000000e+02
2.111783044448242164e-01 6.864047377679654005e+01 1.000000000000000000e+02
2.151123430182164953e-01 7.862673269089776795e+01 9.999999999999994316e+01
2.191196687578147451e-01 9.002400275258069939e+01 9.999999999999994316e+01
2.232016469295232397e-01 1.030176670795616189e+02 1.000000000000000000e+02
2.273596682327715113e-01 1.178140258833063569e+02 1.000000000000000000e+02
2.315951492743152096e-01 1.346419058002205418e+02 1.000000000000000995e+02
2.359095330508633737e-01 1.537542348623872499e+02 1.000000000000000995e+02
2.403042894406967056e-01 1.754295431217022099e+02 9.999999999999994316e+01
2.447809157044440187e-01 1.999733423328381718e+02 1.000000000000000000e+02
2.493409369951877785e-01 2.277193316754827208e+02 1.000000000000000000e+02
2.539859068780723761e-01 2.590324212699184727e+02 9.999999999999990052e+01
2.587174078595921300e-01 2.943235291560325209e+02 1.000000000000000995e+02
2.635370519267393186e-01 3.340521108294304895e+02 9.999999999999994316e+01
2.684464810961962322e-01 3.787284409313681408e+02 9.999999999999990052e+01
2.734473679737579599e-01 4.289206372538313872e+02 1.000000000000000995e+02
2.785414163241766161e-01 4.852632772654613973e+02 1.000000000000000000e+02
2.837303616516211324e-01 5.484680407184365549e+02 1.000000000000000000e+02
2.890159717909508430e-01 6.193369400697524725e+02 1.000000000000000000e+02
2.944000475100033709e-01 6.987788536563505204e+02 1.000000000000000000e+02
2.998844231231027613e-01 7.878302736678880365e+02 9.999999999999994316e+01
3.054709671159968054e-01 8.876550205524782768e+02 9.999999999999994316e+01
3.111615827824359970e-01 9.994567459225035009e+02 9.999999999999994316e+01
3.169582088726115021e-01 1.124522515813664768e+03 9.999999999999994316e+01
3.228628202536730218e-01 1.264250961583230264e+03 9.999999999999994316e+01
3.288774285825510346e-01 1.420158047331809485e+03 1.000000000000000000e+02
3.350040829913132900e-01 1.593882753073000913e+03 9.999999999999994316e+01
3.412448707852889229e-01 1.787192703523810223e+03 1.000000000000000000e+02
3.476019181541977754e-01 2.001989813410759098e+03 1.000000000000000000e+02
3.540773908965269556e-01 2.240322937134491895e+03 9.999999999999994316e+01
3.606734951574028236e-01 2.504497290544773932e+03 1.000000000000000995e+02
3.673924781802074269e-01 2.797126687150330326e+03 1.000000000000000995e+02
3.742366290721980682e-01 3.121131491772786831e+03 1.000000000000000995e+02
3.812082795843887983e-01 3.479795076500563937e+03 1.000000000000000995e+02
3.883098049059605095e-01 3.876836424101551529e+03 1.000000000000000995e+02
3.955436244734701345e-01 4.316501558593127811e+03 1.000000000000000995e+02
4.029122027951347884e-01 4.803665747577359980e+03 1.000000000000000995e+02
4.104180502904709038e-01 5.343379667962880376e+03 9.999999999999994316e+01
4.180637241455757991e-01 5.940393466989195076e+03 1.000000000000000000e+02
4.258518291843414461e-01 6.599583219229345559e+03 1.000000000000000995e+02
4.337850187558989212e-01 7.325931092017675837e+03 1.000000000000000000e+02
4.418659956385941334e-01 8.124443240305186919e+03 1.000000000000000000e+02
4.500975129608046355e-01 9.000044159959330500e+03 1.000000000000000995e+02
4.584823751389096036e-01 9.957867361618122231e+03 1.000000000000000000e+02
4.670234388327330621e-01 1.100475669384347748e+04 9.999999999999994316e+01
4.757236139187884794e-01 1.214879463903275064e+04 9.999999999999994316e+01
4.845858644816490868e-01 1.339922763668758489e+04 1.000000000000000000e+02
4.936132098237911991e-01 1.476675729487112039e+04 1.000000000000000000e+02
5.028087254942474882e-01 1.626388977096812778e+04 1.000000000000000000e+02
5.121755443364236493e-01 1.790380746629678470e+04 1.000000000000000000e+02
5.217168575554343990e-01 1.969866858123985003e+04 1.000000000000000000e+02
5.314359158053235666e-01 2.166118990758980362e+04 1.000000000000000000e+02
5.413360302965375404e-01 2.380487253059448994e+04 1.000000000000000000e+02
5.514205739240296555e-01 2.614402789555468189e+04 9.999999999999994316e+01
5.616929824163804374e-01 2.869380641478397956e+04 9.999999999999994316e+01
5.721567555063246102e-01 3.147023034311549054e+04 1.000000000000000000e+02
5.828154581230839959e-01 3.449023319600196555e+04 1.000000000000000000e+02
5.936727216069119795e-01 3.777170863543534506e+04 9.999999999999994316e+01
6.047322449462643190e-01 4.133357362764671416e+04 1.000000000000000000e+02
6.159977960380161877e-01 4.519588952350216277e+04 9.999999999999990052e+01
6.274732129711574347e-01 4.938000135822905577e+04 9.999999999999994316e+01
6.391624053343999412e-01 5.390865243468997505e+04 9.999999999999994316e+01
6.510693555481454897e-01 5.880617027541071002e+04 1.000000000000000000e+02
6.631981202212668958e-01 6.409870725367080740e+04 9.999999999999994316e+01
6.755528315331639222e-01 6.981454627342682215e+04 9.999999999999994316e+01
6.881376986415662644e-01 7.598448686547744728e+04 9.999999999999990052e+01
7.009570091165617800e-01 8.264232977791642770e+04 1.000000000000000995e+02
7.140151304013395706e-01 8.982407725381918135e+04 1.000000000000000000e+02
7.273165113001454074e-01 9.756439919584484596e+04 1.000000000000000995e+02
7.408656834939559843e-01 1.058989548873323656e+05 1.000000000000000995e+02
7.546672630843886953e-01 1.148652805301047338e+05 1.000000000000001990e+02
7.687259521663728501e-01 1.245030074569679564e+05 1.000000000000000995e+02
7.830465404301183430e-01 1.348541471371090738e+05 1.000000000000000995e+02
7.976339067929273385e-01 1.459634595589555684e+05 1.000000000000000995e+02
8.124930210614047521e-01 1.578784660362194409e+05 1.000000000000000995e+02
8.276289456246344045e-01 1.706469780173295876e+05 9.999999999999994316e+01
8.430468371788967241e-01 1.843181678810369340e+05 1.000000000000000000e+02
8.587519484845170803e-01 1.989438841395658092e+05 9.999999999999994316e+01
8.747496301554414933e-01 2.145791135394279554e+05 1.000000000000000000e+02
8.910453324821513421e-01 2.312825737848661956e+05 9.999999999999994316e+01
9.076446072885356875e-01 2.491173289436548366e+05 9.999999999999990052e+01
9.245531098233570333e-01 2.681474472633172991e+05 9.999999999999990052e+01
9.417766006869519035e-01 2.884362989094367367e+05 9.999999999999994316e+01
9.593209477938241525e-01 3.100503578907423071e+05 1.000000000000000000e+02
9.771921283717996953e-01 3.330600641837978619e+05 1.000000000000000000e+02
9.953962309984233370e-01 3.575406638423025142e+05 9.999999999999994316e+01
1.013939457675291811e+00 3.835720709245525650e+05 1.000000000000000995e+02
1.032828125941028574e+00 4.112293644432537258e+05 1.000000000000000000e+02
1.052068671023622892e+00 4.405846294269866776e+05 1.000000000000000000e+02
1.071667648032863296e+00 4.717115872272912529e+05 1.000000000000000000e+02
1.091631734193614811e+00 5.046860231941047241e+05 1.000000000000000995e+02
1.111967731120699021e+00 5.395863395573003218e+05 1.000000000000000000e+02
1.132682567136153784e+00 5.764943101229530293e+05 1.000000000000000995e+02
1.153783299629660863e+00 6.154960782411756227e+05 1.000000000000000995e+02
1.175277117462945276e+00 6.566834455427324865e+05 1.000000000000000995e+02
1.197171343418965694e+00 7.001555059669311158e+05 1.000000000000000995e+02
1.219473436696737023e+00 7.460206879208595492e+05 1.000000000000000000e+02
1.242190995452616242e+00 7.943992774398729671e+05 1.000000000000000000e+02
1.265331759388941713e+00 8.454242731805257499e+05 1.000000000000000995e+02
1.288903612390891462e+00 8.992174863391420804e+05 1.000000000000000995e+02
1.312914585212463958e+00 9.558912963171581505e+05 1.000000000000000995e+02
1.337372858212495075e+00 1.015564234407144948e+06 1.000000000000000000e+02
1.362286764141645401e+00 1.078363045607630629e+06 1.000000000000000995e+02
1.387664790981307128e+00 1.144424917218528921e+06 9.999999999999994316e+01
1.413515584835394190e+00 1.213900229569666786e+06 1.000000000000000000e+02
1.439847952876006643e+00 1.286955919151883572e+06 1.000000000000000000e+02
1.466670866343967150e+00 1.363779559480924392e+06 1.000000000000000000e+02
1.493993463605256311e+00 1.444584283686251380e+06 1.000000000000000000e+02
1.521825053264385552e+00 1.529599665276054526e+06 1.000000000000000995e+02
1.550175117335768737e+00 1.618960634712017374e+06 1.000000000000000995e+02
1.579053314474174297e+00 1.712732206375630805e+06 1.000000000000000995e+02
1.608469483265355215e+00 1.810950839191205101e+06 1.000000000000000995e+02
1.638433645577983100e+00 1.913619335150717292e+06 1.000000000000000995e+02
1.668956009978023181e+00 2.020700933076040354e+06 1.000000000000000000e+02
1.700046975206716438e+00 2.132112909692576155e+06 1.000000000000000995e+02
1.731717133723352786e+00 2.247719722294802777e+06 1.000000000000000000e+02
1.763977275314043469e+00 2.367330666495476849e+06 9.999999999999994316e+01
1.796838390767719229e+00 2.490862392991436180e+06 1.000000000000000000e+02
1.830311675620611256e+00 2.618438409823702648e+06 9.999999999999994316e+01
1.864408533970485227e+00 2.750252295667504426e+06 1.000000000000000000e+02
1.899140582361933616e+00 2.886572452579678502e+06 1.000000000000000000e+02
1.934519653744044332e+00 3.027759728139280807e+06 1.000000000000000000e+02
1.970557801501798378e+00 3.174287892402998172e+06 1.000000000000000995e+02
2.007267303562568106e+00 3.326766681166673545e+06 1.000000000000000000e+02
2.044660666579115826e+00 3.485765045577099547e+06 1.000000000000000000e+02
2.082750630190514318e+00 3.651487682018014137e+06 1.000000000000000000e+02
2.121550171362450055e+00 3.824073172429237515e+06 1.000000000000000995e+02
2.161072508808376647e+00 4.003646883720752317e+06 1.000000000000000000e+02
2.201331107493030181e+00 4.190319285305466969e+06 9.999999999999994316e+01
2.242339683219845003e+00 4.384184274281298742e+06 1.000000000000000000e+02
2.284112207303823361e+00 4.585317538533788174e+06 1.000000000000000000e+02
2.326662911331458083e+00 4.793774992907519452e+06 9.999999999999994316e+01
2.370006292009327886e+00 5.009591328699957579e+06 1.000000000000000000e+02
2.414157116103017753e+00 5.232778722000584006e+06 1.000000000000000000e+02
2.459130425468043946e+00 5.463325751760263927e+06 9.999999999999994316e+01
2.504941542174502267e+00 5.701196606387465261e+06 1.000000000000000000e+02
2.551606073727183954e+00 5.946357261694868095e+06 1.000000000000000000e+02
2.599139918382932901e+00 6.198839637866588309e+06 1.000000000000000000e+02
2.647559270567066747e+00 6.458699861340898089e+06 1.000000000000000000e+02
2.696880626390692370e+00 6.726012783131520264e+06 1.000000000000000000e+02
2.747120789270811603e+00 7.000879966958538629e+06 1.000000000000000000e+02
2.798296875655115645e+00 7.283439072009052150e+06 1.000000000000000000e+02
2.850426320853434614e+00 7.573874794061295688e+06 1.000000000000000000e+02
2.903526884977813971e+00 7.872431551838413812e+06 1.000000000000000995e+02
2.957616658993253544e+00 8.179428135323123075e+06 1.000000000000000000e+02
3.012714070881164385e+00 8.495273543246433139e+06 1.000000000000000000e+02
3.068837891917642224e+00 8.820322059921013191e+06 1.000000000000000000e+02
3.126007243068700259e+00 9.154653742735378444e+06 1.000000000000000995e+02
3.184241601504649744e+00 9.498310511476524174e+06 1.000000000000000000e+02
3.243560807235807975e+00 9.851336771415123716e+06 1.000000000000000995e+02
3.303985069871854918e+00 1.021378424570437334e+07 1.000000000000000000e+02
3.365534975507090909e+00 1.058571780199786834e+07 1.000000000000000000e+02
3.428231493733967294e+00 1.096722239127123356e+07 1.000000000000000000e+02
3.492095984787267682e+00 1.135841122809312493e+07 1.000000000000000000e+02
3.557150206821382277e+00 1.175941923125652969e+07 1.000000000000000000e+02
3.623416323323146226e+00 1.217032669573564455e+07 1.000000000000000000e+02
3.690916910662774608e+00 1.259120752271436900e+07 1.000000000000000000e+02
3.759674965785463563e+00 1.302216778245470673e+07 1.000000000000000995e+02
3.829713914046277257e+00 1.346335621355526149e+07 1.000000000000001990e+02
3.901057617190989202e+00 1.391497631489050947e+07 1.000000000000000995e+02
3.973730381485604202e+00 1.437730025700344890e+07 1.000000000000000995e+02
4.047756965997318268e+00 1.485066354462631606e+07 1.000000000000000000e+02
4.123162591029748469e+00 1.533521271663269587e+07 1.000000000000000000e+02
4.199972946715301525e+00 1.583093236433035322e+07 1.000000000000000000e+02
4.278214201767612579e+00 1.633781097035693191e+07 1.000000000000000000e+02
4.357913012397025554e+00 1.685585109676495567e+07 1.000000000000000000e+02
4.439096531392166867e+00 1.738507735722379386e+07 1.000000000000000000e+02
4.521792417370697592e+00 1.792554573379481956e+07 1.000000000000000000e+02
4.606028844202397998e+00 1.847735438220708072e+07 1.000000000000000000e+02
4.691834510607794329e+00 1.904065608439413458e+07 9.999999999999994316e+01
4.779238649935595440e+00 1.961567252515190095e+07 9.999999999999994316e+01
4.868271040122278848e+00 2.020271059215666354e+07 9.999999999999994316e+01
4.958962013837211913e+00 2.080218092654103786e+07 9.999999999999994316e+01
5.051342468816761411e+00 2.141459933744919673e+07 1.000000000000000000e+02
5.145443878390924652e+00 2.204024919647656381e+07 1.000000000000000000e+02
5.241298302206056192e+00 2.267915040662492812e+07 9.999999999999994316e+01
5.338938397147350301e+00 2.333133093778872862e+07 1.000000000000000995e+02
5.438397428464796235e+00 2.399684500209844857e+07 1.000000000000000000e+02
5.539709281106400596e+00 2.467578285571261868e+07 1.000000000000000000e+02
5.642908471262536807e+00 2.536828212144504488e+07 1.000000000000000000e+02
5.748030158125351008e+00 2.607454079490972683e+07 1.000000000000000000e+02
5.855110155867238042e+00 2.679483211503231898e+07 9.999999999999994316e+01
5.964184945842459840e+00 2.752952150180926546e+07 1.000000000000000000e+02
6.075291689016070862e+00 2.827905677451113239e+07 1.000000000000000000e+02
6.188468238624382778e+00 2.904366760638327152e+07 1.000000000000000995e+02
6.303753153071275150e+00 2.982342769304682314e+07 9.999999999999994316e+01
6.421185709064758385e+00 3.061844550845932588e+07 1.000000000000000995e+02
6.540805914998252923e+00 3.142887891024455056e+07 1.000000000000000995e+02
6.662654524581149929e+00 3.225494840911930054e+07 1.000000000000000000e+02
6.786773050723295064e+00 3.309695232541904226e+07 1.000000000000000000e+02
6.913203779678127603e+00 3.395528403668959439e+07 1.000000000000000000e+02
7.041989785449288775e+00 3.483044825519753247e+07 1.000000000000000995e+02
7.173174944465612768e+00 3.572286285485780984e+07 1.000000000000000995e+02
7.306803950529499936e+00 3.663268468399544060e+07 1.000000000000000995e+02
7.442922330043757917e+00 3.756008841512013227e+07 1.000000000000000995e+02
7.581576457522110069e+00 3.850530755994143337e+07 1.000000000000000995e+02
7.722813571388642551e+00 3.946864897304137051e+07 1.000000000000000995e+02
7.866681790071582192e+00 4.045050937817404419e+07 1.000000000000000000e+02
8.013230128396878982e+00 4.145139406139151752e+07 1.000000000000000000e+02
8.162508514287219796e+00 4.247179337193017453e+07 1.000000000000000000e+02
8.314567805772055564e+00 4.351185320461906493e+07 1.000000000000000995e+02
8.469459808314576676e+00 4.457167169268486649e+07 1.000000000000000995e+02
8.627237292461440887e+00 4.565138596158052236e+07 1.000000000000000000e+02
8.787954011821311084e+00 4.675118416129159182e+07 1.000000000000000000e+02
8.951664721378293166e+00 4.787131927230575681e+07 1.000000000000000995e+02
9.118425196146562328e+00 4.901212487436501682e+07 1.000000000000000000e+02
9.288292250172489162e+00 5.017403308765499294e+07 1.000000000000000995e+02
9.461323755890759912e+00 5.135759492035456002e+07 1.000000000000000000e+02
9.637578663841079418e+00 5.256350328547714651e+07 1.000000000000000000e+02
9.817117022752183786e+00 5.379261898480325192e+07 1.000000000000000000e+02
1.000000000000000000e+01 5.504600000000001490e+07 1.000000000000000000e+02
