# Source: PRIMAT compilation, https://doi.org/10.1016/j.physrep.2018.04.005
1.000000000000000021e-03 8.201100000000015497e+08 1.000000000000000000e+02
1.018628990244687619e-03 8.197411527575623989e+08 1.000000000000000000e+02
1.037605019766911670e-03 8.193705632835737467e+08 1.000000000000000995e+02
1.056934553557988335e-03 8.189983598716453314e+08 1.000000000000000000e+02
1.076624177045493267e-03 8.186246775755343437e+08 1.000000000000000000e+02
1.096680598336868600e-03 8.182496584137815237e+08 1.000000000000000000e+02
1.117110650504824203e-03 8.178734515768276453e+08 1.000000000000000000e+02
1.137921293915315117e-03 8.174962136363792419e+08 1.000000000000000000e+02
1.159119618598885779e-03 8.171181087567607164e+08 1.000000000000000000e+02
1.180712846666190276e-03 8.167393089079777002e+08 1.000000000000000995e+02
1.202708334768511989e-03 8.163599940801615715e+08 1.000000000000000995e+02
1.225113576604118949e-03 8.159803524991619587e+08 1.000000000000000995e+02
1.247936205471311460e-03 8.156005808427375555e+08 1.000000000000000000e+02
1.271183996869028896e-03 8.152208844571130276e+08 1.000000000000001990e+02
1.294864871145904933e-03 8.148414775733007193e+08 1.000000000000000995e+02
1.318986896198670470e-03 8.144625835228586197e+08 1.000000000000001990e+02
1.343558290220826226e-03 8.140844349523135424e+08 1.000000000000000995e+02
1.368587424502519176e-03 8.137072740359600782e+08 1.000000000000000995e+02
1.394082826282578647e-03 8.133313526860567331e+08 1.000000000000000995e+02
1.420053181653683095e-03 8.129569327600268126e+08 1.000000000000000995e+02
1.446507338521647217e-03 8.125842862636488676e+08 1.000000000000000995e+02
1.473454309619835756e-03 8.122136955496081114e+08 1.000000000000000995e+02
1.500903275579736594e-03 8.118454535103381872e+08 1.000000000000000995e+02
1.528863588058731147e-03 8.114798637642943859e+08 1.000000000000000000e+02
1.557344772926135207e-03 8.111172408345341682e+08 1.000000000000000995e+02
1.586356533508589657e-03 8.107579103184473515e+08 1.000000000000000995e+02
1.615908753895919101e-03 8.104022090474420786e+08 1.000000000000000995e+02
1.646011502308549748e-03 8.100504852351673841e+08 1.000000000000000995e+02
1.676675034527699143e-03 8.097030986128528118e+08 1.000000000000000995e+02
1.707909797389426916e-03 8.093604205501599312e+08 1.000000000000001990e+02
1.739726432343800767e-03 8.090228341598521471e+08 1.000000000000000000e+02
1.772135779080358372e-03 8.086907343844053745e+08 1.000000000000000995e+02
1.805148879221108154e-03 8.083645280625934601e+08 1.000000000000000995e+02
1.838776980082326793e-03 8.080446339738473892e+08 1.000000000000000000e+02
1.873031538506436536e-03 8.077314828581186533e+08 1.000000000000001990e+02
1.907924224765265072e-03 8.074255174086155891e+08 1.000000000000000995e+02
1.943466926536020246e-03 8.071271922348750830e+08 1.000000000000000995e+02
1.979671752951332481e-03 8.068369737930177450e+08 1.000000000000000995e+02
2.016551038724746607e-03 8.065553402802157402e+08 1.000000000000000000e+02
2.054117348353064112e-03 8.062827814898155928e+08 1.000000000000001990e+02
2.092383480396977150e-03 8.060197986235412359e+08 1.000000000000000995e+02
2.131362471841437810e-03 8.057669040567389727e+08 1.000000000000000995e+02
2.171067602537264923e-03 8.055246210523748398e+08 1.000000000000000995e+02
2.211512399725488933e-03 8.052934834192342758e+08 1.000000000000000000e+02
2.252710642645980484e-03 8.050740351092989445e+08 1.000000000000000000e+02
2.294676367231936100e-03 8.048668297488973141e+08 1.000000000000000995e+02
2.337423870891814758e-03 8.046724300979294777e+08 1.000000000000000995e+02
2.380967717380358135e-03 8.044914074308924675e+08 1.000000000000000000e+02
2.425322741760352948e-03 8.043243408329534531e+08 1.000000000000000000e+02
2.470504055456825433e-03 8.041718164038757086e+08 1.000000000000000000e+02
2.516527051405391836e-03 8.040344263620300293e+08 1.000000000000000995e+02
2.563407409296514835e-03 8.039127680399633646e+08 1.000000000000000000e+02
2.611161100917459583e-03 8.038074427626637220e+08 1.000000000000000000e+02
2.659804395593758260e-03 8.037190545985873938e+08 1.000000000000000995e+02
2.709353865732051433e-03 8.036482089730875492e+08 1.000000000000000000e+02
2.759826392466180594e-03 8.035955111328912973e+08 1.000000000000000995e+02
2.811239171408464344e-03 8.035615644494556189e+08 1.000000000000000000e+02
2.863609718508115885e-03 8.035469685481549501e+08 1.000000000000000000e+02
2.916955876018795853e-03 8.035523172491860390e+08 9.999999999999994316e+01
2.971295818577334054e-03 8.035781963050545454e+08 1.000000000000000000e+02
3.026648059395692196e-03 8.036252475064963102e+08 1.000000000000000995e+02
3.083031456568277075e-03 8.036958475154763460e+08 1.000000000000000000e+02
3.140465219496752208e-03 8.037944525900626183e+08 9.999999999999994316e+01
3.198968915434537586e-03 8.039260304746134281e+08 9.999999999999994316e+01
3.258562476153226226e-03 8.040960105046426058e+08 1.000000000000000000e+02
3.319266204733189573e-03 8.043103196312994957e+08 1.000000000000000995e+02
3.381100782480685445e-03 8.045754214239256382e+08 1.000000000000000000e+02
3.444087275973823411e-03 8.048983583613965511e+08 9.999999999999994316e+01
3.508247144239792347e-03 8.052867977643820047e+08 1.000000000000000000e+02
3.573602246065788347e-03 8.057490817680556774e+08 9.999999999999994316e+01
3.640174847446141400e-03 8.062942817895197868e+08 9.999999999999994316e+01
3.707987629168172684e-03 8.069322580071341991e+08 1.000000000000000000e+02
3.777063694539364597e-03 8.076737244421678782e+08 1.000000000000000000e+02
3.847426577258505898e-03 8.085303203173248768e+08 9.999999999999994316e+01
3.919100249433401899e-03 8.095146884645549059e+08 1.000000000000000995e+02
3.992109129748053209e-03 8.106405616679691076e+08 1.000000000000000995e+02
4.066478091781853925e-03 8.119186702690006495e+08 1.000000000000000000e+02
4.142232472483897525e-03 8.133366991818553209e+08 1.000000000000000000e+02
4.219398080805024202e-03 8.148718660293734074e+08 1.000000000000000995e+02
4.298001206490798497e-03 8.164981067902547121e+08 1.000000000000000995e+02
4.378068629038166758e-03 8.181857597644375563e+08 1.000000000000000995e+02
4.459627626819095622e-03 8.199012254607310295e+08 1.000000000000000995e+02
4.542705986374042521e-03 8.216066121396009922e+08 1.000000000000000995e+02
4.627332011878692967e-03 8.232593709398579597e+08 1.000000000000000995e+02
4.713534534786906725e-03 8.248119259623718262e+08 1.000000000000000995e+02
4.801342923653449841e-03 8.262113064155330658e+08 1.000000000000000000e+02
4.890787094139589959e-03 8.273987899769293070e+08 1.000000000000000000e+02
4.981897519205159656e-03 8.283095689192733765e+08 1.000000000000000000e+02
5.074705239490466188e-03 8.288810641691323519e+08 1.000000000000000000e+02
5.169241873891598608e-03 8.291097698960976601e+08 1.000000000000000000e+02
5.265539630332755246e-03 8.290231738403383493e+08 1.000000000000000000e+02
5.363631316739239652e-03 8.286537731581586599e+08 1.000000000000000995e+02
5.463550352214875498e-03 8.280392218690766096e+08 1.000000000000000995e+02
5.565330778427646403e-03 8.272226171195660830e+08 1.000000000000000000e+02
5.669007271207434327e-03 8.262528092801364660e+08 1.000000000000000000e+02
5.774615152359819509e-03 8.251847454706158638e+08 1.000000000000000000e+02
5.882190401699956099e-03 8.240798586806955338e+08 1.000000000000000000e+02
5.991769669310619169e-03 8.230065177505524158e+08 1.000000000000000000e+02
6.103390288028621123e-03 8.220278202949599028e+08 1.000000000000000995e+02
6.217090286163826779e-03 8.211481203734215498e+08 1.000000000000000000e+02
6.332908400455114321e-03 8.203509310583283901e+08 1.000000000000000000e+02
6.450884089267692675e-03 8.196176011531250477e+08 1.000000000000000000e+02
6.571057546036270826e-03 8.189271288698681593e+08 1.000000000000000000e+02
6.693469712958660493e-03 8.182559590896856785e+08 1.000000000000000000e+02
6.818162294944479437e-03 8.175777718630189896e+08 1.000000000000000995e+02
6.945177773823696388e-03 8.168632639140940905e+08 1.000000000000000000e+02
7.074559422819878297e-03 8.160812743965998888e+08 1.000000000000000995e+02
7.206351321293052656e-03 8.152203793820436001e+08 1.000000000000000000e+02
7.340598369757212090e-03 8.142876313966714144e+08 1.000000000000000000e+02
7.477346305177588227e-03 8.132917167435086966e+08 1.000000000000000000e+02
7.616641716552892058e-03 8.122424991387423277e+08 9.999999999999990052e+01
7.758532060787835978e-03 8.111511056185554266e+08 1.000000000000000995e+02
7.903065678861348128e-03 8.100300187588821650e+08 1.000000000000000000e+02
8.050291812295981564e-03 8.088929834011054039e+08 1.000000000000000995e+02
8.200260619934130954e-03 8.077439279771444798e+08 9.999999999999994316e+01
8.353023195026778799e-03 8.065694414799153805e+08 1.000000000000000995e+02
8.508631582640582489e-03 8.053531445443106890e+08 1.000000000000000995e+02
8.667138797389234081e-03 8.040769585012348890e+08 1.000000000000000995e+02
8.828598841495149604e-03 8.027209899627175331e+08 1.000000000000000000e+02
8.993066723187623582e-03 8.012634138814831972e+08 1.000000000000000000e+02
9.160598475443709407e-03 7.996917475616103411e+08 1.000000000000000000e+02
9.331251175078249249e-03 7.980455254199191332e+08 1.000000000000000000e+02
9.505082962189511861e-03 7.963841763796799183e+08 1.000000000000000000e+02
9.682153059967075343e-03 7.947735439691771269e+08 9.999999999999994316e+01
9.862521794868784469e-03 7.932863777532857656e+08 9.999999999999994316e+01
1.004625061717340749e-02 7.920025497880339622e+08 9.999999999999994316e+01
1.023340212191641702e-02 7.909635479974454641e+08 9.999999999999994316e+01
1.042404007021556327e-02 7.901219344179806709e+08 9.999999999999990052e+01
1.061822941099384125e-02 7.894134328215821981e+08 9.999999999999994316e+01
1.081603630310709954e-02 7.887660875260978937e+08 9.999999999999984368e+01
1.101752813788386791e-02 7.880995776180138588e+08 1.000000000000000995e+02
1.122277356208507652e-02 7.873492228924481869e+08 1.000000000000000000e+02
1.143184250129149725e-02 7.865217892497402430e+08 9.999999999999994316e+01
1.164480618372686072e-02 7.856406090421571732e+08 9.999999999999990052e+01
1.186173716452478509e-02 7.847318087689009905e+08 1.000000000000000000e+02
1.208270935044776506e-02 7.838241677013946772e+08 9.999999999999990052e+01
1.230779802506665188e-02 7.829333050484411716e+08 1.000000000000000000e+02
1.253707987440920262e-02 7.820530288835651875e+08 9.999999999999994316e+01
1.277063301308643990e-02 7.811745898286262751e+08 1.000000000000000000e+02
1.300853701090571267e-02 7.802882200518404245e+08 9.999999999999994316e+01
1.325087291997953214e-02 7.793857490225524902e+08 1.000000000000000000e+02
1.349772330233941706e-02 7.784680679845198393e+08 1.000000000000000000e+02
1.374917225806419029e-02 7.775384862407343388e+08 9.999999999999994316e+01
1.400530545393219653e-02 7.766006933185168505e+08 1.000000000000000000e+02
1.426621015260736910e-02 7.756579138063504696e+08 1.000000000000000000e+02
1.453197524236895383e-02 7.747103426890767813e+08 9.999999999999994316e+01
1.480269126739508674e-02 7.737573659972141981e+08 1.000000000000000000e+02
1.507845045861051086e-02 7.727982895666472912e+08 9.999999999999994316e+01
1.535934676510897039e-02 7.718325697602542639e+08 1.000000000000000995e+02
1.564547588616095955e-02 7.708600298309353590e+08 1.000000000000000995e+02
1.593693530381774456e-02 7.698805097500907183e+08 1.000000000000000000e+02
1.623382431612278159e-02 7.688938885151365995e+08 1.000000000000000000e+02
1.653624407094180307e-02 7.679005489593089819e+08 1.000000000000000000e+02
1.684429760042315330e-02 7.669011576519832611e+08 9.999999999999994316e+01
1.715808985610004986e-02 7.658964433563449383e+08 1.000000000000000995e+02
1.747772774464680795e-02 7.648871996940407753e+08 1.000000000000000000e+02
1.780332016430113962e-02 7.638742893563339710e+08 1.000000000000000000e+02
1.813497804196495186e-02 7.628586387737796307e+08 1.000000000000000000e+02
1.847281437099634188e-02 7.618408711825729609e+08 1.000000000000000000e+02
1.881694424970555696e-02 7.608211499750890732e+08 1.000000000000000000e+02
1.916748492056815148e-02 7.597995942821596861e+08 1.000000000000000000e+02
1.952455581016860828e-02 7.587763073139926195e+08 1.000000000000000000e+02
1.988827856988809734e-02 7.577513741757701635e+08 1.000000000000000995e+02
2.025877711735016989e-02 7.567248996288110018e+08 1.000000000000000995e+02
2.063617767863858837e-02 7.556974002388345003e+08 1.000000000000000000e+02
2.102060883130158278e-02 7.546696809734851122e+08 1.000000000000000000e+02
2.141220154815729262e-02 7.536426047739555836e+08 1.000000000000000000e+02
2.181108924191518805e-02 7.526170923911526203e+08 1.000000000000000995e+02
2.221740781062883641e-02 7.515941256316103935e+08 1.000000000000000000e+02
2.263129568399528321e-02 7.505747507919096947e+08 1.000000000000000000e+02
2.305289387051707301e-02 7.495600822942370176e+08 1.000000000000000000e+02
2.348234600554275145e-02 7.485513065366704464e+08 1.000000000000000000e+02
2.391979840020238418e-02 7.475496859730864763e+08 1.000000000000000000e+02
2.436540009125464853e-02 7.465565634384251833e+08 9.999999999999990052e+01
2.481930289186254010e-02 7.455733667369365692e+08 1.000000000000000000e+02
2.528166144331499277e-02 7.446015617343451977e+08 1.000000000000000000e+02
2.575263326771199887e-02 7.436419297971643209e+08 9.999999999999994316e+01
2.623237882163122203e-02 7.426946626805936098e+08 1.000000000000000000e+02
2.672106155079433804e-02 7.417598819158273935e+08 9.999999999999994316e+01
2.721884794575178332e-02 7.408376461207191944e+08 9.999999999999990052e+01
2.772590759860482645e-02 7.399279441197899580e+08 9.999999999999990052e+01
2.824241326078434297e-02 7.390306875280886889e+08 9.999999999999994316e+01
2.876854090190592711e-02 7.381457027623118162e+08 9.999999999999990052e+01
2.930446976972142861e-02 7.372727224405450821e+08 9.999999999999984368e+01
2.985038245118730796e-02 7.364113761297355890e+08 9.999999999999994316e+01
3.040646493467067182e-02 7.355614522364346981e+08 9.999999999999994316e+01
3.097290667331408301e-02 7.347252517005213499e+08 9.999999999999990052e+01
3.154990064958086704e-02 7.339067143592643738e+08 9.999999999999994316e+01
3.213764344100276948e-02 7.331101455122748613e+08 9.999999999999994316e+01
3.273633528715245988e-02 7.323402280829569101e+08 9.999999999999994316e+01
3.334618015786364187e-02 7.316020503652516603e+08 9.999999999999994316e+01
3.396738582272208068e-02 7.309011359860125780e+08 1.000000000000000000e+02
3.460016392185108480e-02 7.302434763132843971e+08 1.000000000000000000e+02
3.524473003801584237e-02 7.296355655713330507e+08 1.000000000000000000e+02
3.590130377007068330e-02 7.290844389581967592e+08 1.000000000000000000e+02
3.657010880777489259e-02 7.285977141020087004e+08 9.999999999999994316e+01
3.725137300800209633e-02 7.281836362386335135e+08 1.000000000000000000e+02
3.794532847236938011e-02 7.278511275466521978e+08 1.000000000000000000e+02
3.865221162631261864e-02 7.276098411377193928e+08 9.999999999999994316e+01
3.937226329963479377e-02 7.274702202714253664e+08 1.000000000000000000e+02
4.010572880855495931e-02 7.274435509952903986e+08 1.000000000000000000e+02
4.085285803928561527e-02 7.275355598842637539e+08 1.000000000000000995e+02
4.161390553316707264e-02 7.277347439682518244e+08 9.999999999999994316e+01
4.238913057338778573e-02 7.280249531631913185e+08 1.000000000000000000e+02
4.317879727332021161e-02 7.283877966222827435e+08 1.000000000000000000e+02
4.398317466650223523e-02 7.288024303489401340e+08 1.000000000000000000e+02
4.480253679829489938e-02 7.292453329829957485e+08 1.000000000000000000e+02
4.563716281924758839e-02 7.296900710931360722e+08 9.999999999999994316e+01
4.648733708020256344e-02 7.301070559414299726e+08 1.000000000000000000e+02
4.735334922917116413e-02 7.304632944579513073e+08 1.000000000000000995e+02
4.823549431001467047e-02 7.307221380928202868e+08 1.000000000000000000e+02
4.913407286296361809e-02 7.308430343195438385e+08 1.000000000000000000e+02
5.004939102700953213e-02 7.307812885550425053e+08 1.000000000000000000e+02
5.098176064420424647e-02 7.305011019777414799e+08 1.000000000000000000e+02
5.193149936590212012e-02 7.300100162337130308e+08 1.000000000000000995e+02
5.289893076098151070e-02 7.293275681965630054e+08 1.000000000000000995e+02
5.388438442608223938e-02 7.284763549417988062e+08 1.000000000000000000e+02
5.488819609789671872e-02 7.274822181126278639e+08 1.000000000000000000e+02
5.591070776755290017e-02 7.263744413436249495e+08 1.000000000000000000e+02
5.695226779712821846e-02 7.251859647812466621e+08 1.000000000000000000e+02
5.801323103833375128e-02 7.239536218107143641e+08 1.000000000000000995e+02
5.909395895340967958e-02 7.227184043852070570e+08 1.000000000000000000e+02
6.019481973827271043e-02 7.215257109259415865e+08 9.999999999999990052e+01
6.131618844795772016e-02 7.204093462884722948e+08 9.999999999999994316e+01
6.245844712439614643e-02 7.193663336820408106e+08 1.000000000000000000e+02
6.362198492657485105e-02 7.183870620532345772e+08 9.999999999999994316e+01
6.480719826311967524e-02 7.174606158830332756e+08 9.999999999999994316e+01
6.601449092734885948e-02 7.165746596590085030e+08 9.999999999999990052e+01
6.724427423484245769e-02 7.157153153893485069e+08 1.000000000000000000e+02
6.849696716357443760e-02 7.148670334572597742e+08 1.000000000000000000e+02
6.977299649665534564e-02 7.140124573268821239e+08 1.000000000000000000e+02
7.107279696773415034e-02 7.131346223531949520e+08 9.999999999999994316e+01
7.239681140910873836e-02 7.122311695946643353e+08 9.999999999999994316e+01
7.374549090259549522e-02 7.113066118754408360e+08 1.000000000000000000e+02
7.511929493320965157e-02 7.103660336696923971e+08 1.000000000000000000e+02
7.651869154570821452e-02 7.094151100398859978e+08 1.000000000000000000e+02
7.794415750404946885e-02 7.084601507788696289e+08 1.000000000000000000e+02
7.939617845382279659e-02 7.075081478933558464e+08 1.000000000000000000e+02
8.087524908770453436e-02 7.065666073330457211e+08 1.000000000000000995e+02
8.238187331399605962e-02 7.056402841833585501e+08 9.999999999999994316e+01
8.391656442830157381e-02 7.047315207965121269e+08 1.000000000000000995e+02
8.547984528840409102e-02 7.038427475574777126e+08 1.000000000000000000e+02
8.707224849239916797e-02 7.029765654278626442e+08 1.000000000000000000e+02
8.869431656014709064e-02 7.021357570647472143e+08 1.000000000000000000e+02
9.034660211810524588e-02 7.013232746407771111e+08 1.000000000000000995e+02
9.202966808760409956e-02 7.005375394611316919e+08 9.999999999999994316e+01
9.374408787662991127e-02 6.997660742347865105e+08 1.000000000000000000e+02
9.549044557518077125e-02 6.989934902578681707e+08 9.999999999999994316e+01
9.726933615426168467e-02 6.982026491836593151e+08 1.000000000000000000e+02
9.908136566858666283e-02 6.973745304722875357e+08 1.000000000000000000e+02
1.009271514630570854e-01 6.964888423097698689e+08 9.999999999999994316e+01
1.028073223830864719e-01 6.955408553533999920e+08 1.000000000000000995e+02
1.047225189888434382e-01 6.945436260861467123e+08 1.000000000000000995e+02
1.066733937734857113e-01 6.935126160411974192e+08 1.000000000000000000e+02
1.086606113854596822e-01 6.924650845839750767e+08 1.000000000000000000e+02
1.106848488549412035e-01 6.914200591061943769e+08 1.000000000000000000e+02
1.127467958244946084e-01 6.903889058244427443e+08 1.000000000000000000e+02
1.148471547840289042e-01 6.893688216809812784e+08 9.999999999999994316e+01
1.169866413101306873e-01 6.883552805819787979e+08 1.000000000000000000e+02
1.191659843098558796e-01 6.873431986993132830e+08 9.999999999999990052e+01
1.213859262690627772e-01 6.863272085153454542e+08 9.999999999999994316e+01
1.236472235053715091e-01 6.853058121090974808e+08 9.999999999999990052e+01
1.259506464258357550e-01 6.842806724080224037e+08 9.999999999999984368e+01
1.282969797894147612e-01 6.832536909863908291e+08 1.000000000000000000e+02
1.306870229743346268e-01 6.822269470734452009e+08 9.999999999999990052e+01
1.331215902504307713e-01 6.812024019921181202e+08 1.000000000000000000e+02
1.356015110565633452e-01 6.801816273901921511e+08 9.999999999999990052e+01
1.381276302832009362e-01 6.791662614899449348e+08 9.999999999999994316e+01
1.407008085602685088e-01 6.781580540213806629e+08 9.999999999999990052e+01
1.433219225503573890e-01 6.771572628408627510e+08 9.999999999999984368e+01
1.459918652473978506e-01 6.761610497214319706e+08 9.999999999999990052e+01
1.487115462808953625e-01 6.751658752803984880e+08 1.000000000000000000e+02
1.514818922258345801e-01 6.741679124584344625e+08 9.999999999999990052e+01
1.543038469183564687e-01 6.731657658292700052e+08 9.999999999999994316e+01
1.571783717773162781e-01 6.721605804275226593e+08 1.000000000000000000e+02
1.601064461318317811e-01 6.711537072241573334e+08 1.000000000000000000e+02
1.630890675549332702e-01 6.701464961296459436e+08 9.999999999999994316e+01
1.661272522034293042e-01 6.691399646583268642e+08 1.000000000000000000e+02
1.692220351641037235e-01 6.681351025718764067e+08 1.000000000000000000e+02
1.723744708063619790e-01 6.671329686379503012e+08 1.000000000000000000e+02
1.755856331414468730e-01 6.661346946924834251e+08 1.000000000000000000e+02
1.788566161883461958e-01 6.651414899499108791e+08 1.000000000000000000e+02
1.821885343465165230e-01 6.641545426801675558e+08 1.000000000000000000e+02
1.855825227755517060e-01 6.631738342647505999e+08 1.000000000000000000e+02
1.890397377819219571e-01 6.621984118561474085e+08 1.000000000000000995e+02
1.925613572129196704e-01 6.612271491239687204e+08 1.000000000000000995e+02
1.961485808579429280e-01 6.602587473611321449e+08 1.000000000000000000e+02
1.998026308572548593e-01 6.592917209698296785e+08 1.000000000000000995e+02
2.035247521183575770e-01 6.583246516306550503e+08 1.000000000000000000e+02
2.073162127401229071e-01 6.573572314460804462e+08 1.000000000000000000e+02
2.111783044448242164e-01 6.563894780027301311e+08 1.000000000000000000e+02
2.151123430182164953e-01 6.554213787159249783e+08 9.999999999999994316e+01
2.191196687578147451e-01 6.544528874820747375e+08 9.999999999999994316e+01
2.232016469295232397e-01 6.534839211296750307e+08 1.000000000000000000e+02
2.273596682327715113e-01 6.525143556054229736e+08 1.000000000000000000e+02
2.315951492743152096e-01 6.515440218784214258e+08 1.000000000000000995e+02
2.359095330508633737e-01 6.505727015445483923e+08 1.000000000000000995e+02
2.403042894406967056e-01 6.496001221121641397e+08 9.999999999999994316e+01
2.447809157044440187e-01 6.486259519493517876e+08 1.000000000000000000e+02
2.493409369951877785e-01 6.476497948719121218e+08 1.000000000000000000e+02
2.539859068780723761e-01 6.466712044064792395e+08 9.999999999999990052e+01
2.587174078595921300e-01 6.456897868048659563e+08 1.000000000000000995e+02
2.635370519267393186e-01 6.447051307977230549e+08 9.999999999999994316e+01
2.684464810961962322e-01 6.437167573659083843e+08 9.999999999999990052e+01
2.734473679737579599e-01 6.427241137458273172e+08 1.000000000000000995e+02
2.785414163241766161e-01 6.417265671222833395e+08 1.000000000000000000e+02
2.837303616516211324e-01 6.407233978953001499e+08 1.000000000000000000e+02
2.890159717909508430e-01 6.397137924973213673e+08 1.000000000000000000e+02
2.944000475100033709e-01 6.386968357367510796e+08 1.000000000000000000e+02
2.998844231231027613e-01 6.376715026430667639e+08 9.999999999999994316e+01
3.054709671159968054e-01 6.366368648091388941e+08 9.999999999999994316e+01
3.111615827824359970e-01 6.355928289148467779e+08 9.999999999999994316e+01
3.169582088726115021e-01 6.345395453882713318e+08 9.999999999999994316e+01
3.228628202536730218e-01 6.334771775990223885e+08 9.999999999999994316e+01
3.288774285825510346e-01 6.324059023939501047e+08 1.000000000000000000e+02
3.350040829913132900e-01 6.313259106535322666e+08 9.999999999999994316e+01
3.412448707852889229e-01 6.302374078678126335e+08 1.000000000000000000e+02
3.476019181541977754e-01 6.291406147323824167e+08 1.000000000000000000e+02
3.540773908965269556e-01 6.280357382880483866e+08 9.999999999999994316e+01
3.606734951574028236e-01 6.269225921201974154e+08 1.000000000000000995e+02
3.673924781802074269e-01 6.258006616757093668e+08 1.000000000000000995e+02
3.742366290721980682e-01 6.246693621650568247e+08 1.000000000000000995e+02
3.812082795843887983e-01 6.235280393350887299e+08 1.000000000000000995e+02
3.883098049059605095e-01 6.223759638949235678e+08 1.000000000000000995e+02
3.955436244734701345e-01 6.212123255850083828e+08 1.000000000000000995e+02
4.029122027951347884e-01 6.200362428617635965e+08 1.000000000000000995e+02
4.104180502904709038e-01 6.188474069182505608e+08 9.999999999999994316e+01
4.180637241455757991e-01 6.176463824895145893e+08 1.000000000000000000e+02
4.258518291843414461e-01 6.164338610775156021e+08 1.000000000000000995e+02
4.337850187558989212e-01 6.152106082406257391e+08 1.000000000000000000e+02
4.418659956385941334e-01 6.139774685747642517e+08 1.000000000000000000e+02
4.500975129608046355e-01 6.127353709974443913e+08 1.000000000000000995e+02
4.584823751389096036e-01 6.114851147748430967e+08 1.000000000000000000e+02
4.670234388327330621e-01 6.102267020808308125e+08 9.999999999999994316e+01
4.757236139187884794e-01 6.089599061917502880e+08 9.999999999999994316e+01
4.845858644816490868e-01 6.076844627131086588e+08 1.000000000000000000e+02
4.936132098237911991e-01 6.064000661742789745e+08 1.000000000000000000e+02
5.028087254942474882e-01 6.051063701021252871e+08 1.000000000000000000e+02
5.121755443364236493e-01 6.038032662053550482e+08 1.000000000000000000e+02
5.217168575554343990e-01 6.024911170554374456e+08 1.000000000000000000e+02
5.314359158053235666e-01 6.011703603042161465e+08 1.000000000000000000e+02
5.413360302965375404e-01 5.998414665776836872e+08 1.000000000000000000e+02
5.514205739240296555e-01 5.985049411737266779e+08 9.999999999999994316e+01
5.616929824163804374e-01 5.971613258459620476e+08 9.999999999999994316e+01
5.721567555063246102e-01 5.958112006787086725e+08 1.000000000000000000e+02
5.828154581230839959e-01 5.944551860585272312e+08 1.000000000000000000e+02
5.936727216069119795e-01 5.930939447482702732e+08 9.999999999999994316e+01
6.047322449462643190e-01 5.917281784317202568e+08 1.000000000000000000e+02
6.159977960380161877e-01 5.903584408768805265e+08 9.999999999999990052e+01
6.274732129711574347e-01 5.889850724891139269e+08 9.999999999999994316e+01
6.391624053343999412e-01 5.876084032571340799e+08 9.999999999999994316e+01
6.510693555481454897e-01 5.862287654326810837e+08 1.000000000000000000e+02
6.631981202212668958e-01 5.848464926192878485e+08 9.999999999999994316e+01
6.755528315331639222e-01 5.834619187723292112e+08 9.999999999999994316e+01
6.881376986415662644e-01 5.820753771040608883e+08 9.999999999999990052e+01
7.009570091165617800e-01 5.806871988889870644e+08 1.000000000000000995e+02
7.140151304013395706e-01 5.792977184126888514e+08 1.000000000000000000e+02
7.273165113001454074e-01 5.779072865199170113e+08 1.000000000000000995e+02
7.408656834939559843e-01 5.765162548834861517e+08 1.000000000000000995e+02
7.546672630843886953e-01 5.751249707423758507e+08 1.000000000000001990e+02
7.687259521663728501e-01 5.737337753291797638e+08 1.000000000000000995e+02
7.830465404301183430e-01 5.723430021615463495e+08 1.000000000000000995e+02
7.976339067929273385e-01 5.709529751882110834e+08 1.000000000000000995e+02
8.124930210614047521e-01 5.695640096405541897e+08 1.000000000000000995e+02
8.276289456246344045e-01 5.681764264231587648e+08 9.999999999999994316e+01
8.430468371788967241e-01 5.667905404871457815e+08 1.000000000000000000e+02
8.587519484845170803e-01 5.654066514219259024e+08 9.999999999999994316e+01
8.747496301554414933e-01 5.640250409265300035e+08 1.000000000000000000e+02
8.910453324821513421e-01 5.626459700990794897e+08 9.999999999999994316e+01
9.076446072885356875e-01 5.612696825343121290e+08 9.999999999999990052e+01
9.245531098233570333e-01 5.598965701227043867e+08 9.999999999999990052e+01
9.417766006869519035e-01 5.585272127172144651e+08 9.999999999999994316e+01
9.593209477938241525e-01 5.571622077303093672e+08 1.000000000000000000e+02
9.771921283717996953e-01 5.558021595261005163e+08 1.000000000000000000e+02
9.953962309984233370e-01 5.544476784187259674e+08 9.999999999999994316e+01
1.013939457675291811e+00 5.530993538080167770e+08 1.000000000000000995e+02
1.032828125941028574e+00 5.517575461276769638e+08 1.000000000000000000e+02
1.052068671023622892e+00 5.504224700864942074e+08 1.000000000000000000e+02
1.071667648032863296e+00 5.490942990794557333e+08 1.000000000000000000e+02
1.091631734193614811e+00 5.477731614687902927e+08 1.000000000000000995e+02
1.111967731120699021e+00 5.464591355801365376e+08 1.000000000000000000e+02
1.132682567136153784e+00 5.451522443200545311e+08 1.000000000000000995e+02
1.153783299629660863e+00 5.438524493896232843e+08 1.000000000000000995e+02
1.175277117462945276e+00 5.425596450676066875e+08 1.000000000000000995e+02
1.197171343418965694e+00 5.412736515350898504e+08 1.000000000000000995e+02
1.219473436696737023e+00 5.399942077122821808e+08 1.000000000000000000e+02
1.242190995452616242e+00 5.387209635767157078e+08 1.000000000000000000e+02
1.265331759388941713e+00 5.374535198705738783e+08 1.000000000000000995e+02
1.288903612390891462e+00 5.361919609776044488e+08 1.000000000000000995e+02
1.312914585212463958e+00 5.349367150424365401e+08 1.000000000000000995e+02
1.337372858212495075e+00 5.336882031658082008e+08 1.000000000000000000e+02
1.362286764141645401e+00 5.324468304953209162e+08 1.000000000000000995e+02
1.387664790981307128e+00 5.312129834516898394e+08 9.999999999999994316e+01
1.413515584835394190e+00 5.299870267256807685e+08 1.000000000000000000e+02
1.439847952876006643e+00 5.287693000291921496e+08 1.000000000000000000e+02
1.466670866343967150e+00 5.275601145829234719e+08 1.000000000000000000e+02
1.493993463605256311e+00 5.263597493217614889e+08 1.000000000000000000e+02
1.521825053264385552e+00 5.251684890960955024e+08 1.000000000000000995e+02
1.550175117335768737e+00 5.239869215540274978e+08 1.000000000000000995e+02
1.579053314474174297e+00 5.228157924721271992e+08 1.000000000000000995e+02
1.608469483265355215e+00 5.216558579211249948e+08 1.000000000000000995e+02
1.638433645577983100e+00 5.205078823434619904e+08 1.000000000000000995e+02
1.668956009978023181e+00 5.193726373981933594e+08 1.000000000000000000e+02
1.700046975206716438e+00 5.182509006799117923e+08 1.000000000000000995e+02
1.731717133723352786e+00 5.171434543013509512e+08 1.000000000000000000e+02
1.763977275314043469e+00 5.160510673361781240e+08 9.999999999999994316e+01
1.796838390767719229e+00 5.149739735178133249e+08 1.000000000000000000e+02
1.830311675620611256e+00 5.139116909413172603e+08 9.999999999999994316e+01
1.864408533970485227e+00 5.128635641076231599e+08 1.000000000000000000e+02
1.899140582361933616e+00 5.118287871856257915e+08 1.000000000000000000e+02
1.934519653744044332e+00 5.108063904916634560e+08 1.000000000000000000e+02
1.970557801501798378e+00 5.097952260001617074e+08 1.000000000000000995e+02
2.007267303562568106e+00 5.087939545257674456e+08 1.000000000000000000e+02
2.044660666579115826e+00 5.078016396696646810e+08 1.000000000000000000e+02
2.082750630190514318e+00 5.068185987315246463e+08 1.000000000000000000e+02
2.121550171362450055e+00 5.058453196897620559e+08 1.000000000000000995e+02
2.161072508808376647e+00 5.048822794589689970e+08 1.000000000000000000e+02
2.201331107493030181e+00 5.039299414304777980e+08 9.999999999999994316e+01
2.242339683219845003e+00 5.029887527975714803e+08 1.000000000000000000e+02
2.284112207303823361e+00 5.020591416490431428e+08 1.000000000000000000e+02
2.326662911331458083e+00 5.011415138135594130e+08 9.999999999999994316e+01
2.370006292009327886e+00 5.002362494360778928e+08 1.000000000000000000e+02
2.414157116103017753e+00 4.993436992661502361e+08 1.000000000000000000e+02
2.459130425468043946e+00 4.984641806366482377e+08 9.999999999999994316e+01
2.504941542174502267e+00 4.975979731216054559e+08 1.000000000000000000e+02
2.551606073727183954e+00 4.967453271826770306e+08 1.000000000000000000e+02
2.599139918382932901e+00 4.959064870719667673e+08 1.000000000000000000e+02
2.647559270567066747e+00 4.950816571571132541e+08 1.000000000000000000e+02
2.696880626390692370e+00 4.942709897904913425e+08 1.000000000000000000e+02
2.747120789270811603e+00 4.934745794275238514e+08 1.000000000000000000e+02
2.798296875655115645e+00 4.926924562754163146e+08 1.000000000000000000e+02
2.850426320853434614e+00 4.919245794388872385e+08 1.000000000000000000e+02
2.903526884977813971e+00 4.911708295275224447e+08 1.000000000000000995e+02
2.957616658993253544e+00 4.904310006875176430e+08 1.000000000000000000e+02
3.012714070881164385e+00 4.897047938206439018e+08 1.000000000000000000e+02
3.068837891917642224e+00 4.889920839621482491e+08 1.000000000000000000e+02
3.126007243068700259e+00 4.882932495994679332e+08 1.000000000000000995e+02
3.184241601504649744e+00 4.876087140758380890e+08 1.000000000000000000e+02
3.243560807235807975e+00 4.869388752529965639e+08 1.000000000000000995e+02
3.303985069871854918e+00 4.862841017358514071e+08 1.000000000000000000e+02
3.365534975507090909e+00 4.856447287739639282e+08 1.000000000000000000e+02
3.428231493733967294e+00 4.850210538151525855e+08 1.000000000000000000e+02
3.492095984787267682e+00 4.844133316848447323e+08 1.000000000000000000e+02
3.557150206821382277e+00 4.838217943707674146e+08 1.000000000000000000e+02
3.623416323323146226e+00 4.832467718778339028e+08 1.000000000000000000e+02
3.690916910662774608e+00 4.826886085531734228e+08 1.000000000000000000e+02
3.759674965785463563e+00 4.821476091018823981e+08 1.000000000000000995e+02
3.829713914046277257e+00 4.816240334565891623e+08 1.000000000000001990e+02
3.901057617190989202e+00 4.811180912866484523e+08 1.000000000000000995e+02
3.973730381485604202e+00 4.806299360484145880e+08 1.000000000000000995e+02
4.047756965997318268e+00 4.801596818152503967e+08 1.000000000000000000e+02
4.123162591029748469e+00 4.797076787527850270e+08 1.000000000000000000e+02
4.199972946715301525e+00 4.792744497498638630e+08 1.000000000000000000e+02
4.278214201767612579e+00 4.788604989522629380e+08 1.000000000000000000e+02
4.357913012397025554e+00 4.784663040904455185e+08 1.000000000000000000e+02
4.439096531392166867e+00 4.780923123425665498e+08 1.000000000000000000e+02
4.521792417370697592e+00 4.777389358279048204e+08 1.000000000000000000e+02
4.606028844202397998e+00 4.774065467012866735e+08 1.000000000000000000e+02
4.691834510607794329e+00 4.770954718167427182e+08 9.999999999999994316e+01
4.779238649935595440e+00 4.768059869265512228e+08 9.999999999999994316e+01
4.868271040122278848e+00 4.765383103792809248e+08 9.999999999999994316e+01
4.958962013837211913e+00 4.762925962780265212e+08 9.999999999999994316e+01
5.051342468816761411e+00 4.760689411887030602e+08 1.000000000000000000e+02
5.145443878390924652e+00 4.758676265445513725e+08 1.000000000000000000e+02
5.241298302206056192e+00 4.756891114619652033e+08 9.999999999999994316e+01
5.338938397147350301e+00 4.755338251295453310e+08 1.000000000000000995e+02
5.438397428464796235e+00 4.754021543493090272e+08 1.000000000000000000e+02
5.539709281106400596e+00 4.752944378292980194e+08 1.000000000000000000e+02
5.642908471262536807e+00 4.752109599704630971e+08 1.000000000000000000e+02
5.748030158125351008e+00 4.751519441077308059e+08 1.000000000000000000e+02
5.855110155867238042e+00 4.751175451623145938e+08 9.999999999999994316e+01
5.964184945842459840e+00 4.751078416594769955e+08 1.000000000000000000e+02
6.075291689016070862e+00 4.751228492342633009e+08 1.000000000000000000e+02
6.188468238624382778e+00 4.751627481513406038e+08 1.000000000000000995e+02
6.303753153071275150e+00 4.752278120973694921e+08 9.999999999999994316e+01
6.421185709064758385e+00 4.753182552468056083e+08 1.000000000000000995e+02
6.540805914998252923e+00 4.754342224085502625e+08 1.000000000000000995e+02
6.662654524581149929e+00 4.755757809102845192e+08 1.000000000000000000e+02
6.786773050723295064e+00 4.757429117840624452e+08 1.000000000000000000e+02
6.913203779678127603e+00 4.759355002000906467e+08 1.000000000000000000e+02
7.041989785449288775e+00 4.761533277671342492e+08 1.000000000000000995e+02
7.173174944465612768e+00 4.763962356531609297e+08 1.000000000000000995e+02
7.306803950529499936e+00 4.766642450078481436e+08 1.000000000000000995e+02
7.442922330043757917e+00 4.769573165170025229e+08 1.000000000000000995e+02
7.581576457522110069e+00 4.772753175084296465e+08 1.000000000000000995e+02
7.722813571388642551e+00 4.776180118903660774e+08 1.000000000000000995e+02
7.866681790071582192e+00 4.779850492507105470e+08 1.000000000000000000e+02
8.013230128396878982e+00 4.783759531258572340e+08 1.000000000000000000e+02
8.162508514287219796e+00 4.787902361671028137e+08 1.000000000000000000e+02
8.314567805772055564e+00 4.792276768867842555e+08 1.000000000000000995e+02
8.469459808314576676e+00 4.796880290042243004e+08 1.000000000000000995e+02
8.627237292461440887e+00 4.801709407892389894e+08 1.000000000000000000e+02
8.787954011821311084e+00 4.806759442979756594e+08 1.000000000000000000e+02
8.951664721378293166e+00 4.812024437388517261e+08 1.000000000000000995e+02
9.118425196146562328e+00 4.817497029092752934e+08 1.000000000000000000e+02
9.288292250172489162e+00 4.823168316414111853e+08 1.000000000000000995e+02
9.461323755890759912e+00 4.829027711928649545e+08 1.000000000000000000e+02
9.637578663841079418e+00 4.835062785164830685e+08 1.000000000000000000e+02
9.817117022752183786e+00 4.841259093418217897e+08 1.000000000000000000e+02
1.000000000000000000e+01 4.847599999999992251e+08 1.000000000000000000e+02
