# Source: PRIMAT compilation, https://doi.org/10.1016/j.physrep.2018.04.005
1.000000000000000021e-03 2.322100000000001788e+08 1.000000000000000000e+02
1.018628990244687619e-03 2.321055431562103629e+08 1.000000000000000000e+02
1.037605019766911670e-03 2.320005950176005363e+08 1.000000000000000995e+02
1.056934553557988335e-03 2.318951920547604263e+08 1.000000000000000000e+02
1.076624177045493267e-03 2.317893726602073014e+08 1.000000000000000000e+02
1.096680598336868600e-03 2.316831772067509592e+08 1.000000000000000000e+02
1.117110650504824203e-03 2.315766481065515876e+08 1.000000000000000000e+02
1.137921293915315117e-03 2.314698298708664477e+08 1.000000000000000000e+02
1.159119618598885779e-03 2.313627691703551710e+08 1.000000000000000000e+02
1.180712846666190276e-03 2.312555148959093988e+08 1.000000000000000995e+02
1.202708334768511989e-03 2.311481182199141979e+08 1.000000000000000995e+02
1.225113576604118949e-03 2.310406326578262448e+08 1.000000000000000995e+02
1.247936205471311460e-03 2.309331141299906671e+08 1.000000000000000000e+02
1.271183996869028896e-03 2.308256210235636830e+08 1.000000000000001990e+02
1.294864871145904933e-03 2.307182142544250190e+08 1.000000000000000995e+02
1.318986896198670470e-03 2.306109573289433718e+08 1.000000000000001990e+02
1.343558290220826226e-03 2.305039164054282606e+08 1.000000000000000995e+02
1.368587424502519176e-03 2.303971603551281691e+08 1.000000000000000995e+02
1.394082826282578647e-03 2.302907608225752115e+08 1.000000000000000995e+02
1.420053181653683095e-03 2.301847922850810885e+08 1.000000000000000995e+02
1.446507338521647217e-03 2.300793321111828685e+08 1.000000000000000995e+02
1.473454309619835756e-03 2.299744606177999079e+08 1.000000000000000995e+02
1.500903275579736594e-03 2.298702611258411407e+08 1.000000000000000995e+02
1.528863588058731147e-03 2.297668200139946342e+08 1.000000000000000000e+02
1.557344772926135207e-03 2.296642267704153359e+08 1.000000000000000995e+02
1.586356533508589657e-03 2.295625740419532955e+08 1.000000000000000995e+02
1.615908753895919101e-03 2.294619576806089580e+08 1.000000000000000995e+02
1.646011502308549748e-03 2.293624767868223786e+08 1.000000000000000995e+02
1.676675034527699143e-03 2.292642337491689920e+08 1.000000000000000995e+02
1.707909797389426916e-03 2.291673342800505757e+08 1.000000000000001990e+02
1.739726432343800767e-03 2.290718874468723536e+08 1.000000000000000000e+02
1.772135779080358372e-03 2.289780056982088387e+08 1.000000000000000995e+02
1.805148879221108154e-03 2.288858048843800128e+08 1.000000000000000995e+02
1.838776980082326793e-03 2.287954042718373239e+08 1.000000000000000000e+02
1.873031538506436536e-03 2.287069265507259667e+08 1.000000000000001990e+02
1.907924224765265072e-03 2.286204978348614573e+08 1.000000000000000995e+02
1.943466926536020246e-03 2.285362476534358859e+08 1.000000000000000995e+02
1.979671752951332481e-03 2.284543089335534573e+08 1.000000000000000995e+02
2.016551038724746607e-03 2.283748179727603495e+08 1.000000000000000000e+02
2.054117348353064112e-03 2.282979144005830288e+08 1.000000000000001990e+02
2.092383480396977150e-03 2.282237411280471981e+08 1.000000000000000995e+02
2.131362471841437810e-03 2.281524442840694785e+08 1.000000000000000995e+02
2.171067602537264923e-03 2.280841731375049055e+08 1.000000000000000995e+02
2.211512399725488933e-03 2.280190800035548806e+08 1.000000000000000000e+02
2.252710642645980484e-03 2.279573201331531405e+08 1.000000000000000000e+02
2.294676367231936100e-03 2.278990515838000476e+08 1.000000000000000995e+02
2.337423870891814758e-03 2.278444350702241063e+08 1.000000000000000995e+02
2.380967717380358135e-03 2.277936337931286097e+08 1.000000000000000000e+02
2.425322741760352948e-03 2.277468132441254556e+08 1.000000000000000000e+02
2.470504055456825433e-03 2.277041409848116934e+08 1.000000000000000000e+02
2.516527051405391836e-03 2.276657863978225589e+08 1.000000000000000995e+02
2.563407409296514835e-03 2.276319204074563682e+08 1.000000000000000000e+02
2.611161100917459583e-03 2.276027151673662066e+08 1.000000000000000000e+02
2.659804395593758260e-03 2.275783437125463784e+08 1.000000000000000995e+02
2.709353865732051433e-03 2.275589795726717412e+08 1.000000000000000000e+02
2.759826392466180594e-03 2.275447963436078429e+08 1.000000000000000995e+02
2.811239171408464344e-03 2.275359672136607766e+08 1.000000000000000000e+02
2.863609718508115885e-03 2.275326644408937693e+08 1.000000000000000000e+02
2.916955876018795853e-03 2.275350587775257826e+08 9.999999999999994316e+01
2.971295818577334054e-03 2.275433188371681571e+08 1.000000000000000000e+02
3.026648059395692196e-03 2.275576291596556306e+08 1.000000000000000995e+02
3.083031456568277075e-03 2.275786631836222708e+08 1.000000000000000000e+02
3.140465219496752208e-03 2.276076803811631203e+08 9.999999999999994316e+01
3.198968915434537586e-03 2.276460845009934902e+08 9.999999999999994316e+01
3.258562476153226226e-03 2.276954095235976577e+08 1.000000000000000000e+02
3.319266204733189573e-03 2.277573298226866424e+08 1.000000000000000995e+02
3.381100782480685445e-03 2.278336711665737927e+08 1.000000000000000000e+02
3.444087275973823411e-03 2.279264226470591426e+08 9.999999999999994316e+01
3.508247144239792347e-03 2.280377496350271404e+08 1.000000000000000000e+02
3.573602246065788347e-03 2.281700078753101528e+08 9.999999999999994316e+01
3.640174847446141400e-03 2.283257588487713635e+08 9.999999999999994316e+01
3.707987629168172684e-03 2.285077865472802222e+08 1.000000000000000000e+02
3.777063694539364597e-03 2.287191158278116584e+08 1.000000000000000000e+02
3.847426577258505898e-03 2.289630325356062651e+08 9.999999999999994316e+01
3.919100249433401899e-03 2.292431056138184369e+08 1.000000000000000995e+02
3.992109129748053209e-03 2.295632114489773810e+08 1.000000000000000995e+02
4.066478091781853925e-03 2.299263772542088926e+08 1.000000000000000000e+02
4.142232472483897525e-03 2.303291165838401318e+08 1.000000000000000000e+02
4.219398080805024202e-03 2.307649838350325227e+08 1.000000000000000995e+02
4.298001206490798497e-03 2.312266048693678677e+08 1.000000000000000995e+02
4.378068629038166758e-03 2.317055875985282660e+08 1.000000000000000995e+02
4.459627626819095622e-03 2.321924257587447464e+08 1.000000000000000995e+02
4.542705986374042521e-03 2.326763986243408322e+08 1.000000000000000995e+02
4.627332011878692967e-03 2.331454677704831362e+08 1.000000000000000995e+02
4.713534534786906725e-03 2.335861724034777880e+08 1.000000000000000995e+02
4.801342923653449841e-03 2.339835252663116753e+08 1.000000000000000000e+02
4.890787094139589959e-03 2.343209117065487802e+08 1.000000000000000000e+02
4.981897519205159656e-03 2.345799951701905131e+08 1.000000000000000000e+02
5.074705239490466188e-03 2.347430689599424601e+08 1.000000000000000000e+02
5.169241873891598608e-03 2.348091361904416978e+08 1.000000000000000000e+02
5.265539630332755246e-03 2.347859671059722006e+08 1.000000000000000000e+02
5.363631316739239652e-03 2.346827489595160782e+08 1.000000000000000995e+02
5.463550352214875498e-03 2.345101277871400416e+08 1.000000000000000995e+02
5.565330778427646403e-03 2.342802894488733411e+08 1.000000000000000000e+02
5.669007271207434327e-03 2.340070474069984853e+08 1.000000000000000000e+02
5.774615152359819509e-03 2.337059399516671598e+08 1.000000000000000000e+02
5.882190401699956099e-03 2.333943403105194569e+08 1.000000000000000000e+02
5.991769669310619169e-03 2.330915839540252686e+08 1.000000000000000000e+02
6.103390288028621123e-03 2.328155201113134623e+08 1.000000000000000995e+02
6.217090286163826779e-03 2.325674051478359997e+08 1.000000000000000000e+02
6.332908400455114321e-03 2.323426104829106331e+08 1.000000000000000000e+02
6.450884089267692675e-03 2.321358992256578803e+08 1.000000000000000000e+02
6.571057546036270826e-03 2.319413738043884635e+08 1.000000000000000000e+02
6.693469712958660493e-03 2.317524189574262202e+08 1.000000000000000000e+02
6.818162294944479437e-03 2.315616422410006523e+08 1.000000000000000995e+02
6.945177773823696388e-03 2.313608125430620611e+08 1.000000000000000000e+02
7.074559422819878297e-03 2.311411742939900160e+08 1.000000000000000995e+02
7.206351321293052656e-03 2.308994830539965332e+08 1.000000000000000000e+02
7.340598369757212090e-03 2.306376529882484972e+08 1.000000000000000000e+02
7.477346305177588227e-03 2.303580487759588659e+08 1.000000000000000000e+02
7.616641716552892058e-03 2.300633576636129320e+08 9.999999999999990052e+01
7.758532060787835978e-03 2.297566130529472530e+08 1.000000000000000995e+02
7.903065678861348128e-03 2.294412198065480590e+08 1.000000000000000000e+02
8.050291812295981564e-03 2.291209289508738518e+08 1.000000000000000995e+02
8.200260619934130954e-03 2.287968161098374724e+08 9.999999999999994316e+01
8.353023195026778799e-03 2.284652296507737041e+08 1.000000000000000995e+02
8.508631582640582489e-03 2.281217104934596121e+08 1.000000000000000995e+02
8.667138797389234081e-03 2.277613384518278539e+08 1.000000000000000995e+02
8.828598841495149604e-03 2.273787009407103062e+08 1.000000000000000000e+02
8.993066723187623582e-03 2.269678612214013338e+08 1.000000000000000000e+02
9.160598475443709407e-03 2.265254820419001281e+08 1.000000000000000000e+02
9.331251175078249249e-03 2.260626481058624685e+08 1.000000000000000000e+02
9.505082962189511861e-03 2.255959693483123779e+08 1.000000000000000000e+02
9.682153059967075343e-03 2.251438483375347555e+08 9.999999999999994316e+01
9.862521794868784469e-03 2.247266179256943166e+08 9.999999999999994316e+01
1.004625061717340749e-02 2.243666016241890192e+08 9.999999999999994316e+01
1.023340212191641702e-02 2.240753668902717829e+08 9.999999999999994316e+01
1.042404007021556327e-02 2.238395668241851926e+08 9.999999999999990052e+01
1.061822941099384125e-02 2.236411296883489192e+08 9.999999999999994316e+01
1.081603630310709954e-02 2.234598236096296012e+08 9.999999999999984368e+01
1.101752813788386791e-02 2.232730639066125453e+08 1.000000000000000995e+02
1.122277356208507652e-02 2.230626910804460645e+08 1.000000000000000000e+02
1.143184250129149725e-02 2.228307265648841262e+08 9.999999999999994316e+01
1.164480618372686072e-02 2.225838808643931448e+08 9.999999999999990052e+01
1.186173716452478509e-02 2.223296664576307237e+08 1.000000000000000000e+02
1.208270935044776506e-02 2.220763544850991666e+08 9.999999999999990052e+01
1.230779802506665188e-02 2.218283029064671397e+08 1.000000000000000000e+02
1.253707987440920262e-02 2.215833990854640305e+08 9.999999999999994316e+01
1.277063301308643990e-02 2.213387434797483683e+08 1.000000000000000000e+02
1.300853701090571267e-02 2.210911017152562439e+08 9.999999999999994316e+01
1.325087291997953214e-02 2.208378425626641512e+08 1.000000000000000000e+02
1.349772330233941706e-02 2.205796103678008020e+08 1.000000000000000000e+02
1.374917225806419029e-02 2.203179516395531893e+08 9.999999999999994316e+01
1.400530545393219653e-02 2.200545890267308652e+08 1.000000000000000000e+02
1.426621015260736910e-02 2.197909623185572028e+08 1.000000000000000000e+02
1.453197524236895383e-02 2.195268398066289425e+08 9.999999999999994316e+01
1.480269126739508674e-02 2.192615160627086163e+08 1.000000000000000000e+02
1.507845045861051086e-02 2.189942063304101825e+08 9.999999999999994316e+01
1.535934676510897039e-02 2.187244553737433851e+08 1.000000000000000995e+02
1.564547588616095955e-02 2.184525216668601632e+08 1.000000000000000995e+02
1.593693530381774456e-02 2.181787716126514971e+08 1.000000000000000000e+02
1.623382431612278159e-02 2.179035752833255827e+08 1.000000000000000000e+02
1.653624407094180307e-02 2.176270690758117437e+08 1.000000000000000000e+02
1.684429760042315330e-02 2.173492701438622773e+08 9.999999999999994316e+01
1.715808985610004986e-02 2.170701916591407657e+08 1.000000000000000995e+02
1.747772774464680795e-02 2.167898430228248537e+08 1.000000000000000000e+02
1.780332016430113962e-02 2.165082293712322712e+08 1.000000000000000000e+02
1.813497804196495186e-02 2.162253530601462126e+08 1.000000000000000000e+02
1.847281437099634188e-02 2.159412896206160784e+08 1.000000000000000000e+02
1.881694424970555696e-02 2.156562204389250278e+08 1.000000000000000000e+02
1.916748492056815148e-02 2.153703476225224733e+08 1.000000000000000000e+02
1.952455581016860828e-02 2.150838886105490923e+08 1.000000000000000000e+02
1.988827856988809734e-02 2.147970770861591101e+08 1.000000000000000995e+02
2.025877711735016989e-02 2.145101601777846813e+08 1.000000000000000995e+02
2.063617767863858837e-02 2.142233624440748096e+08 1.000000000000000000e+02
2.102060883130158278e-02 2.139368982759012878e+08 1.000000000000000000e+02
2.141220154815729262e-02 2.136509943869361281e+08 1.000000000000000000e+02
2.181108924191518805e-02 2.133658907442417443e+08 1.000000000000000995e+02
2.221740781062883641e-02 2.130818412285577953e+08 1.000000000000000000e+02
2.263129568399528321e-02 2.127991143296966553e+08 1.000000000000000000e+02
2.305289387051707301e-02 2.125179938792921901e+08 1.000000000000000000e+02
2.348234600554275145e-02 2.122387798233079612e+08 1.000000000000000000e+02
2.391979840020238418e-02 2.119617890368866622e+08 1.000000000000000000e+02
2.436540009125464853e-02 2.116873561843573153e+08 9.999999999999990052e+01
2.481930289186254010e-02 2.114158346274262071e+08 1.000000000000000000e+02
2.528166144331499277e-02 2.111475854065773785e+08 1.000000000000000000e+02
2.575263326771199887e-02 2.108828098943639994e+08 9.999999999999994316e+01
2.623237882163122203e-02 2.106215715188429952e+08 1.000000000000000000e+02
2.672106155079433804e-02 2.103639156879836619e+08 9.999999999999994316e+01
2.721884794575178332e-02 2.101098712407445908e+08 9.999999999999990052e+01
2.772590759860482645e-02 2.098594485954790413e+08 9.999999999999990052e+01
2.824241326078434297e-02 2.096126377529540360e+08 9.999999999999994316e+01
2.876854090190592711e-02 2.093694061439726055e+08 9.999999999999990052e+01
2.930446976972142861e-02 2.091296963109701276e+08 9.999999999999984368e+01
2.985038245118730796e-02 2.088934234124231339e+08 9.999999999999994316e+01
3.040646493467067182e-02 2.086605482263722122e+08 9.999999999999994316e+01
3.097290667331408301e-02 2.084317326226007640e+08 9.999999999999990052e+01
3.154990064958086704e-02 2.082080965429042280e+08 9.999999999999994316e+01
3.213764344100276948e-02 2.079908636069852412e+08 9.999999999999994316e+01
3.273633528715245988e-02 2.077813646509522498e+08 9.999999999999994316e+01
3.334618015786364187e-02 2.075810456180523932e+08 9.999999999999994316e+01
3.396738582272208068e-02 2.073914760805791616e+08 1.000000000000000000e+02
3.460016392185108480e-02 2.072143584585505426e+08 1.000000000000000000e+02
3.524473003801584237e-02 2.070515380094372332e+08 1.000000000000000000e+02
3.590130377007068330e-02 2.069050136731841862e+08 1.000000000000000000e+02
3.657010880777489259e-02 2.067769498682422340e+08 9.999999999999994316e+01
3.725137300800209633e-02 2.066696893475303352e+08 1.000000000000000000e+02
3.794532847236938011e-02 2.065857672384347320e+08 1.000000000000000000e+02
3.865221162631261864e-02 2.065279264086015821e+08 9.999999999999994316e+01
3.937226329963479377e-02 2.064991343194811642e+08 1.000000000000000000e+02
4.010572880855495931e-02 2.065025980197013915e+08 1.000000000000000000e+02
4.085285803928561527e-02 2.065399472790096700e+08 1.000000000000000995e+02
4.161390553316707264e-02 2.066079220609558821e+08 9.999999999999994316e+01
4.238913057338778573e-02 2.067019423435681760e+08 1.000000000000000000e+02
4.317879727332021161e-02 2.068167906912059784e+08 1.000000000000000000e+02
4.398317466650223523e-02 2.069465516906164587e+08 1.000000000000000000e+02
4.480253679829489938e-02 2.070845479959508181e+08 1.000000000000000000e+02
4.563716281924758839e-02 2.072232733589029610e+08 9.999999999999994316e+01
4.648733708020256344e-02 2.073543232001630664e+08 1.000000000000000000e+02
4.735334922917116413e-02 2.074683234979873002e+08 1.000000000000000995e+02
4.823549431001467047e-02 2.075548590342844129e+08 1.000000000000000000e+02
4.913407286296361809e-02 2.076024023536357880e+08 1.000000000000000000e+02
5.004939102700953213e-02 2.075982456421023905e+08 1.000000000000000000e+02
5.098176064420424647e-02 2.075322089393875003e+08 1.000000000000000000e+02
5.193149936590212012e-02 2.074064394747691751e+08 1.000000000000000995e+02
5.289893076098151070e-02 2.072264982942923307e+08 1.000000000000000995e+02
5.388438442608223938e-02 2.069988193730570972e+08 1.000000000000000000e+02
5.488819609789671872e-02 2.067307624818492830e+08 1.000000000000000000e+02
5.591070776755290017e-02 2.064306698224520683e+08 1.000000000000000000e+02
5.695226779712821846e-02 2.061079275902549624e+08 1.000000000000000000e+02
5.801323103833375128e-02 2.057730339295756817e+08 1.000000000000000995e+02
5.909395895340967958e-02 2.054376751159831583e+08 1.000000000000000000e+02
6.019481973827271043e-02 2.051147968279274106e+08 9.999999999999990052e+01
6.131618844795772016e-02 2.048140345602547824e+08 9.999999999999994316e+01
6.245844712439614643e-02 2.045345171703741550e+08 1.000000000000000000e+02
6.362198492657485105e-02 2.042734748439202309e+08 9.999999999999994316e+01
6.480719826311967524e-02 2.040277607124243677e+08 9.999999999999994316e+01
6.601449092734885948e-02 2.037938173215381801e+08 9.999999999999990052e+01
6.724427423484245769e-02 2.035676410738613307e+08 1.000000000000000000e+02
6.849696716357443760e-02 2.033447447341517508e+08 1.000000000000000000e+02
6.977299649665534564e-02 2.031201181470944881e+08 1.000000000000000000e+02
7.107279696773415034e-02 2.028888670461610556e+08 9.999999999999994316e+01
7.239681140910873836e-02 2.026503430823082924e+08 9.999999999999994316e+01
7.374549090259549522e-02 2.024058988484317660e+08 1.000000000000000000e+02
7.511929493320965157e-02 2.021570583655470610e+08 1.000000000000000000e+02
7.651869154570821452e-02 2.019055230434239507e+08 1.000000000000000000e+02
7.794415750404946885e-02 2.016531850067655742e+08 1.000000000000000000e+02
7.939617845382279659e-02 2.014021414430470765e+08 1.000000000000000000e+02
8.087524908770453436e-02 2.011546427437610030e+08 1.000000000000000995e+02
8.238187331399605962e-02 2.009120903222290277e+08 9.999999999999994316e+01
8.391656442830157381e-02 2.006751395714106560e+08 1.000000000000000995e+02
8.547984528840409102e-02 2.004444666463029981e+08 1.000000000000000000e+02
8.707224849239916797e-02 2.002207933399512768e+08 1.000000000000000000e+02
8.869431656014709064e-02 2.000048900118391216e+08 1.000000000000000000e+02
9.034660211810524588e-02 1.997975718935732543e+08 1.000000000000000995e+02
9.202966808760409956e-02 1.995983660509836674e+08 9.999999999999994316e+01
9.374408787662991127e-02 1.994037044862589836e+08 1.000000000000000000e+02
9.549044557518077125e-02 1.992091870807455182e+08 9.999999999999994316e+01
9.726933615426168467e-02 1.990099101194408536e+08 1.000000000000000000e+02
9.908136566858666283e-02 1.988004278452110589e+08 1.000000000000000000e+02
1.009271514630570854e-01 1.985749262152809501e+08 9.999999999999994316e+01
1.028073223830864719e-01 1.983320289074658155e+08 1.000000000000000995e+02
1.047225189888434382e-01 1.980754350496664345e+08 1.000000000000000995e+02
1.066733937734857113e-01 1.978095296776869893e+08 1.000000000000000000e+02
1.086606113854596822e-01 1.975392106457679272e+08 1.000000000000000000e+02
1.106848488549412035e-01 1.972698816745688617e+08 1.000000000000000000e+02
1.127467958244946084e-01 1.970048371940329671e+08 1.000000000000000000e+02
1.148471547840289042e-01 1.967434556568516195e+08 9.999999999999994316e+01
1.169866413101306873e-01 1.964846525616321862e+08 1.000000000000000000e+02
1.191659843098558796e-01 1.962272047617723942e+08 9.999999999999990052e+01
1.213859262690627772e-01 1.959698044827311337e+08 9.999999999999994316e+01
1.236472235053715091e-01 1.957119082375619411e+08 9.999999999999990052e+01
1.259506464258357550e-01 1.954535899386545122e+08 9.999999999999984368e+01
1.282969797894147612e-01 1.951949399925448000e+08 1.000000000000000000e+02
1.306870229743346268e-01 1.949360542386675477e+08 9.999999999999990052e+01
1.331215902504307713e-01 1.946773216694882214e+08 1.000000000000000000e+02
1.356015110565633452e-01 1.944196910341222882e+08 9.999999999999990052e+01
1.381276302832009362e-01 1.941642587277758718e+08 9.999999999999994316e+01
1.407008085602685088e-01 1.939122180940026343e+08 9.999999999999990052e+01
1.433219225503573890e-01 1.936640153929228187e+08 9.999999999999984368e+01
1.459918652473978506e-01 1.934185045656373799e+08 9.999999999999990052e+01
1.487115462808953625e-01 1.931742154792312384e+08 1.000000000000000000e+02
1.514818922258345801e-01 1.929295573617163002e+08 9.999999999999990052e+01
1.543038469183564687e-01 1.926838971948225498e+08 9.999999999999994316e+01
1.571783717773162781e-01 1.924376035718797147e+08 1.000000000000000000e+02
1.601064461318317811e-01 1.921911208027880788e+08 1.000000000000000000e+02
1.630890675549332702e-01 1.919449039098128378e+08 9.999999999999994316e+01
1.661272522034293042e-01 1.916993354398917556e+08 1.000000000000000000e+02
1.692220351641037235e-01 1.914548034848054945e+08 1.000000000000000000e+02
1.723744708063619790e-01 1.912117271388397217e+08 1.000000000000000000e+02
1.755856331414468730e-01 1.909705585395112634e+08 1.000000000000000000e+02
1.788566161883461958e-01 1.907317850437519848e+08 1.000000000000000000e+02
1.821885343465165230e-01 1.904958911518012881e+08 1.000000000000000000e+02
1.855825227755517060e-01 1.902628933051573038e+08 1.000000000000000000e+02
1.890397377819219571e-01 1.900324469410175383e+08 1.000000000000000995e+02
1.925613572129196704e-01 1.898041454866163135e+08 1.000000000000000995e+02
1.961485808579429280e-01 1.895775213024995625e+08 1.000000000000000000e+02
1.998026308572548593e-01 1.893520405274201035e+08 1.000000000000000995e+02
2.035247521183575770e-01 1.891271964879961312e+08 1.000000000000000000e+02
2.073162127401229071e-01 1.889028927710024714e+08 1.000000000000000000e+02
2.111783044448242164e-01 1.886791560483629704e+08 1.000000000000000000e+02
2.151123430182164953e-01 1.884560060486394763e+08 9.999999999999994316e+01
2.191196687578147451e-01 1.882334547104807496e+08 9.999999999999994316e+01
2.232016469295232397e-01 1.880115052886583209e+08 1.000000000000000000e+02
2.273596682327715113e-01 1.877901513909133673e+08 1.000000000000000000e+02
2.315951492743152096e-01 1.875693759410130084e+08 1.000000000000000995e+02
2.359095330508633737e-01 1.873491500630989969e+08 1.000000000000000995e+02
2.403042894406967056e-01 1.871294318821959794e+08 9.999999999999994316e+01
2.447809157044440187e-01 1.869101652353919446e+08 1.000000000000000000e+02
2.493409369951877785e-01 1.866912782879489958e+08 1.000000000000000000e+02
2.539859068780723761e-01 1.864726829319882691e+08 9.999999999999990052e+01
2.587174078595921300e-01 1.862542780091517270e+08 1.000000000000000995e+02
2.635370519267393186e-01 1.860359448088701367e+08 9.999999999999994316e+01
2.684464810961962322e-01 1.858175433429327309e+08 9.999999999999990052e+01
2.734473679737579599e-01 1.855989104606109560e+08 1.000000000000000995e+02
2.785414163241766161e-01 1.853798578365709782e+08 1.000000000000000000e+02
2.837303616516211324e-01 1.851601698199317157e+08 1.000000000000000000e+02
2.890159717909508430e-01 1.849396011365617514e+08 1.000000000000000000e+02
2.944000475100033709e-01 1.847178744365074337e+08 1.000000000000000000e+02
2.998844231231027613e-01 1.844946776782066822e+08 9.999999999999994316e+01
3.054709671159968054e-01 1.842697278682233691e+08 9.999999999999994316e+01
3.111615827824359970e-01 1.840429996782185435e+08 9.999999999999994316e+01
3.169582088726115021e-01 1.838145428368824720e+08 9.999999999999994316e+01
3.228628202536730218e-01 1.835844107696740627e+08 9.999999999999994316e+01
3.288774285825510346e-01 1.833526607587366700e+08 1.000000000000000000e+02
3.350040829913132900e-01 1.831193541096633375e+08 9.999999999999994316e+01
3.412448707852889229e-01 1.828845563247943819e+08 1.000000000000000000e+02
3.476019181541977754e-01 1.826483372832765579e+08 1.000000000000000000e+02
3.540773908965269556e-01 1.824107640070687532e+08 9.999999999999994316e+01
3.606734951574028236e-01 1.821718050153882504e+08 1.000000000000000995e+02
3.673924781802074269e-01 1.819313465763716102e+08 1.000000000000000995e+02
3.742366290721980682e-01 1.816892575491804183e+08 1.000000000000000995e+02
3.812082795843887983e-01 1.814453895495016873e+08 1.000000000000000995e+02
3.883098049059605095e-01 1.811995755123457015e+08 1.000000000000000995e+02
3.955436244734701345e-01 1.809516281587816477e+08 1.000000000000000995e+02
4.029122027951347884e-01 1.807013426106215417e+08 1.000000000000000995e+02
4.104180502904709038e-01 1.804486676718738377e+08 9.999999999999994316e+01
4.180637241455757991e-01 1.801937863559123576e+08 1.000000000000000000e+02
4.258518291843414461e-01 1.799369178744137585e+08 1.000000000000000995e+02
4.337850187558989212e-01 1.796783038497852683e+08 1.000000000000000000e+02
4.418659956385941334e-01 1.794182098676029146e+08 1.000000000000000000e+02
4.500975129608046355e-01 1.791569271278096735e+08 1.000000000000000995e+02
4.584823751389096036e-01 1.788947092547447383e+08 1.000000000000000000e+02
4.670234388327330621e-01 1.786315746845261455e+08 9.999999999999994316e+01
4.757236139187884794e-01 1.783674742443226278e+08 9.999999999999994316e+01
4.845858644816490868e-01 1.781023476101113856e+08 1.000000000000000000e+02
4.936132098237911991e-01 1.778361222571838498e+08 1.000000000000000000e+02
5.028087254942474882e-01 1.775687134313406348e+08 1.000000000000000000e+02
5.121755443364236493e-01 1.773001065517754555e+08 1.000000000000000000e+02
5.217168575554343990e-01 1.770304261910063624e+08 1.000000000000000000e+02
5.314359158053235666e-01 1.767598194821603298e+08 1.000000000000000000e+02
5.413360302965375404e-01 1.764884437413859069e+08 1.000000000000000000e+02
5.514205739240296555e-01 1.762164670151900947e+08 9.999999999999994316e+01
5.616929824163804374e-01 1.759440686575416625e+08 9.999999999999994316e+01
5.721567555063246102e-01 1.756714399385947585e+08 1.000000000000000000e+02
5.828154581230839959e-01 1.753987846870029867e+08 1.000000000000000000e+02
5.936727216069119795e-01 1.751263199680002034e+08 9.999999999999994316e+01
6.047322449462643190e-01 1.748542751801615059e+08 1.000000000000000000e+02
6.159977960380161877e-01 1.745828384419944882e+08 9.999999999999990052e+01
6.274732129711574347e-01 1.743121376511485577e+08 9.999999999999994316e+01
6.391624053343999412e-01 1.740422987138157785e+08 9.999999999999994316e+01
6.510693555481454897e-01 1.737734492262054384e+08 1.000000000000000000e+02
6.631981202212668958e-01 1.735057182562634647e+08 9.999999999999994316e+01
6.755528315331639222e-01 1.732392361006489694e+08 9.999999999999994316e+01
6.881376986415662644e-01 1.729741340150208175e+08 9.999999999999990052e+01
7.009570091165617800e-01 1.727105439164409935e+08 1.000000000000000995e+02
7.140151304013395706e-01 1.724486007681251764e+08 1.000000000000000000e+02
7.273165113001454074e-01 1.721884487311408520e+08 1.000000000000000995e+02
7.408656834939559843e-01 1.719302346411202252e+08 1.000000000000000995e+02
7.546672630843886953e-01 1.716741060281178951e+08 1.000000000000001990e+02
7.687259521663728501e-01 1.714202107558710873e+08 1.000000000000000995e+02
7.830465404301183430e-01 1.711686966244481206e+08 1.000000000000000995e+02
7.976339067929273385e-01 1.709197109334150255e+08 1.000000000000000995e+02
8.124930210614047521e-01 1.706733934064306319e+08 1.000000000000000995e+02
8.276289456246344045e-01 1.704298374013020694e+08 9.999999999999994316e+01
8.430468371788967241e-01 1.701891105260683000e+08 1.000000000000000000e+02
8.587519484845170803e-01 1.699512697543560863e+08 9.999999999999994316e+01
8.747496301554414933e-01 1.697163601821273863e+08 1.000000000000000000e+02
8.910453324821513421e-01 1.694844136364571750e+08 9.999999999999994316e+01
9.076446072885356875e-01 1.692554510087383389e+08 9.999999999999990052e+01
9.245531098233570333e-01 1.690295883464128375e+08 9.999999999999990052e+01
9.417766006869519035e-01 1.688070632203305364e+08 9.999999999999994316e+01
9.593209477938241525e-01 1.685881271419369280e+08 1.000000000000000000e+02
9.771921283717996953e-01 1.683730395116785169e+08 1.000000000000000000e+02
9.953962309984233370e-01 1.681620677345640957e+08 9.999999999999994316e+01
1.013939457675291811e+00 1.679554758829366565e+08 1.000000000000000995e+02
1.032828125941028574e+00 1.677534326938595176e+08 1.000000000000000000e+02
1.052068671023622892e+00 1.675560487045051455e+08 1.000000000000000000e+02
1.071667648032863296e+00 1.673634231339485943e+08 1.000000000000000000e+02
1.091631734193614811e+00 1.671756428610230088e+08 1.000000000000000995e+02
1.111967731120699021e+00 1.669927808691795170e+08 1.000000000000000000e+02
1.132682567136153784e+00 1.668148945623329580e+08 1.000000000000000995e+02
1.153783299629660863e+00 1.666420239421356916e+08 1.000000000000000995e+02
1.175277117462945276e+00 1.664741896365453303e+08 1.000000000000000995e+02
1.197171343418965694e+00 1.663113907688999772e+08 1.000000000000000995e+02
1.219473436696737023e+00 1.661536026560440660e+08 1.000000000000000000e+02
1.242190995452616242e+00 1.660007743234254718e+08 1.000000000000000000e+02
1.265331759388941713e+00 1.658528386718787551e+08 1.000000000000000995e+02
1.288903612390891462e+00 1.657098550693613291e+08 1.000000000000000995e+02
1.312914585212463958e+00 1.655719723743115664e+08 1.000000000000000995e+02
1.337372858212495075e+00 1.654393348536155224e+08 1.000000000000000000e+02
1.362286764141645401e+00 1.653120794105236530e+08 1.000000000000000995e+02
1.387664790981307128e+00 1.651903344161469042e+08 9.999999999999994316e+01
1.413515584835394190e+00 1.650742184379717708e+08 1.000000000000000000e+02
1.439847952876006643e+00 1.649638388573447466e+08 1.000000000000000000e+02
1.466670866343967150e+00 1.648592903673856854e+08 1.000000000000000000e+02
1.493993463605256311e+00 1.647606533420921266e+08 1.000000000000000000e+02
1.521825053264385552e+00 1.646680111859504879e+08 1.000000000000000995e+02
1.550175117335768737e+00 1.645815850071972013e+08 1.000000000000000995e+02
1.579053314474174297e+00 1.645016694502474070e+08 1.000000000000000995e+02
1.608469483265355215e+00 1.644285664730971456e+08 1.000000000000000995e+02
1.638433645577983100e+00 1.643625848781179190e+08 1.000000000000000995e+02
1.668956009978023181e+00 1.643040402176573873e+08 1.000000000000000000e+02
1.700046975206716438e+00 1.642532546731407940e+08 1.000000000000000995e+02
1.731717133723352786e+00 1.642105569048884511e+08 1.000000000000000000e+02
1.763977275314043469e+00 1.641762759512700737e+08 9.999999999999994316e+01
1.796838390767719229e+00 1.641505479283463061e+08 1.000000000000000000e+02
1.830311675620611256e+00 1.641332475398546457e+08 9.999999999999994316e+01
1.864408533970485227e+00 1.641241876258623898e+08 1.000000000000000000e+02
1.899140582361933616e+00 1.641231275527664125e+08 1.000000000000000000e+02
1.934519653744044332e+00 1.641297679670505822e+08 1.000000000000000000e+02
1.970557801501798378e+00 1.641437451354691982e+08 1.000000000000000995e+02
2.007267303562568106e+00 1.641646257227190733e+08 1.000000000000000000e+02
2.044660666579115826e+00 1.641920994695451856e+08 1.000000000000000000e+02
2.082750630190514318e+00 1.642262583502625227e+08 1.000000000000000000e+02
2.121550171362450055e+00 1.642672455663398802e+08 1.000000000000000995e+02
2.161072508808376647e+00 1.643151960501420200e+08 1.000000000000000000e+02
2.201331107493030181e+00 1.643702351858088076e+08 9.999999999999994316e+01
2.242339683219845003e+00 1.644324774143241644e+08 1.000000000000000000e+02
2.284112207303823361e+00 1.645020247136054337e+08 1.000000000000000000e+02
2.326662911331458083e+00 1.645789649436736405e+08 9.999999999999994316e+01
2.370006292009327886e+00 1.646633700463518798e+08 1.000000000000000000e+02
2.414157116103017753e+00 1.647552940881378055e+08 1.000000000000000000e+02
2.459130425468043946e+00 1.648547711341696978e+08 9.999999999999994316e+01
2.504941542174502267e+00 1.649618129515306652e+08 1.000000000000000000e+02
2.551606073727183954e+00 1.650764191714906394e+08 1.000000000000000000e+02
2.599139918382932901e+00 1.651986013415016532e+08 1.000000000000000000e+02
2.647559270567066747e+00 1.653283536316266358e+08 1.000000000000000000e+02
2.696880626390692370e+00 1.654656439152904749e+08 1.000000000000000000e+02
2.747120789270811603e+00 1.656104109428150952e+08 1.000000000000000000e+02
2.798296875655115645e+00 1.657625612815647423e+08 1.000000000000000000e+02
2.850426320853434614e+00 1.659219660059805214e+08 1.000000000000000000e+02
2.903526884977813971e+00 1.660884571199053824e+08 1.000000000000000995e+02
2.957616658993253544e+00 1.662618236927187443e+08 1.000000000000000000e+02
3.012714070881164385e+00 1.664418085671929419e+08 1.000000000000000000e+02
3.068837891917642224e+00 1.666282388615053296e+08 1.000000000000000000e+02
3.126007243068700259e+00 1.668211888695905209e+08 1.000000000000000995e+02
3.184241601504649744e+00 1.670207590919250548e+08 1.000000000000000000e+02
3.243560807235807975e+00 1.672270428416759074e+08 1.000000000000000995e+02
3.303985069871854918e+00 1.674401252281764746e+08 1.000000000000000000e+02
3.365534975507090909e+00 1.676600820506668389e+08 1.000000000000000000e+02
3.428231493733967294e+00 1.678869785953523517e+08 1.000000000000000000e+02
3.492095984787267682e+00 1.681208683283617795e+08 1.000000000000000000e+02
3.557150206821382277e+00 1.683617798191474080e+08 1.000000000000000000e+02
3.623416323323146226e+00 1.686096559149706066e+08 1.000000000000000000e+02
3.690916910662774608e+00 1.688643874701387286e+08 1.000000000000000000e+02
3.759674965785463563e+00 1.691258333209334314e+08 1.000000000000000995e+02
3.829713914046277257e+00 1.693938171950944662e+08 1.000000000000001990e+02
3.901057617190989202e+00 1.696681243460075557e+08 1.000000000000000995e+02
3.973730381485604202e+00 1.699484979262127280e+08 1.000000000000000995e+02
4.047756965997318268e+00 1.702346538908328116e+08 1.000000000000000000e+02
4.123162591029748469e+00 1.705265059080641568e+08 1.000000000000000000e+02
4.199972946715301525e+00 1.708241187725008428e+08 1.000000000000000000e+02
4.278214201767612579e+00 1.711275569085664749e+08 1.000000000000000000e+02
4.357913012397025554e+00 1.714368807818379700e+08 1.000000000000000000e+02
4.439096531392166867e+00 1.717521463970504999e+08 1.000000000000000000e+02
4.521792417370697592e+00 1.720734047549734712e+08 1.000000000000000000e+02
4.606028844202397998e+00 1.724007012651738524e+08 1.000000000000000000e+02
4.691834510607794329e+00 1.727340751114624143e+08 9.999999999999994316e+01
4.779238649935595440e+00 1.730735585666587949e+08 9.999999999999994316e+01
4.868271040122278848e+00 1.734191762530112863e+08 9.999999999999994316e+01
4.958962013837211913e+00 1.737709443444530368e+08 9.999999999999994316e+01
5.051342468816761411e+00 1.741288727334497273e+08 1.000000000000000000e+02
5.145443878390924652e+00 1.744930179239758253e+08 1.000000000000000000e+02
5.241298302206056192e+00 1.748634830740576386e+08 9.999999999999994316e+01
5.338938397147350301e+00 1.752403748606172204e+08 1.000000000000000995e+02
5.438397428464796235e+00 1.756238020077800751e+08 1.000000000000000000e+02
5.539709281106400596e+00 1.760138753627923131e+08 1.000000000000000000e+02
5.642908471262536807e+00 1.764107079774105847e+08 1.000000000000000000e+02
5.748030158125351008e+00 1.768144151952288747e+08 1.000000000000000000e+02
5.855110155867238042e+00 1.772251147454388142e+08 9.999999999999994316e+01
5.964184945842459840e+00 1.776429268435375988e+08 1.000000000000000000e+02
6.075291689016070862e+00 1.780679803374014497e+08 1.000000000000000000e+02
6.188468238624382778e+00 1.785004775654013455e+08 1.000000000000000995e+02
6.303753153071275150e+00 1.789406786104017496e+08 9.999999999999994316e+01
6.421185709064758385e+00 1.793888631421876252e+08 1.000000000000000995e+02
6.540805914998252923e+00 1.798453313061133325e+08 1.000000000000000995e+02
6.662654524581149929e+00 1.803104053804933429e+08 1.000000000000000000e+02
6.786773050723295064e+00 1.807844315638609827e+08 1.000000000000000000e+02
6.913203779678127603e+00 1.812677819023797512e+08 1.000000000000000000e+02
7.041989785449288775e+00 1.817608554127239883e+08 1.000000000000000995e+02
7.173174944465612768e+00 1.822640178679181337e+08 1.000000000000000995e+02
7.306803950529499936e+00 1.827775559069115520e+08 1.000000000000000995e+02
7.442922330043757917e+00 1.833017601503627002e+08 1.000000000000000995e+02
7.581576457522110069e+00 1.838369343936118484e+08 1.000000000000000995e+02
7.722813571388642551e+00 1.843833964355380833e+08 1.000000000000000995e+02
7.866681790071582192e+00 1.849414789665004313e+08 1.000000000000000000e+02
8.013230128396878982e+00 1.855115305255902708e+08 1.000000000000000000e+02
8.162508514287219796e+00 1.860939271535338461e+08 1.000000000000000000e+02
8.314567805772055564e+00 1.866890978110843897e+08 1.000000000000000995e+02
8.469459808314576676e+00 1.872975029291470647e+08 1.000000000000000995e+02
8.627237292461440887e+00 1.879196304099728465e+08 1.000000000000000000e+02
8.787954011821311084e+00 1.885559976204147041e+08 1.000000000000000000e+02
8.951664721378293166e+00 1.892071535385387242e+08 1.000000000000000995e+02
9.118425196146562328e+00 1.898736810661554039e+08 1.000000000000000000e+02
9.288292250172489162e+00 1.905561995208693445e+08 1.000000000000000995e+02
9.461323755890759912e+00 1.912553673225431442e+08 1.000000000000000000e+02
9.637578663841079418e+00 1.919718848904324472e+08 1.000000000000000000e+02
9.817117022752183786e+00 1.927064977687324286e+08 1.000000000000000000e+02
1.000000000000000000e+01 1.934600000000003874e+08 1.000000000000000000e+02
