# Source: PRIMAT compilation, https://doi.org/10.1016/j.physrep.2018.04.005
1.000000000000000021e-03 8.165400000000001490e+07 1.000000000000000000e+02
1.018628990244687619e-03 8.161742890635056794e+07 1.000000000000000000e+02
1.037605019766911670e-03 8.158068813005183637e+07 1.000000000000000995e+02
1.056934553557988335e-03 8.154379053433556855e+07 1.000000000000000000e+02
1.076624177045493267e-03 8.150674965705654025e+07 1.000000000000000000e+02
1.096680598336868600e-03 8.146957973104438186e+07 1.000000000000000000e+02
1.117110650504824203e-03 8.143229570469988883e+07 1.000000000000000000e+02
1.137921293915315117e-03 8.139491326280932128e+07 1.000000000000000000e+02
1.159119618598885779e-03 8.135744884754878283e+07 1.000000000000000000e+02
1.180712846666190276e-03 8.131991967965364456e+07 1.000000000000000995e+02
1.202708334768511989e-03 8.128234377972415090e+07 1.000000000000000995e+02
1.225113576604118949e-03 8.124473998962673545e+07 1.000000000000000995e+02
1.247936205471311460e-03 8.120712799395900965e+07 1.000000000000000000e+02
1.271183996869028896e-03 8.116952834153404832e+07 1.000000000000001990e+02
1.294864871145904933e-03 8.113196246683827043e+07 1.000000000000000995e+02
1.318986896198670470e-03 8.109445271141737700e+07 1.000000000000001990e+02
1.343558290220826226e-03 8.105702234512592852e+07 1.000000000000000995e+02
1.368587424502519176e-03 8.101969558719463646e+07 1.000000000000000995e+02
1.394082826282578647e-03 8.098249762703751028e+07 1.000000000000000995e+02
1.420053181653683095e-03 8.094545464473447204e+07 1.000000000000000995e+02
1.446507338521647217e-03 8.090859383111265302e+07 1.000000000000000995e+02
1.473454309619835756e-03 8.087194340734234452e+07 1.000000000000000995e+02
1.500903275579736594e-03 8.083553264394921064e+07 1.000000000000000995e+02
1.528863588058731147e-03 8.079939187915797532e+07 1.000000000000000000e+02
1.557344772926135207e-03 8.076355253644628823e+07 1.000000000000000995e+02
1.586356533508589657e-03 8.072804714120113850e+07 1.000000000000000995e+02
1.615908753895919101e-03 8.069290933634936810e+07 1.000000000000000995e+02
1.646011502308549748e-03 8.065817389682400227e+07 1.000000000000000995e+02
1.676675034527699143e-03 8.062387674272300303e+07 1.000000000000000995e+02
1.707909797389426916e-03 8.059005495099709928e+07 1.000000000000001990e+02
1.739726432343800767e-03 8.055674676549491286e+07 1.000000000000000000e+02
1.772135779080358372e-03 8.052399160518215597e+07 1.000000000000000995e+02
1.805148879221108154e-03 8.049183007032781839e+07 1.000000000000000995e+02
1.838776980082326793e-03 8.046030394644427299e+07 1.000000000000000000e+02
1.873031538506436536e-03 8.042945620574383438e+07 1.000000000000001990e+02
1.907924224765265072e-03 8.039933100585913658e+07 1.000000000000000995e+02
1.943466926536020246e-03 8.036997368555414677e+07 1.000000000000000995e+02
1.979671752951332481e-03 8.034143075712771714e+07 1.000000000000000995e+02
2.016551038724746607e-03 8.031374989519269764e+07 1.000000000000000000e+02
2.054117348353064112e-03 8.028697992148889601e+07 1.000000000000001990e+02
2.092383480396977150e-03 8.026117078535155952e+07 1.000000000000000995e+02
2.131362471841437810e-03 8.023637353944717348e+07 1.000000000000000995e+02
2.171067602537264923e-03 8.021264031033204496e+07 1.000000000000000995e+02
2.211512399725488933e-03 8.019002426337832212e+07 1.000000000000000000e+02
2.252710642645980484e-03 8.016857956156261265e+07 1.000000000000000000e+02
2.294676367231936100e-03 8.014836131757704914e+07 1.000000000000000995e+02
2.337423870891814758e-03 8.012942553867748380e+07 1.000000000000000995e+02
2.380967717380358135e-03 8.011182906365029514e+07 1.000000000000000000e+02
2.425322741760352948e-03 8.009562949120852351e+07 1.000000000000000000e+02
2.470504055456825433e-03 8.008088509909744561e+07 1.000000000000000000e+02
2.516527051405391836e-03 8.006765475312641263e+07 1.000000000000000995e+02
2.563407409296514835e-03 8.005599780526854098e+07 1.000000000000000000e+02
2.611161100917459583e-03 8.004597397993560135e+07 1.000000000000000000e+02
2.659804395593758260e-03 8.003764324742954969e+07 1.000000000000000995e+02
2.709353865732051433e-03 8.003106568352583051e+07 1.000000000000000000e+02
2.759826392466180594e-03 8.002630131405042112e+07 1.000000000000000995e+02
2.811239171408464344e-03 8.002340994321759045e+07 1.000000000000000000e+02
2.863609718508115885e-03 8.002245096442481875e+07 1.000000000000000000e+02
2.916955876018795853e-03 8.002348315207834542e+07 9.999999999999994316e+01
2.971295818577334054e-03 8.002656443292902410e+07 1.000000000000000000e+02
3.026648059395692196e-03 8.003175828593707085e+07 1.000000000000000995e+02
3.083031456568277075e-03 8.003930141814734042e+07 1.000000000000000000e+02
3.140465219496752208e-03 8.004963819774042070e+07 9.999999999999994316e+01
3.198968915434537586e-03 8.006326403547410667e+07 9.999999999999994316e+01
3.258562476153226226e-03 8.008072039932174981e+07 1.000000000000000000e+02
3.319266204733189573e-03 8.010259841043211520e+07 1.000000000000000995e+02
3.381100782480685445e-03 8.012954273645234108e+07 1.000000000000000000e+02
3.444087275973823411e-03 8.016225581327122450e+07 9.999999999999994316e+01
3.508247144239792347e-03 8.020150243035064638e+07 1.000000000000000000e+02
3.573602246065788347e-03 8.024811471955797076e+07 9.999999999999994316e+01
3.640174847446141400e-03 8.030299759288582206e+07 9.999999999999994316e+01
3.707987629168172684e-03 8.036713468073579669e+07 1.000000000000000000e+02
3.777063694539364597e-03 8.044159482975257933e+07 1.000000000000000000e+02
3.847426577258505898e-03 8.052753922761699557e+07 9.999999999999994316e+01
3.919100249433401899e-03 8.062622923197562993e+07 1.000000000000000995e+02
3.992109129748053209e-03 8.073903499203978479e+07 1.000000000000000995e+02
4.066478091781853925e-03 8.086702759091347456e+07 1.000000000000000000e+02
4.142232472483897525e-03 8.100898141002684832e+07 1.000000000000000000e+02
4.219398080805024202e-03 8.116262768441888690e+07 1.000000000000000995e+02
4.298001206490798497e-03 8.132537065329301357e+07 1.000000000000000995e+02
4.378068629038166758e-03 8.149425605228169262e+07 1.000000000000000995e+02
4.459627626819095622e-03 8.166593720317599177e+07 1.000000000000000995e+02
4.542705986374042521e-03 8.183663967075367272e+07 1.000000000000000995e+02
4.627332011878692967e-03 8.200212487789301574e+07 1.000000000000000995e+02
4.713534534786906725e-03 8.215765321408411860e+07 1.000000000000000995e+02
4.801342923653449841e-03 8.229794734506107867e+07 1.000000000000000000e+02
4.890787094139589959e-03 8.241715663560549915e+07 1.000000000000000000e+02
4.981897519205159656e-03 8.250882383618390560e+07 1.000000000000000000e+02
5.074705239490466188e-03 8.256671318654173613e+07 1.000000000000000000e+02
5.169241873891598608e-03 8.259047275838680565e+07 1.000000000000000000e+02
5.265539630332755246e-03 8.258283770656296611e+07 1.000000000000000000e+02
5.363631316739239652e-03 8.254704207366470993e+07 1.000000000000000995e+02
5.463550352214875498e-03 8.248683350274343789e+07 1.000000000000000995e+02
5.565330778427646403e-03 8.240650177873452008e+07 1.000000000000000000e+02
5.669007271207434327e-03 8.231090974466578662e+07 1.000000000000000000e+02
5.774615152359819509e-03 8.220552754769310355e+07 1.000000000000000000e+02
5.882190401699956099e-03 8.209647142607621849e+07 1.000000000000000000e+02
5.991769669310619169e-03 8.199054855665509403e+07 1.000000000000000000e+02
6.103390288028621123e-03 8.189404229946416616e+07 1.000000000000000995e+02
6.217090286163826779e-03 8.180739066375695169e+07 1.000000000000000000e+02
6.332908400455114321e-03 8.172895807920905948e+07 1.000000000000000000e+02
6.450884089267692675e-03 8.165689405607400835e+07 1.000000000000000000e+02
6.571057546036270826e-03 8.158911467518253624e+07 1.000000000000000000e+02
6.693469712958660493e-03 8.152328244259779155e+07 1.000000000000000000e+02
6.818162294944479437e-03 8.145678526956498623e+07 1.000000000000000995e+02
6.945177773823696388e-03 8.138671475165987015e+07 1.000000000000000000e+02
7.074559422819878297e-03 8.130997763877734542e+07 1.000000000000000995e+02
7.206351321293052656e-03 8.122543554957170784e+07 1.000000000000000000e+02
7.340598369757212090e-03 8.113378015694722533e+07 1.000000000000000000e+02
7.477346305177588227e-03 8.103586429112432897e+07 1.000000000000000000e+02
7.616641716552892058e-03 8.093265668129719794e+07 9.999999999999990052e+01
7.758532060787835978e-03 8.082525042551042140e+07 1.000000000000000995e+02
7.903065678861348128e-03 8.071487208131961524e+07 1.000000000000000000e+02
8.050291812295981564e-03 8.060287250392860174e+07 1.000000000000000995e+02
8.200260619934130954e-03 8.048963677134376764e+07 9.999999999999994316e+01
8.353023195026778799e-03 8.037384387038572133e+07 1.000000000000000995e+02
8.508631582640582489e-03 8.025388065890623629e+07 1.000000000000000995e+02
8.667138797389234081e-03 8.012796672597031295e+07 1.000000000000000995e+02
8.828598841495149604e-03 7.999414302684058249e+07 1.000000000000000000e+02
8.993066723187623582e-03 7.985026036150111258e+07 1.000000000000000000e+02
9.160598475443709407e-03 7.969509548195573688e+07 1.000000000000000000e+02
9.331251175078249249e-03 7.953257587183004618e+07 1.000000000000000000e+02
9.505082962189511861e-03 7.936860026814265549e+07 1.000000000000000000e+02
9.682153059967075343e-03 7.920970448879697919e+07 9.999999999999994316e+01
9.862521794868784469e-03 7.906311030394712090e+07 9.999999999999994316e+01
1.004625061717340749e-02 7.893674706565256417e+07 9.999999999999994316e+01
1.023340212191641702e-02 7.883474292998436093e+07 9.999999999999994316e+01
1.042404007021556327e-02 7.875241664818708599e+07 9.999999999999990052e+01
1.061822941099384125e-02 7.868341982506494224e+07 9.999999999999994316e+01
1.081603630310709954e-02 7.862064441735827923e+07 9.999999999999984368e+01
1.101752813788386791e-02 7.855615474682766199e+07 1.000000000000000995e+02
1.122277356208507652e-02 7.848354247394655645e+07 1.000000000000000000e+02
1.143184250129149725e-02 7.840340257253529131e+07 9.999999999999994316e+01
1.164480618372686072e-02 7.831794802255713940e+07 9.999999999999990052e+01
1.186173716452478509e-02 7.822965790777607262e+07 1.000000000000000000e+02
1.208270935044776506e-02 7.814126483218850195e+07 9.999999999999990052e+01
1.230779802506665188e-02 7.805428840779602528e+07 1.000000000000000000e+02
1.253707987440920262e-02 7.796823302925014496e+07 9.999999999999994316e+01
1.277063301308643990e-02 7.788237464159367979e+07 1.000000000000000000e+02
1.300853701090571267e-02 7.779590419675658643e+07 9.999999999999994316e+01
1.325087291997953214e-02 7.770813563279160857e+07 1.000000000000000000e+02
1.349772330233941706e-02 7.761910001351781189e+07 1.000000000000000000e+02
1.374917225806419029e-02 7.752901614949509501e+07 9.999999999999994316e+01
1.400530545393219653e-02 7.743812795077584684e+07 1.000000000000000000e+02
1.426621015260736910e-02 7.734664814143070579e+07 1.000000000000000000e+02
1.453197524236895383e-02 7.725458748629084229e+07 9.999999999999994316e+01
1.480269126739508674e-02 7.716190256164698303e+07 1.000000000000000000e+02
1.507845045861051086e-02 7.706854442755627632e+07 9.999999999999994316e+01
1.535934676510897039e-02 7.697449209526343644e+07 1.000000000000000995e+02
1.564547588616095955e-02 7.687978398024241626e+07 1.000000000000000995e+02
1.593693530381774456e-02 7.678446840759551525e+07 1.000000000000000000e+02
1.623382431612278159e-02 7.668859651273229718e+07 1.000000000000000000e+02
1.653624407094180307e-02 7.659221264517197013e+07 1.000000000000000000e+02
1.684429760042315330e-02 7.649535922424109280e+07 9.999999999999994316e+01
1.715808985610004986e-02 7.639808163776893914e+07 1.000000000000000995e+02
1.747772774464680795e-02 7.630042842594870925e+07 1.000000000000000000e+02
1.780332016430113962e-02 7.620245144580273330e+07 1.000000000000000000e+02
1.813497804196495186e-02 7.610420565653496981e+07 1.000000000000000000e+02
1.847281437099634188e-02 7.600573459979805350e+07 1.000000000000000000e+02
1.881694424970555696e-02 7.590706419240777194e+07 1.000000000000000000e+02
1.916748492056815148e-02 7.580821915159286559e+07 1.000000000000000000e+02
1.952455581016860828e-02 7.570922410278373957e+07 1.000000000000000000e+02
1.988827856988809734e-02 7.561010347746373713e+07 1.000000000000000995e+02
2.025877711735016989e-02 7.551088435145349801e+07 1.000000000000000995e+02
2.063617767863858837e-02 7.541162534769035876e+07 1.000000000000000000e+02
2.102060883130158278e-02 7.531240763667935133e+07 1.000000000000000000e+02
2.141220154815729262e-02 7.521331806771138310e+07 1.000000000000000000e+02
2.181108924191518805e-02 7.511444923498253524e+07 1.000000000000000995e+02
2.221740781062883641e-02 7.501589979893283546e+07 1.000000000000000000e+02
2.263129568399528321e-02 7.491777482624594867e+07 1.000000000000000000e+02
2.305289387051707301e-02 7.482018614976000786e+07 1.000000000000000000e+02
2.348234600554275145e-02 7.472325274964098632e+07 1.000000000000000000e+02
2.391979840020238418e-02 7.462710115727996826e+07 1.000000000000000000e+02
2.436540009125464853e-02 7.453186588349467516e+07 9.999999999999990052e+01
2.481930289186254010e-02 7.443768987275852263e+07 1.000000000000000000e+02
2.528166144331499277e-02 7.434471985582755506e+07 1.000000000000000000e+02
2.575263326771199887e-02 7.425303476157127321e+07 9.999999999999994316e+01
2.623237882163122203e-02 7.416265509598138928e+07 1.000000000000000000e+02
2.672106155079433804e-02 7.407359438425394893e+07 9.999999999999994316e+01
2.721884794575178332e-02 7.398585988782924414e+07 9.999999999999990052e+01
2.772590759860482645e-02 7.389945191486734152e+07 9.999999999999990052e+01
2.824241326078434297e-02 7.381436307672815025e+07 9.999999999999994316e+01
2.876854090190592711e-02 7.373057748676232994e+07 9.999999999999990052e+01
2.930446976972142861e-02 7.364806989747689664e+07 9.999999999999984368e+01
2.985038245118730796e-02 7.356680477195011079e+07 9.999999999999994316e+01
3.040646493467067182e-02 7.348676246381594241e+07 9.999999999999994316e+01
3.097290667331408301e-02 7.340817456234842539e+07 9.999999999999990052e+01
3.154990064958086704e-02 7.333143661913083494e+07 9.999999999999994316e+01
3.213764344100276948e-02 7.325698086234274507e+07 9.999999999999994316e+01
3.273633528715245988e-02 7.318527743082047999e+07 9.999999999999994316e+01
3.334618015786364187e-02 7.311683716830962896e+07 9.999999999999994316e+01
3.396738582272208068e-02 7.305221464150716364e+07 1.000000000000000000e+02
3.460016392185108480e-02 7.299201140516319871e+07 1.000000000000000000e+02
3.524473003801584237e-02 7.293687954059915245e+07 1.000000000000000000e+02
3.590130377007068330e-02 7.288752549752929807e+07 1.000000000000000000e+02
3.657010880777489259e-02 7.284471427314840257e+07 9.999999999999994316e+01
3.725137300800209633e-02 7.280927396713317931e+07 1.000000000000000000e+02
3.794532847236938011e-02 7.278210075659972429e+07 1.000000000000000000e+02
3.865221162631261864e-02 7.276416434131768346e+07 9.999999999999994316e+01
3.937226329963479377e-02 7.275651391666109860e+07 1.000000000000000000e+02
4.010572880855495931e-02 7.276028349358755350e+07 1.000000000000000000e+02
4.085285803928561527e-02 7.277605094126857817e+07 1.000000000000000995e+02
4.161390553316707264e-02 7.280266920205526054e+07 9.999999999999994316e+01
4.238913057338778573e-02 7.283852551342657208e+07 1.000000000000000000e+02
4.317879727332021161e-02 7.288178216181385517e+07 1.000000000000000000e+02
4.398317466650223523e-02 7.293035506950649619e+07 1.000000000000000000e+02
4.480253679829489938e-02 7.298189117770175636e+07 1.000000000000000000e+02
4.563716281924758839e-02 7.303374475768457353e+07 9.999999999999994316e+01
4.648733708020256344e-02 7.308295284566791356e+07 1.000000000000000000e+02
4.735334922917116413e-02 7.312621007436031103e+07 1.000000000000000995e+02
4.823549431001467047e-02 7.315984326775318384e+07 1.000000000000000000e+02
4.913407286296361809e-02 7.317978627692694962e+07 1.000000000000000000e+02
5.004939102700953213e-02 7.318155583511272073e+07 1.000000000000000000e+02
5.098176064420424647e-02 7.316155866642475128e+07 1.000000000000000000e+02
5.193149936590212012e-02 7.312054633809986711e+07 1.000000000000000995e+02
5.289893076098151070e-02 7.306047372160974145e+07 1.000000000000000995e+02
5.388438442608223938e-02 7.298360340247088671e+07 1.000000000000000000e+02
5.488819609789671872e-02 7.289252438529780507e+07 1.000000000000000000e+02
5.591070776755290017e-02 7.279017213291943073e+07 1.000000000000000000e+02
5.695226779712821846e-02 7.267985034770707786e+07 1.000000000000000000e+02
5.801323103833375128e-02 7.256525501139207184e+07 1.000000000000000995e+02
5.909395895340967958e-02 7.245050132961663604e+07 1.000000000000000000e+02
6.019481973827271043e-02 7.234014896648672223e+07 9.999999999999990052e+01
6.131618844795772016e-02 7.223759632169970870e+07 9.999999999999994316e+01
6.245844712439614643e-02 7.214255112178310752e+07 1.000000000000000000e+02
6.362198492657485105e-02 7.205405509219087660e+07 9.999999999999994316e+01
6.480719826311967524e-02 7.197101874048584700e+07 9.999999999999994316e+01
6.601449092734885948e-02 7.189220965348161757e+07 9.999999999999990052e+01
6.724427423484245769e-02 7.181624008008879423e+07 1.000000000000000000e+02
6.849696716357443760e-02 7.174155382816123962e+07 1.000000000000000000e+02
6.977299649665534564e-02 7.166641252491350472e+07 1.000000000000000000e+02
7.107279696773415034e-02 7.158911595130723715e+07 9.999999999999994316e+01
7.239681140910873836e-02 7.150942778224027157e+07 9.999999999999994316e+01
7.374549090259549522e-02 7.142780076721622050e+07 1.000000000000000000e+02
7.511929493320965157e-02 7.134474510091033578e+07 1.000000000000000000e+02
7.651869154570821452e-02 7.126083036768887937e+07 1.000000000000000000e+02
7.794415750404946885e-02 7.117669001953335106e+07 1.000000000000000000e+02
7.939617845382279659e-02 7.109302619562168419e+07 1.000000000000000000e+02
8.087524908770453436e-02 7.101059319807140529e+07 1.000000000000000995e+02
8.238187331399605962e-02 7.092987440220557153e+07 9.999999999999994316e+01
8.391656442830157381e-02 7.085111558313019574e+07 1.000000000000000995e+02
8.547984528840409102e-02 7.077457244835759699e+07 1.000000000000000000e+02
8.707224849239916797e-02 7.070051890514084697e+07 1.000000000000000000e+02
8.869431656014709064e-02 7.062924826734796166e+07 1.000000000000000000e+02
9.034660211810524588e-02 7.056107209289458394e+07 1.000000000000000995e+02
9.202966808760409956e-02 7.049584083934271336e+07 9.999999999999994316e+01
9.374408787662991127e-02 7.043229384998103976e+07 1.000000000000000000e+02
9.549044557518077125e-02 7.036887328047879040e+07 9.999999999999994316e+01
9.726933615426168467e-02 7.030384237644793093e+07 1.000000000000000000e+02
9.908136566858666283e-02 7.023527176129664481e+07 1.000000000000000000e+02
1.009271514630570854e-01 7.016110144872415066e+07 9.999999999999994316e+01
1.028073223830864719e-01 7.008085617157112062e+07 1.000000000000000995e+02
1.047225189888434382e-01 6.999587372940388322e+07 1.000000000000000995e+02
1.066733937734857113e-01 6.990773891959136724e+07 1.000000000000000000e+02
1.086606113854596822e-01 6.981822199404230714e+07 1.000000000000000000e+02
1.106848488549412035e-01 6.972927572634214163e+07 1.000000000000000000e+02
1.127467958244946084e-01 6.964206016000783443e+07 1.000000000000000000e+02
1.148471547840289042e-01 6.955626817279084027e+07 9.999999999999994316e+01
1.169866413101306873e-01 6.947141166613757610e+07 1.000000000000000000e+02
1.191659843098558796e-01 6.938694176946929097e+07 9.999999999999990052e+01
1.213859262690627772e-01 6.930228052947635949e+07 9.999999999999994316e+01
1.236472235053715091e-01 6.921729846479418874e+07 9.999999999999990052e+01
1.259506464258357550e-01 6.913223401277500391e+07 9.999999999999984368e+01
1.282969797894147612e-01 6.904735839072133601e+07 1.000000000000000000e+02
1.306870229743346268e-01 6.896296832443872094e+07 9.999999999999990052e+01
1.331215902504307713e-01 6.887928995690630376e+07 1.000000000000000000e+02
1.356015110565633452e-01 6.879639001153679192e+07 9.999999999999990052e+01
1.381276302832009362e-01 6.871431824916225672e+07 9.999999999999994316e+01
1.407008085602685088e-01 6.863312344743646681e+07 9.999999999999990052e+01
1.433219225503573890e-01 6.855278045535866916e+07 9.999999999999984368e+01
1.459918652473978506e-01 6.847311703476186097e+07 9.999999999999990052e+01
1.487115462808953625e-01 6.839392119637414813e+07 1.000000000000000000e+02
1.514818922258345801e-01 6.831496111245329678e+07 9.999999999999990052e+01
1.543038469183564687e-01 6.823614572144202888e+07 9.999999999999994316e+01
1.571783717773162781e-01 6.815753112232778966e+07 1.000000000000000000e+02
1.601064461318317811e-01 6.807918230714683235e+07 1.000000000000000000e+02
1.630890675549332702e-01 6.800117147682566941e+07 9.999999999999994316e+01
1.661272522034293042e-01 6.792358845337997377e+07 1.000000000000000000e+02
1.692220351641037235e-01 6.784653194848540425e+07 1.000000000000000000e+02
1.723744708063619790e-01 6.777010711453981698e+07 1.000000000000000000e+02
1.755856331414468730e-01 6.769442591706255078e+07 1.000000000000000000e+02
1.788566161883461958e-01 6.761960752978107333e+07 1.000000000000000000e+02
1.821885343465165230e-01 6.754576953895419836e+07 1.000000000000000000e+02
1.855825227755517060e-01 6.747292168591441214e+07 1.000000000000000000e+02
1.890397377819219571e-01 6.740099007970811427e+07 1.000000000000000995e+02
1.925613572129196704e-01 6.732988522147735953e+07 1.000000000000000995e+02
1.961485808579429280e-01 6.725950204909373820e+07 1.000000000000000000e+02
1.998026308572548593e-01 6.718971857623842359e+07 1.000000000000000995e+02
2.035247521183575770e-01 6.712041726703448594e+07 1.000000000000000000e+02
2.073162127401229071e-01 6.705157328669457138e+07 1.000000000000000000e+02
2.111783044448242164e-01 6.698318806913690269e+07 1.000000000000000000e+02
2.151123430182164953e-01 6.691525909881374985e+07 9.999999999999994316e+01
2.191196687578147451e-01 6.684777948484405130e+07 9.999999999999994316e+01
2.232016469295232397e-01 6.678073750695233792e+07 1.000000000000000000e+02
2.273596682327715113e-01 6.671411612706724554e+07 1.000000000000000000e+02
2.315951492743152096e-01 6.664789246431958675e+07 1.000000000000000995e+02
2.359095330508633737e-01 6.658203723106432706e+07 1.000000000000000995e+02
2.403042894406967056e-01 6.651651412742474675e+07 9.999999999999994316e+01
2.447809157044440187e-01 6.645127919173566997e+07 1.000000000000000000e+02
2.493409369951877785e-01 6.638628010412769765e+07 1.000000000000000000e+02
2.539859068780723761e-01 6.632146020369178802e+07 9.999999999999990052e+01
2.587174078595921300e-01 6.625678365425106138e+07 1.000000000000000995e+02
2.635370519267393186e-01 6.619221954764057696e+07 9.999999999999994316e+01
2.684464810961962322e-01 6.612773077038808912e+07 9.999999999999990052e+01
2.734473679737579599e-01 6.606327341740086675e+07 1.000000000000000995e+02
2.785414163241766161e-01 6.599879618703789264e+07 1.000000000000000000e+02
2.837303616516211324e-01 6.593423973358833790e+07 1.000000000000000000e+02
2.890159717909508430e-01 6.586953597462030500e+07 1.000000000000000000e+02
2.944000475100033709e-01 6.580460735058082640e+07 1.000000000000000000e+02
2.998844231231027613e-01 6.573936603392492980e+07 9.999999999999994316e+01
3.054709671159968054e-01 6.567373273384659737e+07 9.999999999999994316e+01
3.111615827824359970e-01 6.560770423233041912e+07 9.999999999999994316e+01
3.169582088726115021e-01 6.554129950177241862e+07 9.999999999999994316e+01
3.228628202536730218e-01 6.547453863063181192e+07 9.999999999999994316e+01
3.288774285825510346e-01 6.540744286261982471e+07 1.000000000000000000e+02
3.350040829913132900e-01 6.534003463711029291e+07 9.999999999999994316e+01
3.412448707852889229e-01 6.527233763060440123e+07 1.000000000000000000e+02
3.476019181541977754e-01 6.520437679926740378e+07 1.000000000000000000e+02
3.540773908965269556e-01 6.513617582078221440e+07 9.999999999999994316e+01
3.606734951574028236e-01 6.506772352649173886e+07 1.000000000000000995e+02
3.673924781802074269e-01 6.499897952908326685e+07 1.000000000000000995e+02
3.742366290721980682e-01 6.492989690400647372e+07 1.000000000000000995e+02
3.812082795843887983e-01 6.486042220507924259e+07 1.000000000000000995e+02
3.883098049059605095e-01 6.479049491498111933e+07 1.000000000000000995e+02
3.955436244734701345e-01 6.472004685847431421e+07 1.000000000000000995e+02
4.029122027951347884e-01 6.464900304954167455e+07 1.000000000000000995e+02
4.104180502904709038e-01 6.457734103235887736e+07 9.999999999999994316e+01
4.180637241455757991e-01 6.450511883965566009e+07 1.000000000000000000e+02
4.258518291843414461e-01 6.443240634340049326e+07 1.000000000000000995e+02
4.337850187558989212e-01 6.435928043045959622e+07 1.000000000000000000e+02
4.418659956385941334e-01 6.428582549276486784e+07 1.000000000000000000e+02
4.500975129608046355e-01 6.421213394898564368e+07 1.000000000000000995e+02
4.584823751389096036e-01 6.413829043592024595e+07 1.000000000000000000e+02
4.670234388327330621e-01 6.406432209639249742e+07 9.999999999999994316e+01
4.757236139187884794e-01 6.399024084964579344e+07 9.999999999999994316e+01
4.845858644816490868e-01 6.391605772258819640e+07 1.000000000000000000e+02
4.936132098237911991e-01 6.384178270717968792e+07 1.000000000000000000e+02
5.028087254942474882e-01 6.376742478606805950e+07 1.000000000000000000e+02
5.121755443364236493e-01 6.369300551900385320e+07 1.000000000000000000e+02
5.217168575554343990e-01 6.361857044982521981e+07 1.000000000000000000e+02
5.314359158053235666e-01 6.354416999161525816e+07 1.000000000000000000e+02
5.413360302965375404e-01 6.346985743518832326e+07 1.000000000000000000e+02
5.514205739240296555e-01 6.339568908389499038e+07 9.999999999999994316e+01
5.616929824163804374e-01 6.332172439501740038e+07 9.999999999999994316e+01
5.721567555063246102e-01 6.324802612812787294e+07 1.000000000000000000e+02
5.828154581230839959e-01 6.317466050082503259e+07 1.000000000000000000e+02
5.936727216069119795e-01 6.310169735228660703e+07 9.999999999999994316e+01
6.047322449462643190e-01 6.302920994112023711e+07 1.000000000000000000e+02
6.159977960380161877e-01 6.295726256349090487e+07 9.999999999999990052e+01
6.274732129711574347e-01 6.288590615323392302e+07 9.999999999999994316e+01
6.391624053343999412e-01 6.281519171291224658e+07 9.999999999999994316e+01
6.510693555481454897e-01 6.274517115777333081e+07 1.000000000000000000e+02
6.631981202212668958e-01 6.267589725753374398e+07 9.999999999999994316e+01
6.755528315331639222e-01 6.260742357036671788e+07 9.999999999999994316e+01
6.881376986415662644e-01 6.253980436843495816e+07 9.999999999999990052e+01
7.009570091165617800e-01 6.247309455429971218e+07 1.000000000000000995e+02
7.140151304013395706e-01 6.240734963035044074e+07 1.000000000000000000e+02
7.273165113001454074e-01 6.234262574587313086e+07 1.000000000000000995e+02
7.408656834939559843e-01 6.227897943963798881e+07 1.000000000000000995e+02
7.546672630843886953e-01 6.221646747598201036e+07 1.000000000000001990e+02
7.687259521663728501e-01 6.215514670587006956e+07 1.000000000000000995e+02
7.830465404301183430e-01 6.209507391355342418e+07 1.000000000000000995e+02
7.976339067929273385e-01 6.203630564767447114e+07 1.000000000000000995e+02
8.124930210614047521e-01 6.197889823367243260e+07 1.000000000000000995e+02
8.276289456246344045e-01 6.192290872028137743e+07 9.999999999999994316e+01
8.430468371788967241e-01 6.186839402263664454e+07 1.000000000000000000e+02
8.587519484845170803e-01 6.181541020623334497e+07 9.999999999999994316e+01
8.747496301554414933e-01 6.176401223726907372e+07 1.000000000000000000e+02
8.910453324821513421e-01 6.171425371110857278e+07 9.999999999999994316e+01
9.076446072885356875e-01 6.166618680079289526e+07 9.999999999999990052e+01
9.245531098233570333e-01 6.161986882257665694e+07 9.999999999999990052e+01
9.417766006869519035e-01 6.157536370344956219e+07 9.999999999999994316e+01
9.593209477938241525e-01 6.153273485695745796e+07 1.000000000000000000e+02
9.771921283717996953e-01 6.149204451598975807e+07 1.000000000000000000e+02
9.953962309984233370e-01 6.145335343385460973e+07 9.999999999999994316e+01
1.013939457675291811e+00 6.141672087013064325e+07 1.000000000000000995e+02
1.032828125941028574e+00 6.138220675311218947e+07 1.000000000000000000e+02
1.052068671023622892e+00 6.134987028548219800e+07 1.000000000000000000e+02
1.071667648032863296e+00 6.131976824388036132e+07 1.000000000000000000e+02
1.091631734193614811e+00 6.129195454770037532e+07 1.000000000000000995e+02
1.111967731120699021e+00 6.126647980117771029e+07 1.000000000000000000e+02
1.132682567136153784e+00 6.124339079447292536e+07 1.000000000000000995e+02
1.153783299629660863e+00 6.122272996050303429e+07 1.000000000000000995e+02
1.175277117462945276e+00 6.120453478404372931e+07 1.000000000000000995e+02
1.197171343418965694e+00 6.118883715937477350e+07 1.000000000000000995e+02
1.219473436696737023e+00 6.117566269247945398e+07 1.000000000000000000e+02
1.242190995452616242e+00 6.116502994354078174e+07 1.000000000000000000e+02
1.265331759388941713e+00 6.115695377900289744e+07 1.000000000000000995e+02
1.288903612390891462e+00 6.115149179660043120e+07 1.000000000000000995e+02
1.312914585212463958e+00 6.114873254523049295e+07 1.000000000000000995e+02
1.337372858212495075e+00 6.114876510578071326e+07 1.000000000000000000e+02
1.362286764141645401e+00 6.115167829345032573e+07 1.000000000000000995e+02
1.387664790981307128e+00 6.115756038518540561e+07 9.999999999999994316e+01
1.413515584835394190e+00 6.116649881832347065e+07 1.000000000000000000e+02
1.439847952876006643e+00 6.117857985792358965e+07 1.000000000000000000e+02
1.466670866343967150e+00 6.119388823005107790e+07 1.000000000000000000e+02
1.493993463605256311e+00 6.121250671805325896e+07 1.000000000000000000e+02
1.521825053264385552e+00 6.123452010646662861e+07 1.000000000000000995e+02
1.550175117335768737e+00 6.126004609149733931e+07 1.000000000000000995e+02
1.579053314474174297e+00 6.128922064265665412e+07 1.000000000000000995e+02
1.608469483265355215e+00 6.132218280724450946e+07 1.000000000000000995e+02
1.638433645577983100e+00 6.135907456999226660e+07 1.000000000000000995e+02
1.668956009978023181e+00 6.140004079055479169e+07 1.000000000000000000e+02
1.700046975206716438e+00 6.144522912589251995e+07 1.000000000000000995e+02
1.731717133723352786e+00 6.149478993587157875e+07 1.000000000000000000e+02
1.763977275314043469e+00 6.154887472698260844e+07 9.999999999999994316e+01
1.796838390767719229e+00 6.160758887296221405e+07 1.000000000000000000e+02
1.830311675620611256e+00 6.167097450590077043e+07 9.999999999999994316e+01
1.864408533970485227e+00 6.173905884570354968e+07 1.000000000000000000e+02
1.899140582361933616e+00 6.181185600343152136e+07 1.000000000000000000e+02
1.934519653744044332e+00 6.188936542861958593e+07 1.000000000000000000e+02
1.970557801501798378e+00 6.197157021753425896e+07 1.000000000000000995e+02
2.007267303562568106e+00 6.205843552554374188e+07 1.000000000000000000e+02
2.044660666579115826e+00 6.214996433758588880e+07 1.000000000000000000e+02
2.082750630190514318e+00 6.224627878257764876e+07 1.000000000000000000e+02
2.121550171362450055e+00 6.234751891674893349e+07 1.000000000000000995e+02
2.161072508808376647e+00 6.245382558016732335e+07 1.000000000000000000e+02
2.201331107493030181e+00 6.256534008558505028e+07 9.999999999999994316e+01
2.242339683219845003e+00 6.268220386821223050e+07 1.000000000000000000e+02
2.284112207303823361e+00 6.280455809257521480e+07 1.000000000000000000e+02
2.326662911331458083e+00 6.293254321225067973e+07 9.999999999999994316e+01
2.370006292009327886e+00 6.306629847789278626e+07 1.000000000000000000e+02
2.414157116103017753e+00 6.320596138855273277e+07 1.000000000000000000e+02
2.459130425468043946e+00 6.335166708084607869e+07 9.999999999999994316e+01
2.504941542174502267e+00 6.350354765647914261e+07 1.000000000000000000e+02
2.551606073727183954e+00 6.366173874711745232e+07 1.000000000000000000e+02
2.599139918382932901e+00 6.382639424073785543e+07 1.000000000000000000e+02
2.647559270567066747e+00 6.399767029332877696e+07 1.000000000000000000e+02
2.696880626390692370e+00 6.417572106433715671e+07 1.000000000000000000e+02
2.747120789270811603e+00 6.436069801230364293e+07 1.000000000000000000e+02
2.798296875655115645e+00 6.455274911036012322e+07 1.000000000000000000e+02
2.850426320853434614e+00 6.475201797386932373e+07 1.000000000000000000e+02
2.903526884977813971e+00 6.495864289181807637e+07 1.000000000000000995e+02
2.957616658993253544e+00 6.517275575285401195e+07 1.000000000000000000e+02
3.012714070881164385e+00 6.539448107739513367e+07 1.000000000000000000e+02
3.068837891917642224e+00 6.562396884629854560e+07 1.000000000000000000e+02
3.126007243068700259e+00 6.586143599749425054e+07 1.000000000000000995e+02
3.184241601504649744e+00 6.610711098670036346e+07 1.000000000000000000e+02
3.243560807235807975e+00 6.636122532346670330e+07 1.000000000000000995e+02
3.303985069871854918e+00 6.662401322898053378e+07 1.000000000000000000e+02
3.365534975507090909e+00 6.689571123922481388e+07 1.000000000000000000e+02
3.428231493733967294e+00 6.717655774741490185e+07 1.000000000000000000e+02
3.492095984787267682e+00 6.746679247906209528e+07 1.000000000000000000e+02
3.557150206821382277e+00 6.776666085232259333e+07 1.000000000000000000e+02
3.623416323323146226e+00 6.807643867509569228e+07 1.000000000000000000e+02
3.690916910662774608e+00 6.839641670198664069e+07 1.000000000000000000e+02
3.759674965785463563e+00 6.872689068738876283e+07 1.000000000000000995e+02
3.829713914046277257e+00 6.906816104107108712e+07 1.000000000000001990e+02
3.901057617190989202e+00 6.942053243384419382e+07 1.000000000000000995e+02
3.973730381485604202e+00 6.978431333279678226e+07 1.000000000000000995e+02
4.047756965997318268e+00 7.015981796301390231e+07 1.000000000000000000e+02
4.123162591029748469e+00 7.054739635741388798e+07 1.000000000000000000e+02
4.199972946715301525e+00 7.094742863320693374e+07 1.000000000000000000e+02
4.278214201767612579e+00 7.136030499625134468e+07 1.000000000000000000e+02
4.357913012397025554e+00 7.178642525720599294e+07 1.000000000000000000e+02
4.439096531392166867e+00 7.222619871340918541e+07 1.000000000000000000e+02
4.521792417370697592e+00 7.268004397485728562e+07 1.000000000000000000e+02
4.606028844202397998e+00 7.314838872656771541e+07 1.000000000000000000e+02
4.691834510607794329e+00 7.363166941874070466e+07 9.999999999999994316e+01
4.779238649935595440e+00 7.413033087514196336e+07 9.999999999999994316e+01
4.868271040122278848e+00 7.464482580906718969e+07 9.999999999999994316e+01
4.958962013837211913e+00 7.517561423505246639e+07 9.999999999999994316e+01
5.051342468816761411e+00 7.572316372691021860e+07 1.000000000000000000e+02
5.145443878390924652e+00 7.628796583287900686e+07 1.000000000000000000e+02
5.241298302206056192e+00 7.687053592703786492e+07 9.999999999999994316e+01
5.338938397147350301e+00 7.747139900446766615e+07 1.000000000000000995e+02
5.438397428464796235e+00 7.809108845954751968e+07 1.000000000000000000e+02
5.539709281106400596e+00 7.873014520616830885e+07 1.000000000000000000e+02
5.642908471262536807e+00 7.938911663291756809e+07 1.000000000000000000e+02
5.748030158125351008e+00 8.006855537287245691e+07 1.000000000000000000e+02
5.855110155867238042e+00 8.076901786545498669e+07 9.999999999999994316e+01
5.964184945842459840e+00 8.149106268540903926e+07 1.000000000000000000e+02
6.075291689016070862e+00 8.223525012032127380e+07 1.000000000000000000e+02
6.188468238624382778e+00 8.300215629165452719e+07 1.000000000000000995e+02
6.303753153071275150e+00 8.379236721625804901e+07 9.999999999999994316e+01
6.421185709064758385e+00 8.460646666623686254e+07 1.000000000000000995e+02
6.540805914998252923e+00 8.544503327752894163e+07 1.000000000000000995e+02
6.662654524581149929e+00 8.630863743277798593e+07 1.000000000000000000e+02
6.786773050723295064e+00 8.719783771439713240e+07 1.000000000000000000e+02
6.913203779678127603e+00 8.811317688057857752e+07 1.000000000000000000e+02
7.041989785449288775e+00 8.905517770109623671e+07 1.000000000000000995e+02
7.173174944465612768e+00 9.002436342588585615e+07 1.000000000000000995e+02
7.306803950529499936e+00 9.102127302821950614e+07 1.000000000000000995e+02
7.442922330043757917e+00 9.204642315694433451e+07 1.000000000000000995e+02
7.581576457522110069e+00 9.310029887585875392e+07 1.000000000000000995e+02
7.722813571388642551e+00 9.418334707772892714e+07 1.000000000000000995e+02
7.866681790071582192e+00 9.529596910583537817e+07 1.000000000000000000e+02
8.013230128396878982e+00 9.643851253847128153e+07 1.000000000000000000e+02
8.162508514287219796e+00 9.761132403420312703e+07 1.000000000000000000e+02
8.314567805772055564e+00 9.881488514474645257e+07 1.000000000000000995e+02
8.469459808314576676e+00 1.000496760840684026e+08 1.000000000000000995e+02
8.627237292461440887e+00 1.013161354659617394e+08 1.000000000000000000e+02
8.787954011821311084e+00 1.026146528058038950e+08 1.000000000000000000e+02
8.951664721378293166e+00 1.039455601797882766e+08 1.000000000000000995e+02
9.118425196146562328e+00 1.053091229651074111e+08 1.000000000000000000e+02
9.288292250172489162e+00 1.067055295797660351e+08 1.000000000000000995e+02
9.461323755890759912e+00 1.081348801359910816e+08 1.000000000000000000e+02
9.637578663841079418e+00 1.095971739167969972e+08 1.000000000000000000e+02
9.817117022752183786e+00 1.110922955811843574e+08 1.000000000000000000e+02
1.000000000000000000e+01 1.126200000000001192e+08 1.000000000000000000e+02
