# Source: PRIMAT compilation, https://doi.org/10.1016/j.physrep.2018.04.005
1.000000000000000021e-03 1.000000000000000008e-35 1.000000000000000000e+02
1.018628990244687619e-03 1.012316767845423422e-35 1.000000000000000000e+02
1.037605019766911670e-03 1.025312506911660898e-35 1.000000000000000995e+02
1.056934553557988335e-03 1.039031019818607149e-35 1.000000000000000000e+02
1.076624177045493267e-03 1.053519573978259820e-35 1.000000000000000000e+02
1.096680598336868600e-03 1.068829232383500140e-35 1.000000000000000000e+02
1.117110650504824203e-03 1.085015221249623585e-35 1.000000000000000000e+02
1.137921293915315117e-03 1.102137339178682479e-35 1.000000000000000000e+02
1.159119618598885779e-03 1.120260413180784759e-35 1.000000000000000000e+02
1.180712846666190276e-03 1.139454807652788428e-35 1.000000000000000995e+02
1.202708334768511989e-03 1.159796993302931996e-35 1.000000000000000995e+02
1.225113576604118949e-03 1.181370184043544489e-35 1.000000000000000995e+02
1.247936205471311460e-03 1.204265051073054340e-35 1.000000000000000000e+02
1.271183996869028896e-03 1.228580524769010751e-35 1.000000000000001990e+02
1.294864871145904933e-03 1.254424696647468546e-35 1.000000000000000995e+02
1.318986896198670470e-03 1.281915835555964818e-35 1.000000000000001990e+02
1.343558290220826226e-03 1.311183534510368640e-35 1.000000000000000995e+02
1.368587424502519176e-03 1.342370007218070133e-35 1.000000000000000995e+02
1.394082826282578647e-03 1.375631556432497262e-35 1.000000000000000995e+02
1.420053181653683095e-03 1.411140239941965817e-35 1.000000000000000995e+02
1.446507338521647217e-03 1.449085764322453805e-35 1.000000000000000995e+02
1.473454309619835756e-03 1.489677641711158354e-35 1.000000000000000995e+02
1.500903275579736594e-03 1.533147650949012213e-35 1.000000000000000995e+02
1.528863588058731147e-03 1.579752651691378162e-35 1.000000000000000000e+02
1.557344772926135207e-03 1.629777808742151116e-35 1.000000000000000995e+02
1.586356533508589657e-03 1.683540294223028540e-35 1.000000000000000995e+02
1.615908753895919101e-03 1.741393547610445633e-35 1.000000000000000995e+02
1.646011502308549748e-03 1.803732188613151169e-35 1.000000000000000995e+02
1.676675034527699143e-03 1.870997695875803789e-35 1.000000000000000995e+02
1.707909797389426916e-03 1.943684986271806706e-35 1.000000000000001990e+02
1.739726432343800767e-03 2.022350055955283414e-35 1.000000000000000000e+02
1.772135779080358372e-03 2.107618876444177905e-35 1.000000000000000995e+02
1.805148879221108154e-03 2.200197778156209735e-35 1.000000000000000995e+02
1.838776980082326793e-03 2.300885601698350278e-35 1.000000000000000000e+02
1.873031538506436536e-03 2.410587955947462085e-35 1.000000000000001990e+02
1.907924224765265072e-03 2.530333994247938942e-35 1.000000000000000995e+02
1.943466926536020246e-03 2.661296209289788760e-35 1.000000000000000995e+02
1.979671752951332481e-03 2.804813857780532610e-35 1.000000000000000995e+02
2.016551038724746607e-03 2.962420763407202512e-35 1.000000000000000000e+02
2.054117348353064112e-03 3.135878417939748277e-35 1.000000000000001990e+02
2.092383480396977150e-03 3.327215514795117765e-35 1.000000000000000995e+02
2.131362471841437810e-03 3.538775318797177783e-35 1.000000000000000995e+02
2.171067602537264923e-03 3.773272615588314095e-35 1.000000000000000995e+02
2.211512399725488933e-03 4.033862414165184150e-35 1.000000000000000000e+02
2.252710642645980484e-03 4.324223122480767071e-35 1.000000000000000000e+02
2.294676367231936100e-03 4.648657613355075953e-35 1.000000000000000995e+02
2.337423870891814758e-03 5.012216491399216099e-35 1.000000000000000995e+02
2.380967717380358135e-03 5.420849021412496151e-35 1.000000000000000000e+02
2.425322741760352948e-03 5.881588664799841084e-35 1.000000000000000000e+02
2.470504055456825433e-03 6.402782100109454988e-35 1.000000000000000000e+02
2.516527051405391836e-03 6.994373120835833623e-35 1.000000000000000995e+02
2.563407409296514835e-03 7.668256102867977272e-35 1.000000000000000000e+02
2.611161100917459583e-03 8.438718079805750116e-35 1.000000000000000000e+02
2.659804395593758260e-03 9.322994218038467339e-35 1.000000000000000995e+02
2.709353865732051433e-03 1.034196914092130118e-34 1.000000000000000000e+02
2.759826392466180594e-03 1.152106679754461233e-34 1.000000000000000995e+02
2.811239171408464344e-03 1.289138535781261143e-34 1.000000000000000000e+02
2.863609718508115885e-03 1.449115227112418883e-34 1.000000000000000000e+02
2.916955876018795853e-03 1.636760001968005255e-34 9.999999999999994316e+01
2.971295818577334054e-03 1.857939787316354022e-34 1.000000000000000000e+02
3.026648059395692196e-03 2.119979631079515636e-34 1.000000000000000995e+02
3.083031456568277075e-03 2.431999791687123370e-34 1.000000000000000000e+02
3.140465219496752208e-03 2.805384362151872587e-34 9.999999999999994316e+01
3.198968915434537586e-03 3.254492011107504730e-34 9.999999999999994316e+01
3.258562476153226226e-03 3.797531940425723399e-34 1.000000000000000000e+02
3.319266204733189573e-03 4.457719148576691074e-34 1.000000000000000995e+02
3.381100782480685445e-03 5.264811267372895244e-34 1.000000000000000000e+02
3.444087275973823411e-03 6.257164071262348780e-34 9.999999999999994316e+01
3.508247144239792347e-03 7.484495848902379459e-34 1.000000000000000000e+02
3.573602246065788347e-03 9.011625908291429912e-34 9.999999999999994316e+01
3.640174847446141400e-03 1.092355924098153601e-33 9.999999999999994316e+01
3.707987629168172684e-03 1.333244198497215644e-33 1.000000000000000000e+02
3.777063694539364597e-03 1.638713169743351803e-33 1.000000000000000000e+02
3.847426577258505898e-03 2.028644352084747042e-33 9.999999999999994316e+01
3.919100249433401899e-03 2.529759415719605333e-33 1.000000000000000995e+02
3.992109129748053209e-03 3.178203906729982713e-33 1.000000000000000995e+02
4.066478091781853925e-03 4.023501881861774805e-33 1.000000000000000000e+02
4.142232472483897525e-03 5.136067498403030031e-33 1.000000000000000000e+02
4.219398080805024202e-03 6.616622994445697047e-33 1.000000000000000995e+02
4.298001206490798497e-03 8.610509195275563951e-33 1.000000000000000995e+02
4.378068629038166758e-03 1.133053752664432771e-32 1.000000000000000995e+02
4.459627626819095622e-03 1.509319640133050721e-32 1.000000000000000995e+02
4.542705986374042521e-03 2.037702498279632852e-32 1.000000000000000995e+02
4.627332011878692967e-03 2.791848550458706306e-32 1.000000000000000995e+02
4.713534534786906725e-03 3.887255020950464231e-32 1.000000000000000995e+02
4.801342923653449841e-03 5.508736749116641143e-32 1.000000000000000000e+02
4.890787094139589959e-03 7.958460962424662986e-32 1.000000000000000000e+02
4.981897519205159656e-03 1.174196436165092857e-31 1.000000000000000000e+02
5.074705239490466188e-03 1.772200437603173991e-31 1.000000000000000000e+02
5.169241873891598608e-03 2.736317271466803612e-31 1.000000000000000000e+02
5.265539630332755246e-03 4.318646887665822589e-31 1.000000000000000000e+02
5.363631316739239652e-03 6.960326142202950737e-31 1.000000000000000995e+02
5.463550352214875498e-03 1.144213792446698325e-30 1.000000000000000995e+02
5.565330778427646403e-03 1.915979030319439936e-30 1.000000000000000000e+02
5.669007271207434327e-03 3.262861116097902196e-30 1.000000000000000000e+02
5.774615152359819509e-03 5.640910226581071737e-30 1.000000000000000000e+02
5.882190401699956099e-03 9.879909292976210615e-30 1.000000000000000000e+02
5.991769669310619169e-03 1.749054408390344174e-29 1.000000000000000000e+02
6.103390288028621123e-03 3.123118043483483564e-29 1.000000000000000995e+02
6.217090286163826779e-03 5.626295417172234150e-29 1.000000000000000000e+02
6.332908400455114321e-03 1.023748768680155708e-28 1.000000000000000000e+02
6.450884089267692675e-03 1.883818226935206358e-28 1.000000000000000000e+02
6.571057546036270826e-03 3.510358816232907320e-28 1.000000000000000000e+02
6.693469712958660493e-03 6.634091777625444594e-28 1.000000000000000000e+02
6.818162294944479437e-03 1.273627047431472295e-27 1.000000000000000995e+02
6.945177773823696388e-03 2.488369860938673614e-27 1.000000000000000000e+02
7.074559422819878297e-03 4.956937171966756015e-27 1.000000000000000995e+02
7.206351321293052656e-03 1.007267836091249043e-26 1.000000000000000000e+02
7.340598369757212090e-03 2.086135433539094789e-26 1.000000000000000000e+02
7.477346305177588227e-03 4.399040369546274791e-26 1.000000000000000000e+02
7.616641716552892058e-03 9.433493656527669132e-26 9.999999999999990052e+01
7.758532060787835978e-03 2.054428321017942083e-25 1.000000000000000995e+02
7.903065678861348128e-03 4.536646696666005202e-25 1.000000000000000000e+02
8.050291812295981564e-03 1.014051225426552180e-24 1.000000000000000995e+02
8.200260619934130954e-03 2.297257209861292739e-24 9.999999999999994316e+01
8.353023195026778799e-03 5.308231691365931705e-24 1.000000000000000995e+02
8.508631582640582489e-03 1.260485736508007449e-23 1.000000000000000995e+02
8.667138797389234081e-03 3.101561415907246852e-23 1.000000000000000995e+02
8.828598841495149604e-03 7.981053306985218948e-23 1.000000000000000000e+02
8.993066723187623582e-03 2.169530850029678918e-22 1.000000000000000000e+02
9.160598475443709407e-03 6.261363005799339406e-22 1.000000000000000000e+02
9.331251175078249249e-03 1.874742286621498309e-21 1.000000000000000000e+02
9.505082962189511861e-03 5.627752533624869756e-21 1.000000000000000000e+02
9.682153059967075343e-03 1.630330267904318322e-20 9.999999999999994316e+01
9.862521794868784469e-03 4.368464902716859313e-20 9.999999999999994316e+01
1.004625061717340749e-02 1.033117454204100322e-19 9.999999999999994316e+01
1.023340212191641702e-02 2.104862754151567665e-19 9.999999999999994316e+01
1.042404007021556327e-02 3.801903653424079588e-19 9.999999999999990052e+01
1.061822941099384125e-02 6.330442774260720881e-19 9.999999999999994316e+01
1.081603630310709954e-02 1.015336554963499924e-18 9.999999999999984368e+01
1.101752813788386791e-02 1.647863529934276931e-18 1.000000000000000995e+02
1.122277356208507652e-02 2.816250224735438571e-18 1.000000000000000000e+02
1.143184250129149725e-02 5.048650834394491789e-18 9.999999999999994316e+01
1.164480618372686072e-02 9.361169791779234931e-18 9.999999999999990052e+01
1.186173716452478509e-02 1.767135179829136203e-17 1.000000000000000000e+02
1.208270935044776506e-02 3.337296918516860617e-17 9.999999999999990052e+01
1.230779802506665188e-02 6.244755741667406971e-17 1.000000000000000000e+02
1.253707987440920262e-02 1.161831301535050599e-16 9.999999999999994316e+01
1.277063301308643990e-02 2.160025294826242909e-16 1.000000000000000000e+02
1.300853701090571267e-02 4.035629411961500937e-16 9.999999999999994316e+01
1.325087291997953214e-02 7.613106072977323450e-16 1.000000000000000000e+02
1.349772330233941706e-02 1.449467088860166787e-15 1.000000000000000000e+02
1.374917225806419029e-02 2.779986313358800436e-15 9.999999999999994316e+01
1.400530545393219653e-02 5.359949275798253860e-15 1.000000000000000000e+02
1.426621015260736910e-02 1.036980976378004674e-14 1.000000000000000000e+02
1.453197524236895383e-02 2.012934491610027215e-14 9.999999999999994316e+01
1.480269126739508674e-02 3.921899316158475266e-14 1.000000000000000000e+02
1.507845045861051086e-02 7.672780093533237938e-14 9.999999999999994316e+01
1.535934676510897039e-02 1.507558362757220308e-13 1.000000000000000995e+02
1.564547588616095955e-02 2.973778232619650915e-13 1.000000000000000995e+02
1.593693530381774456e-02 5.886616722310575255e-13 1.000000000000000000e+02
1.623382431612278159e-02 1.168815959027010258e-12 1.000000000000000000e+02
1.653624407094180307e-02 2.326973472268488176e-12 1.000000000000000000e+02
1.684429760042315330e-02 4.643655089740526143e-12 9.999999999999994316e+01
1.715808985610004986e-02 9.285417926035321392e-12 1.000000000000000995e+02
1.747772774464680795e-02 1.859758797784490371e-11 1.000000000000000000e+02
1.780332016430113962e-02 3.729552054365998101e-11 1.000000000000000000e+02
1.813497804196495186e-02 7.485542745122541233e-11 1.000000000000000000e+02
1.847281437099634188e-02 1.503077701172230614e-10 1.000000000000000000e+02
1.881694424970555696e-02 3.018315907988717325e-10 1.000000000000000000e+02
1.916748492056815148e-02 6.058991993153852066e-10 1.000000000000000000e+02
1.952455581016860828e-02 1.215369195787134466e-09 1.000000000000000000e+02
1.988827856988809734e-02 2.435007023461112499e-09 1.000000000000000995e+02
2.025877711735016989e-02 4.870510860574551042e-09 1.000000000000000995e+02
2.063617767863858837e-02 9.719794380557309283e-09 1.000000000000000000e+02
2.102060883130158278e-02 1.933832502537650017e-08 1.000000000000000000e+02
2.141220154815729262e-02 3.832736047039874004e-08 1.000000000000000000e+02
2.181108924191518805e-02 7.560555671015911943e-08 1.000000000000000995e+02
2.221740781062883641e-02 1.483050384837743006e-07 1.000000000000000000e+02
2.263129568399528321e-02 2.889967650250448831e-07 1.000000000000000000e+02
2.305289387051707301e-02 5.588766008273110429e-07 1.000000000000000000e+02
2.348234600554275145e-02 1.071390431833477603e-06 1.000000000000000000e+02
2.391979840020238418e-02 2.033677211830115295e-06 1.000000000000000000e+02
2.436540009125464853e-02 3.817518364554672321e-06 9.999999999999990052e+01
2.481930289186254010e-02 7.077416282452029060e-06 1.000000000000000000e+02
2.528166144331499277e-02 1.294125785270639083e-05 1.000000000000000000e+02
2.575263326771199887e-02 2.332082414308570575e-05 9.999999999999994316e+01
2.623237882163122203e-02 4.140434754552842672e-05 1.000000000000000000e+02
2.672106155079433804e-02 7.240648545751417827e-05 9.999999999999994316e+01
2.721884794575178332e-02 1.246972316914218013e-04 9.999999999999990052e+01
2.772590759860482645e-02 2.114602164377404902e-04 9.999999999999990052e+01
2.824241326078434297e-02 3.530751261175604089e-04 9.999999999999994316e+01
2.876854090190592711e-02 5.804688169563910994e-04 9.999999999999990052e+01
2.930446976972142861e-02 9.397382453659393385e-04 9.999999999999984368e+01
2.985038245118730796e-02 1.498421679586683583e-03 9.999999999999994316e+01
3.040646493467067182e-02 2.353308398353631467e-03 9.999999999999994316e+01
3.097290667331408301e-02 3.632074385345904818e-03 9.999999999999990052e+01
3.154990064958086704e-02 5.487994909393557365e-03 9.999999999999994316e+01
3.213764344100276948e-02 8.084488211576319749e-03 9.999999999999994316e+01
3.273633528715245988e-02 1.155865867001032096e-02 9.999999999999994316e+01
3.334618015786364187e-02 1.596035481233377268e-02 9.999999999999994316e+01
3.396738582272208068e-02 2.117081724546173577e-02 1.000000000000000000e+02
3.460016392185108480e-02 2.682100722152198913e-02 1.000000000000000000e+02
3.524473003801584237e-02 3.224972771486557532e-02 1.000000000000000000e+02
3.590130377007068330e-02 3.655405924840726684e-02 1.000000000000000000e+02
3.657010880777489259e-02 3.877100533797827459e-02 9.999999999999994316e+01
3.725137300800209633e-02 3.817554028942877348e-02 1.000000000000000000e+02
3.794532847236938011e-02 3.459700213153171083e-02 1.000000000000000000e+02
3.865221162631261864e-02 2.859170808649233106e-02 9.999999999999994316e+01
3.937226329963479377e-02 2.133280204042652117e-02 1.000000000000000000e+02
4.010572880855495931e-02 1.421634601780812773e-02 1.000000000000000000e+02
4.085285803928561527e-02 8.415691964754078158e-03 1.000000000000000995e+02
4.161390553316707264e-02 4.473837773343026375e-03 9.999999999999994316e+01
4.238913057338778573e-02 2.168752139171172336e-03 1.000000000000000000e+02
4.317879727332021161e-02 9.755633522451626549e-04 1.000000000000000000e+02
4.398317466650223523e-02 4.153328617743524812e-04 1.000000000000000000e+02
4.480253679829489938e-02 1.711184738880522772e-04 1.000000000000000000e+02
4.563716281924758839e-02 6.995116930562723836e-05 9.999999999999994316e+01
4.648733708020256344e-02 2.917396698157712006e-05 1.000000000000000000e+02
4.735334922917116413e-02 1.280475264589231771e-05 1.000000000000000995e+02
4.823549431001467047e-02 6.121672715424764575e-06 1.000000000000000000e+02
4.913407286296361809e-02 3.311541497929115995e-06 1.000000000000000000e+02
5.004939102700953213e-02 2.113981641731066306e-06 1.000000000000000000e+02
5.098176064420424647e-02 1.647187832203712898e-06 1.000000000000000000e+02
5.193149936590212012e-02 1.555767502596333699e-06 1.000000000000000995e+02
5.289893076098151070e-02 1.749209087681975820e-06 1.000000000000000995e+02
5.388438442608223938e-02 2.292712763224993032e-06 1.000000000000000000e+02
5.488819609789671872e-02 3.420262558746813720e-06 1.000000000000000000e+02
5.591070776755290017e-02 5.651011934054816654e-06 1.000000000000000000e+02
5.695226779712821846e-02 1.002651473026949234e-05 1.000000000000000000e+02
5.801323103833375128e-02 1.845220010030512928e-05 1.000000000000000995e+02
5.909395895340967958e-02 3.387810557439054169e-05 1.000000000000000000e+02
6.019481973827271043e-02 5.941812516725854905e-05 9.999999999999990052e+01
6.131618844795772016e-02 9.636021468367813485e-05 9.999999999999994316e+01
6.245844712439614643e-02 1.448534326970614123e-04 1.000000000000000000e+02
6.362198492657485105e-02 2.036409526824843553e-04 9.999999999999994316e+01
6.480719826311967524e-02 2.704785404739391439e-04 9.999999999999994316e+01
6.601449092734885948e-02 3.433835052580866735e-04 9.999999999999990052e+01
6.724427423484245769e-02 4.222074659976031538e-04 1.000000000000000000e+02
6.849696716357443760e-02 5.102959333412390589e-04 1.000000000000000000e+02
6.977299649665534564e-02 6.164618096837796643e-04 1.000000000000000000e+02
7.107279696773415034e-02 7.566428505216900476e-04 9.999999999999994316e+01
7.239681140910873836e-02 9.458462908242908345e-04 9.999999999999994316e+01
7.374549090259549522e-02 1.199146163316141753e-03 1.000000000000000000e+02
7.511929493320965157e-02 1.534541214497173655e-03 1.000000000000000000e+02
7.651869154570821452e-02 1.971600296746754341e-03 1.000000000000000000e+02
7.794415750404946885e-02 2.528120114821162581e-03 1.000000000000000000e+02
7.939617845382279659e-02 3.213834179020382768e-03 1.000000000000000000e+02
8.087524908770453436e-02 4.021400590577324519e-03 1.000000000000000995e+02
8.238187331399605962e-02 4.930454345191416163e-03 9.999999999999994316e+01
8.391656442830157381e-02 5.910061622627171482e-03 1.000000000000000995e+02
8.547984528840409102e-02 6.910283201886213179e-03 1.000000000000000000e+02
8.707224849239916797e-02 7.861958637485828502e-03 1.000000000000000000e+02
8.869431656014709064e-02 8.680674937428632318e-03 1.000000000000000000e+02
9.034660211810524588e-02 9.275781140147622977e-03 1.000000000000000995e+02
9.202966808760409956e-02 9.607179118175998914e-03 9.999999999999994316e+01
9.374408787662991127e-02 9.761523958562431935e-03 1.000000000000000000e+02
9.549044557518077125e-02 9.876158619137856767e-03 9.999999999999994316e+01
9.726933615426168467e-02 1.011684491239690092e-02 1.000000000000000000e+02
9.908136566858666283e-02 1.068939795162391140e-02 1.000000000000000000e+02
1.009271514630570854e-01 1.188370574821990926e-02 9.999999999999994316e+01
1.028073223830864719e-01 1.396723908499693419e-02 1.000000000000000995e+02
1.047225189888434382e-01 1.713727999502477617e-02 1.000000000000000995e+02
1.066733937734857113e-01 2.162223657470127916e-02 1.000000000000000000e+02
1.086606113854596822e-01 2.758231417722585913e-02 1.000000000000000000e+02
1.106848488549412035e-01 3.491167327983119711e-02 1.000000000000000000e+02
1.127467958244946084e-01 4.336082586348749546e-02 1.000000000000000000e+02
1.148471547840289042e-01 5.301784411724410478e-02 9.999999999999994316e+01
1.169866413101306873e-01 6.414198001312750030e-02 1.000000000000000000e+02
1.191659843098558796e-01 7.722103902609576964e-02 9.999999999999990052e+01
1.213859262690627772e-01 9.307394712555891458e-02 9.999999999999994316e+01
1.236472235053715091e-01 1.125120820293870894e-01 9.999999999999990052e+01
1.259506464258357550e-01 1.361783942612485587e-01 9.999999999999984368e+01
1.282969797894147612e-01 1.646993967067499065e-01 1.000000000000000000e+02
1.306870229743346268e-01 1.986066280157481323e-01 9.999999999999990052e+01
1.331215902504307713e-01 2.383514266593999564e-01 1.000000000000000000e+02
1.356015110565633452e-01 2.844242765684488194e-01 9.999999999999990052e+01
1.381276302832009362e-01 3.371783549314738004e-01 9.999999999999994316e+01
1.407008085602685088e-01 3.967281465914598848e-01 9.999999999999990052e+01
1.433219225503573890e-01 4.636294688281974441e-01 9.999999999999984368e+01
1.459918652473978506e-01 5.403119412884584971e-01 9.999999999999990052e+01
1.487115462808953625e-01 6.310021396535067106e-01 1.000000000000000000e+02
1.514818922258345801e-01 7.423241476653624771e-01 9.999999999999990052e+01
1.543038469183564687e-01 8.806513724028476320e-01 9.999999999999994316e+01
1.571783717773162781e-01 1.050130679568905823e+00 1.000000000000000000e+02
1.601064461318317811e-01 1.253854317960681364e+00 1.000000000000000000e+02
1.630890675549332702e-01 1.493932511612668046e+00 9.999999999999994316e+01
1.661272522034293042e-01 1.775111875310549259e+00 1.000000000000000000e+02
1.692220351641037235e-01 2.103570044102781811e+00 1.000000000000000000e+02
1.723744708063619790e-01 2.486342457070993994e+00 1.000000000000000000e+02
1.755856331414468730e-01 2.931470203921998419e+00 1.000000000000000000e+02
1.788566161883461958e-01 3.448190065783450997e+00 1.000000000000000000e+02
1.821885343465165230e-01 4.047183021308693007e+00 1.000000000000000000e+02
1.855825227755517060e-01 4.740922681890069157e+00 1.000000000000000000e+02
1.890397377819219571e-01 5.544116154514526329e+00 1.000000000000000995e+02
1.925613572129196704e-01 6.474271721852443484e+00 1.000000000000000995e+02
1.961485808579429280e-01 7.552465064015473573e+00 1.000000000000000000e+02
1.998026308572548593e-01 8.804361164687721342e+00 1.000000000000000995e+02
2.035247521183575770e-01 1.026075038873419842e+01 1.000000000000000000e+02
2.073162127401229071e-01 1.195487616926038221e+01 1.000000000000000000e+02
2.111783044448242164e-01 1.392391876659403316e+01 1.000000000000000000e+02
2.151123430182164953e-01 1.621038361035558850e+01 9.999999999999994316e+01
2.191196687578147451e-01 1.886273900578360241e+01 9.999999999999994316e+01
2.232016469295232397e-01 2.193610037883710007e+01 1.000000000000000000e+02
2.273596682327715113e-01 2.549295752598385434e+01 1.000000000000000000e+02
2.315951492743152096e-01 2.960393911373315490e+01 1.000000000000000995e+02
2.359095330508633737e-01 3.434860623555542247e+01 1.000000000000000995e+02
2.403042894406967056e-01 3.981626407043997062e+01 9.999999999999994316e+01
2.447809157044440187e-01 4.610677763913396632e+01 1.000000000000000000e+02
2.493409369951877785e-01 5.333137439382646505e+01 1.000000000000000000e+02
2.539859068780723761e-01 6.161395466350936800e+01 9.999999999999990052e+01
2.587174078595921300e-01 7.109563246551506666e+01 1.000000000000000995e+02
2.635370519267393186e-01 8.193630036102022984e+01 9.999999999999994316e+01
2.684464810961962322e-01 9.431619327213020654e+01 9.999999999999990052e+01
2.734473679737579599e-01 1.084388453545860074e+02 1.000000000000000995e+02
2.785414163241766161e-01 1.245346832456683472e+02 1.000000000000000000e+02
2.837303616516211324e-01 1.428654325142990160e+02 1.000000000000000000e+02
2.890159717909508430e-01 1.637295685534366783e+02 1.000000000000000000e+02
2.944000475100033709e-01 1.874691109320146154e+02 1.000000000000000000e+02
2.998844231231027613e-01 2.144781486298778646e+02 9.999999999999994316e+01
3.054709671159968054e-01 2.452054789569209277e+02 9.999999999999994316e+01
3.111615827824359970e-01 2.801300740315265898e+02 9.999999999999994316e+01
3.169582088726115021e-01 3.197756765223970774e+02 9.999999999999994316e+01
3.228628202536730218e-01 3.647216099725790173e+02 9.999999999999994316e+01
3.288774285825510346e-01 4.156070785593954042e+02 1.000000000000000000e+02
3.350040829913132900e-01 4.731356142786897294e+02 9.999999999999994316e+01
3.412448707852889229e-01 5.380796823154774984e+02 1.000000000000000000e+02
3.476019181541977754e-01 6.112854710132977516e+02 1.000000000000000000e+02
3.540773908965269556e-01 6.936802659332105350e+02 9.999999999999994316e+01
3.606734951574028236e-01 7.863138298474906378e+02 1.000000000000000995e+02
3.673924781802074269e-01 8.903828469982020124e+02 1.000000000000000995e+02
3.742366290721980682e-01 1.007237609445381509e+03 1.000000000000000995e+02
3.812082795843887983e-01 1.138409955354846716e+03 1.000000000000000995e+02
3.883098049059605095e-01 1.285648956461978969e+03 1.000000000000000995e+02
3.955436244734701345e-01 1.450965985702905527e+03 1.000000000000000995e+02
4.029122027951347884e-01 1.636686866181519008e+03 1.000000000000000995e+02
4.104180502904709038e-01 1.845293837473754593e+03 9.999999999999994316e+01
4.180637241455757991e-01 2.079245130347224858e+03 1.000000000000000000e+02
4.258518291843414461e-01 2.341135646117953456e+03 1.000000000000000995e+02
4.337850187558989212e-01 2.633692323807611047e+03 1.000000000000000000e+02
4.418659956385941334e-01 2.959743628318416995e+03 1.000000000000000000e+02
4.500975129608046355e-01 3.322176746132206063e+03 1.000000000000000995e+02
4.584823751389096036e-01 3.724056206159675639e+03 1.000000000000000000e+02
4.670234388327330621e-01 4.169262046254421875e+03 9.999999999999994316e+01
4.757236139187884794e-01 4.662335249616096917e+03 9.999999999999994316e+01
4.845858644816490868e-01 5.208480129222419237e+03 1.000000000000000000e+02
4.936132098237911991e-01 5.813725196051973398e+03 1.000000000000000000e+02
5.028087254942474882e-01 6.485120448673199462e+03 1.000000000000000000e+02
5.121755443364236493e-01 7.230282429623913231e+03 1.000000000000000000e+02
5.217168575554343990e-01 8.056641077141701317e+03 1.000000000000000000e+02
5.314359158053235666e-01 8.972143795938067342e+03 1.000000000000000000e+02
5.413360302965375404e-01 9.985379460152998945e+03 1.000000000000000000e+02
5.514205739240296555e-01 1.110561619628676999e+04 9.999999999999994316e+01
5.616929824163804374e-01 1.234284182765514015e+04 9.999999999999994316e+01
5.721567555063246102e-01 1.370780797335831812e+04 1.000000000000000000e+02
5.828154581230839959e-01 1.521207915382883220e+04 1.000000000000000000e+02
5.936727216069119795e-01 1.686808869995187706e+04 9.999999999999994316e+01
6.047322449462643190e-01 1.868920430184984070e+04 1.000000000000000000e+02
6.159977960380161877e-01 2.068982384975303648e+04 9.999999999999990052e+01
6.274732129711574347e-01 2.288548624384781942e+04 9.999999999999994316e+01
6.391624053343999412e-01 2.529297875943739564e+04 9.999999999999994316e+01
6.510693555481454897e-01 2.793048578477588671e+04 1.000000000000000000e+02
6.631981202212668958e-01 3.081777490115326873e+04 9.999999999999994316e+01
6.755528315331639222e-01 3.397642877698798839e+04 9.999999999999994316e+01
6.881376986415662644e-01 3.743013459203586535e+04 9.999999999999990052e+01
7.009570091165617800e-01 4.120504515697928582e+04 1.000000000000000995e+02
7.140151304013395706e-01 4.532944487272318656e+04 1.000000000000000000e+02
7.273165113001454074e-01 4.983184123279963387e+04 1.000000000000000995e+02
7.408656834939559843e-01 5.474226287348467304e+04 1.000000000000000995e+02
7.546672630843886953e-01 6.009282237803726457e+04 1.000000000000001990e+02
7.687259521663728501e-01 6.591792528941659839e+04 1.000000000000000995e+02
7.830465404301183430e-01 7.225453010218440613e+04 1.000000000000000995e+02
7.976339067929273385e-01 7.914247289178357460e+04 1.000000000000000995e+02
8.124930210614047521e-01 8.662459262714366196e+04 1.000000000000000995e+02
8.276289456246344045e-01 9.474532189017275232e+04 9.999999999999994316e+01
8.430468371788967241e-01 1.035513899144783645e+05 1.000000000000000000e+02
8.587519484845170803e-01 1.130927281363787479e+05 9.999999999999994316e+01
8.747496301554414933e-01 1.234228886230737698e+05 1.000000000000000000e+02
8.910453324821513421e-01 1.345995703225687030e+05 9.999999999999994316e+01
9.076446072885356875e-01 1.466851893399774854e+05 9.999999999999990052e+01
9.245531098233570333e-01 1.597448393005934777e+05 9.999999999999990052e+01
9.417766006869519035e-01 1.738452042207566556e+05 9.999999999999994316e+01
9.593209477938241525e-01 1.890571477326814202e+05 1.000000000000000000e+02
9.771921283717996953e-01 2.054564483259675326e+05 1.000000000000000000e+02
9.953962309984233370e-01 2.231245595449808461e+05 9.999999999999994316e+01
1.013939457675291811e+00 2.421487458237757382e+05 1.000000000000000995e+02
1.032828125941028574e+00 2.626157375024672947e+05 1.000000000000000000e+02
1.052068671023622892e+00 2.846128777415873483e+05 1.000000000000000000e+02
1.071667648032863296e+00 3.082313305506465258e+05 1.000000000000000000e+02
1.091631734193614811e+00 3.335665045049529872e+05 1.000000000000000995e+02
1.111967731120699021e+00 3.607185934655034216e+05 1.000000000000000000e+02
1.132682567136153784e+00 3.897932990850610659e+05 1.000000000000000995e+02
1.153783299629660863e+00 4.209027793266016524e+05 1.000000000000000995e+02
1.175277117462945276e+00 4.541668751065236866e+05 1.000000000000000995e+02
1.197171343418965694e+00 4.897146764361743699e+05 1.000000000000000995e+02
1.219473436696737023e+00 5.276865004436324816e+05 1.000000000000000000e+02
1.242190995452616242e+00 5.682363669201388257e+05 1.000000000000000000e+02
1.265331759388941713e+00 6.115332554756359896e+05 1.000000000000000995e+02
1.288903612390891462e+00 6.577420474831664469e+05 1.000000000000000995e+02
1.312914585212463958e+00 7.070244926582351327e+05 1.000000000000000995e+02
1.337372858212495075e+00 7.595518755381396040e+05 1.000000000000000000e+02
1.362286764141645401e+00 8.155070267619622173e+05 1.000000000000000995e+02
1.387664790981307128e+00 8.750865800830706721e+05 9.999999999999994316e+01
1.413515584835394190e+00 9.385037949002252426e+05 1.000000000000000000e+02
1.439847952876006643e+00 1.005992058188728988e+06 1.000000000000000000e+02
1.466670866343967150e+00 1.077809200673518702e+06 1.000000000000000000e+02
1.493993463605256311e+00 1.154242787837839918e+06 1.000000000000000000e+02
1.521825053264385552e+00 1.235603359503494576e+06 1.000000000000000995e+02
1.550175117335768737e+00 1.322126507607574575e+06 1.000000000000000995e+02
1.579053314474174297e+00 1.413990548794994364e+06 1.000000000000000995e+02
1.608469483265355215e+00 1.511350642516813939e+06 1.000000000000000995e+02
1.638433645577983100e+00 1.614332603153581033e+06 1.000000000000000995e+02
1.668956009978023181e+00 1.723025634951798944e+06 1.000000000000000000e+02
1.700046975206716438e+00 1.837474228631548816e+06 1.000000000000000995e+02
1.731717133723352786e+00 1.957669222084328067e+06 1.000000000000000000e+02
1.763977275314043469e+00 2.083542792902408168e+06 9.999999999999994316e+01
1.796838390767719229e+00 2.215123831537791062e+06 1.000000000000000000e+02
1.830311675620611256e+00 2.352641145636590663e+06 9.999999999999994316e+01
1.864408533970485227e+00 2.496397887844369281e+06 1.000000000000000000e+02
1.899140582361933616e+00 2.646779846990711056e+06 1.000000000000000000e+02
1.934519653744044332e+00 2.804277114653265104e+06 1.000000000000000000e+02
1.970557801501798378e+00 2.969509804031408858e+06 1.000000000000000995e+02
2.007267303562568106e+00 3.143257758397263009e+06 1.000000000000000000e+02
2.044660666579115826e+00 3.326282032183214556e+06 1.000000000000000000e+02
2.082750630190514318e+00 3.518979902282855939e+06 1.000000000000000000e+02
2.121550171362450055e+00 3.721685094574707560e+06 1.000000000000000995e+02
2.161072508808376647e+00 3.934721335519270040e+06 1.000000000000000000e+02
2.201331107493030181e+00 4.158399607485681307e+06 9.999999999999994316e+01
2.242339683219845003e+00 4.393015296948094852e+06 1.000000000000000000e+02
2.284112207303823361e+00 4.638845274657719769e+06 1.000000000000000000e+02
2.326662911331458083e+00 4.896144956172876991e+06 9.999999999999994316e+01
2.370006292009327886e+00 5.165145401201001368e+06 1.000000000000000000e+02
2.414157116103017753e+00 5.446050520993127488e+06 1.000000000000000000e+02
2.459130425468043946e+00 5.739034474430062808e+06 9.999999999999994316e+01
2.504941542174502267e+00 6.044239370736128651e+06 1.000000000000000000e+02
2.551606073727183954e+00 6.361803682813088410e+06 1.000000000000000000e+02
2.599139918382932901e+00 6.691935973351815715e+06 1.000000000000000000e+02
2.647559270567066747e+00 7.034869968350245617e+06 1.000000000000000000e+02
2.696880626390692370e+00 7.390859522564778104e+06 1.000000000000000000e+02
2.747120789270811603e+00 7.760189234044091776e+06 1.000000000000000000e+02
2.798296875655115645e+00 8.143187325900923461e+06 1.000000000000000000e+02
2.850426320853434614e+00 8.540241103400057182e+06 1.000000000000000000e+02
2.903526884977813971e+00 8.951815336246162653e+06 1.000000000000000995e+02
2.957616658993253544e+00 9.378473968862017617e+06 1.000000000000000000e+02
3.012714070881164385e+00 9.820904285002868623e+06 1.000000000000000000e+02
3.068837891917642224e+00 1.027973016004169732e+07 1.000000000000000000e+02
3.126007243068700259e+00 1.075521693721146509e+07 1.000000000000000995e+02
3.184241601504649744e+00 1.124757254730691575e+07 1.000000000000000000e+02
3.243560807235807975e+00 1.175699992589754798e+07 1.000000000000000995e+02
3.303985069871854918e+00 1.228370337478013523e+07 1.000000000000000000e+02
3.365534975507090909e+00 1.282789664034300856e+07 1.000000000000000000e+02
3.428231493733967294e+00 1.338981294537578337e+07 1.000000000000000000e+02
3.492095984787267682e+00 1.396971723343113251e+07 1.000000000000000000e+02
3.557150206821382277e+00 1.456789839611429907e+07 1.000000000000000000e+02
3.623416323323146226e+00 1.518456306094978563e+07 1.000000000000000000e+02
3.690916910662774608e+00 1.581990135569281317e+07 1.000000000000000000e+02
3.759674965785463563e+00 1.647414194331338443e+07 1.000000000000000995e+02
3.829713914046277257e+00 1.714756918343687057e+07 1.000000000000001990e+02
3.901057617190989202e+00 1.784054333713276312e+07 1.000000000000000995e+02
3.973730381485604202e+00 1.855352424661876634e+07 1.000000000000000995e+02
4.047756965997318268e+00 1.928706556361874565e+07 1.000000000000000000e+02
4.123162591029748469e+00 2.004141904120817408e+07 1.000000000000000000e+02
4.199972946715301525e+00 2.081656720318920538e+07 1.000000000000000000e+02
4.278214201767612579e+00 2.161247954361641407e+07 1.000000000000000000e+02
4.357913012397025554e+00 2.242912852137648314e+07 1.000000000000000000e+02
4.439096531392166867e+00 2.326650256068754941e+07 1.000000000000000000e+02
4.521792417370697592e+00 2.412462166691188142e+07 1.000000000000000000e+02
4.606028844202397998e+00 2.500355594924909994e+07 1.000000000000000000e+02
4.691834510607794329e+00 2.590344736780299991e+07 9.999999999999994316e+01
4.779238649935595440e+00 2.682453505412098020e+07 9.999999999999994316e+01
4.868271040122278848e+00 2.776718459372997284e+07 9.999999999999994316e+01
4.958962013837211913e+00 2.873192170916333795e+07 9.999999999999994316e+01
5.051342468816761411e+00 2.971943807956444845e+07 1.000000000000000000e+02
5.145443878390924652e+00 3.073002903047193959e+07 1.000000000000000000e+02
5.241298302206056192e+00 3.176353161910813302e+07 9.999999999999994316e+01
5.338938397147350301e+00 3.281977355324653164e+07 1.000000000000000995e+02
5.438397428464796235e+00 3.389860464592514932e+07 1.000000000000000000e+02
5.539709281106400596e+00 3.499991489776442945e+07 1.000000000000000000e+02
5.642908471262536807e+00 3.612365567416928709e+07 1.000000000000000000e+02
5.748030158125351008e+00 3.726986429296363145e+07 1.000000000000000000e+02
5.855110155867238042e+00 3.843869236800811440e+07 9.999999999999994316e+01
5.964184945842459840e+00 3.963043829169847071e+07 1.000000000000000000e+02
6.075291689016070862e+00 4.084553216357081383e+07 1.000000000000000000e+02
6.188468238624382778e+00 4.208399619356284291e+07 1.000000000000000995e+02
6.303753153071275150e+00 4.334555064000960439e+07 9.999999999999994316e+01
6.421185709064758385e+00 4.462995576312062889e+07 1.000000000000000995e+02
6.540805914998252923e+00 4.593704005071780086e+07 1.000000000000000995e+02
6.662654524581149929e+00 4.726672648368556052e+07 1.000000000000000000e+02
6.786773050723295064e+00 4.861906261957693845e+07 1.000000000000000000e+02
6.913203779678127603e+00 4.999425486410596222e+07 1.000000000000000000e+02
7.041989785449288775e+00 5.139270112292968482e+07 1.000000000000000995e+02
7.173174944465612768e+00 5.281461737247613817e+07 1.000000000000000995e+02
7.306803950529499936e+00 5.425970526771027595e+07 1.000000000000000995e+02
7.442922330043757917e+00 5.572767801676668972e+07 1.000000000000000995e+02
7.581576457522110069e+00 5.721833965554955602e+07 1.000000000000000995e+02
7.722813571388642551e+00 5.873161454685715586e+07 1.000000000000000995e+02
7.866681790071582192e+00 6.026758089765457064e+07 1.000000000000000000e+02
8.013230128396878982e+00 6.182650853314840794e+07 1.000000000000000000e+02
8.162508514287219796e+00 6.340863301382440329e+07 1.000000000000000000e+02
8.314567805772055564e+00 6.501354601019703597e+07 1.000000000000000995e+02
8.469459808314576676e+00 6.664074748475252092e+07 1.000000000000000995e+02
8.627237292461440887e+00 6.828981109641037881e+07 1.000000000000000000e+02
8.787954011821311084e+00 6.996041168228119612e+07 1.000000000000000000e+02
8.951664721378293166e+00 7.165235645938944817e+07 1.000000000000000995e+02
9.118425196146562328e+00 7.336562027702894807e+07 1.000000000000000000e+02
9.288292250172489162e+00 7.510038528533342481e+07 1.000000000000000995e+02
9.461323755890759912e+00 7.685708542973338068e+07 1.000000000000000000e+02
9.637578663841079418e+00 7.863645623704364896e+07 1.000000000000000000e+02
9.817117022752183786e+00 8.043959043024937809e+07 1.000000000000000000e+02
1.000000000000000000e+01 8.226799999999994040e+07 1.000000000000000000e+02
