# Source: PRIMAT compilation, https://doi.org/10.1016/j.physrep.2018.04.005
1.000000000000000021e-03 1.000000000000000008e-35 1.000000000000000000e+02
1.018628990244687619e-03 1.005870558902591892e-35 1.000000000000000000e+02
1.037605019766911670e-03 1.012138009901848867e-35 1.000000000000000995e+02
1.056934553557988335e-03 1.018826531167855736e-35 1.000000000000000000e+02
1.076624177045493267e-03 1.025962027044116389e-35 1.000000000000000000e+02
1.096680598336868600e-03 1.033572279602668622e-35 1.000000000000000000e+02
1.117110650504824203e-03 1.041687115991375424e-35 1.000000000000000000e+02
1.137921293915315117e-03 1.050338593456140620e-35 1.000000000000000000e+02
1.159119618598885779e-03 1.059561204173430817e-35 1.000000000000000000e+02
1.180712846666190276e-03 1.069392102317683341e-35 1.000000000000000995e+02
1.202708334768511989e-03 1.079871356121296229e-35 1.000000000000000995e+02
1.225113576604118949e-03 1.091042228069440001e-35 1.000000000000000995e+02
1.247936205471311460e-03 1.102951486814490362e-35 1.000000000000000000e+02
1.271183996869028896e-03 1.115649754908542274e-35 1.000000000000001990e+02
1.294864871145904933e-03 1.129191897046445567e-35 1.000000000000000995e+02
1.318986896198670470e-03 1.143637454200837786e-35 1.000000000000001990e+02
1.343558290220826226e-03 1.159051129835088808e-35 1.000000000000000995e+02
1.368587424502519176e-03 1.175503335312570636e-35 1.000000000000000995e+02
1.394082826282578647e-03 1.193070802715559165e-35 1.000000000000000995e+02
1.420053181653683095e-03 1.211837274562437855e-35 1.000000000000000995e+02
1.446507338521647217e-03 1.231894281411607891e-35 1.000000000000000995e+02
1.473454309619835756e-03 1.253342020100984413e-35 1.000000000000000995e+02
1.500903275579736594e-03 1.276290347444701228e-35 1.000000000000000995e+02
1.528863588058731147e-03 1.300859906656896175e-35 1.000000000000000000e+02
1.557344772926135207e-03 1.327183406665298583e-35 1.000000000000000995e+02
1.586356533508589657e-03 1.355407077913170748e-35 1.000000000000000995e+02
1.615908753895919101e-03 1.385692332323598725e-35 1.000000000000000995e+02
1.646011502308549748e-03 1.418217659965655358e-35 1.000000000000000995e+02
1.676675034527699143e-03 1.453180800764305053e-35 1.000000000000000995e+02
1.707909797389426916e-03 1.490801236552864439e-35 1.000000000000001990e+02
1.739726432343800767e-03 1.531323057113108260e-35 1.000000000000000000e+02
1.772135779080358372e-03 1.575018263902676793e-35 1.000000000000000995e+02
1.805148879221108154e-03 1.622190587303847642e-35 1.000000000000000995e+02
1.838776980082326793e-03 1.673179907922606638e-35 1.000000000000000000e+02
1.873031538506436536e-03 1.728367390307598210e-35 1.000000000000001990e+02
1.907924224765265072e-03 1.788181459190728520e-35 1.000000000000000995e+02
1.943466926536020246e-03 1.853104774894029958e-35 1.000000000000000995e+02
1.979671752951332481e-03 1.923682397083847788e-35 1.000000000000000995e+02
2.016551038724746607e-03 2.000531366046195747e-35 1.000000000000000000e+02
2.054117348353064112e-03 2.084351979997117397e-35 1.000000000000001990e+02
2.092383480396977150e-03 2.175941108008335340e-35 1.000000000000000995e+02
2.131362471841437810e-03 2.276207953978258167e-35 1.000000000000000995e+02
2.171067602537264923e-03 2.386192781630304345e-35 1.000000000000000995e+02
2.211512399725488933e-03 2.507089228817072830e-35 1.000000000000000000e+02
2.252710642645980484e-03 2.640270987981814864e-35 1.000000000000000000e+02
2.294676367231936100e-03 2.787323816952280364e-35 1.000000000000000995e+02
2.337423870891814758e-03 2.950084081371930179e-35 1.000000000000000995e+02
2.380967717380358135e-03 3.130685331495772253e-35 1.000000000000000000e+02
2.425322741760352948e-03 3.331614800856525466e-35 1.000000000000000000e+02
2.470504055456825433e-03 3.555782207636165466e-35 1.000000000000000000e+02
2.516527051405391836e-03 3.806603874938736799e-35 1.000000000000000995e+02
2.563407409296514835e-03 4.088106008246451000e-35 1.000000000000000000e+02
2.611161100917459583e-03 4.405052037096020514e-35 1.000000000000000000e+02
2.659804395593758260e-03 4.763100324319193131e-35 1.000000000000000995e+02
2.709353865732051433e-03 5.169000379672147993e-35 1.000000000000000000e+02
2.759826392466180594e-03 5.630838134814308955e-35 1.000000000000000995e+02
2.811239171408464344e-03 6.158344048339517902e-35 1.000000000000000000e+02
2.863609718508115885e-03 6.763282095519003064e-35 1.000000000000000000e+02
2.916955876018795853e-03 7.459943449734747761e-35 9.999999999999994316e+01
2.971295818577334054e-03 8.265776428626821491e-35 1.000000000000000000e+02
3.026648059395692196e-03 9.202173914508155661e-35 1.000000000000000995e+02
3.083031456568277075e-03 1.029491342632772696e-34 1.000000000000000000e+02
3.140465219496752208e-03 1.157498818485302576e-34 9.999999999999994316e+01
3.198968915434537586e-03 1.308039480395524897e-34 9.999999999999994316e+01
3.258562476153226226e-03 1.485792262906522709e-34 1.000000000000000000e+02
3.319266204733189573e-03 1.696540074133506129e-34 1.000000000000000995e+02
3.381100782480685445e-03 1.947456572448943269e-34 1.000000000000000000e+02
3.444087275973823411e-03 2.247473226000662308e-34 9.999999999999994316e+01
3.508247144239792347e-03 2.607750434472975309e-34 1.000000000000000000e+02
3.573602246065788347e-03 3.042283812362694882e-34 9.999999999999994316e+01
3.640174847446141400e-03 3.568686347203080929e-34 9.999999999999994316e+01
3.707987629168172684e-03 4.209199766577785239e-34 1.000000000000000000e+02
3.777063694539364597e-03 4.992004994700579647e-34 1.000000000000000000e+02
3.847426577258505898e-03 5.952923232474849483e-34 9.999999999999994316e+01
3.919100249433401899e-03 7.137627449908716385e-34 1.000000000000000995e+02
3.992109129748053209e-03 8.604520805288543071e-34 1.000000000000000995e+02
4.066478091781853925e-03 1.042995776994438566e-33 1.000000000000000000e+02
4.142232472483897525e-03 1.272334374670288749e-33 1.000000000000000000e+02
4.219398080805024202e-03 1.563948638442471229e-33 1.000000000000000995e+02
4.298001206490798497e-03 1.939722624272067868e-33 1.000000000000000995e+02
4.378068629038166758e-03 2.431105525713010260e-33 1.000000000000000995e+02
4.459627626819095622e-03 3.084098188462174750e-33 1.000000000000000995e+02
4.542705986374042521e-03 3.967278204393048562e-33 1.000000000000000995e+02
4.627332011878692967e-03 5.184999272860994140e-33 1.000000000000000995e+02
4.713534534786906725e-03 6.899613310705449330e-33 1.000000000000000995e+02
4.801342923653449841e-03 9.369831345135884692e-33 1.000000000000000000e+02
4.890787094139589959e-03 1.301874920223073133e-32 1.000000000000000000e+02
4.981897519205159656e-03 1.855801931804071818e-32 1.000000000000000000e+02
5.074705239490466188e-03 2.721173652385076389e-32 1.000000000000000000e+02
5.169241873891598608e-03 4.104675869755277719e-32 1.000000000000000000e+02
5.265539630332755246e-03 6.361408470830927008e-32 1.000000000000000000e+02
5.363631316739239652e-03 1.011410915850272904e-31 1.000000000000000995e+02
5.463550352214875498e-03 1.646787480816056545e-31 1.000000000000000995e+02
5.565330778427646403e-03 2.740289476648654438e-31 1.000000000000000000e+02
5.669007271207434327e-03 4.649273120948808268e-31 1.000000000000000000e+02
5.774615152359819509e-03 8.021219443333715950e-31 1.000000000000000000e+02
5.882190401699956099e-03 1.402955060069285446e-30 1.000000000000000000e+02
5.991769669310619169e-03 2.479179732270559924e-30 1.000000000000000000e+02
6.103390288028621123e-03 4.412415628568988842e-30 1.000000000000000995e+02
6.217090286163826779e-03 7.911124581002895349e-30 1.000000000000000000e+02
6.332908400455114321e-03 1.430890030764248203e-29 1.000000000000000000e+02
6.450884089267692675e-03 2.614931916280638256e-29 1.000000000000000000e+02
6.571057546036270826e-03 4.836739270313486217e-29 1.000000000000000000e+02
6.693469712958660493e-03 9.072209500884266177e-29 1.000000000000000000e+02
6.818162294944479437e-03 1.729240639223614652e-28 1.000000000000000995e+02
6.945177773823696388e-03 3.357252659577326562e-28 1.000000000000000000e+02
7.074559422819878297e-03 6.655039364401441654e-28 1.000000000000000995e+02
7.206351321293052656e-03 1.347893152678088040e-27 1.000000000000000000e+02
7.340598369757212090e-03 2.786687557404289351e-27 1.000000000000000000e+02
7.477346305177588227e-03 5.874158701558347246e-27 1.000000000000000000e+02
7.616641716552892058e-03 1.260795616080918619e-26 9.999999999999990052e+01
7.758532060787835978e-03 2.751161505423331820e-26 1.000000000000000995e+02
7.903065678861348128e-03 6.092523449681997755e-26 1.000000000000000000e+02
8.050291812295981564e-03 1.366625418448455611e-25 1.000000000000000995e+02
8.200260619934130954e-03 3.108943214216780835e-25 9.999999999999994316e+01
8.353023195026778799e-03 7.221167127087446927e-25 1.000000000000000995e+02
8.508631582640582489e-03 1.726137818671962242e-24 1.000000000000000995e+02
8.667138797389234081e-03 4.283785296704800745e-24 1.000000000000000995e+02
8.828598841495149604e-03 1.114479147999602735e-23 1.000000000000000000e+02
8.993066723187623582e-03 3.072160052916664043e-23 1.000000000000000000e+02
9.160598475443709407e-03 9.021112036164520329e-23 1.000000000000000000e+02
9.331251175078249249e-03 2.754618187252185496e-22 1.000000000000000000e+02
9.505082962189511861e-03 8.439990815850107221e-22 1.000000000000000000e+02
9.682153059967075343e-03 2.493407458440793604e-21 9.999999999999994316e+01
9.862521794868784469e-03 6.794562894376972353e-21 9.999999999999994316e+01
1.004625061717340749e-02 1.626281428656766361e-20 9.999999999999994316e+01
1.023340212191641702e-02 3.333388323087117191e-20 9.999999999999994316e+01
1.042404007021556327e-02 6.027724089766451604e-20 9.999999999999990052e+01
1.061822941099384125e-02 1.001394445184776781e-19 9.999999999999994316e+01
1.081603630310709954e-02 1.599800509175400317e-19 9.999999999999984368e+01
1.101752813788386791e-02 2.586746674411306629e-19 1.000000000000000995e+02
1.122277356208507652e-02 4.412061401566949403e-19 1.000000000000000000e+02
1.143184250129149725e-02 7.906430402042042215e-19 9.999999999999994316e+01
1.164480618372686072e-02 1.467010681980827753e-18 9.999999999999990052e+01
1.186173716452478509e-02 2.772496693013315027e-18 1.000000000000000000e+02
1.208270935044776506e-02 5.240865608732421261e-18 9.999999999999990052e+01
1.230779802506665188e-02 9.810233864013843695e-18 1.000000000000000000e+02
1.253707987440920262e-02 1.825034179190338677e-17 9.999999999999994316e+01
1.277063301308643990e-02 3.391911030410268478e-17 1.000000000000000000e+02
1.300853701090571267e-02 6.334962073979477091e-17 9.999999999999994316e+01
1.325087291997953214e-02 1.194847241741965248e-16 1.000000000000000000e+02
1.349772330233941706e-02 2.274794615826059433e-16 1.000000000000000000e+02
1.374917225806419029e-02 4.363122388293087475e-16 9.999999999999994316e+01
1.400530545393219653e-02 8.412837192115269738e-16 1.000000000000000000e+02
1.426621015260736910e-02 1.627641779480418177e-15 1.000000000000000000e+02
1.453197524236895383e-02 3.159398609473525943e-15 9.999999999999994316e+01
1.480269126739508674e-02 6.155277406692561595e-15 1.000000000000000000e+02
1.507845045861051086e-02 1.204149029629953859e-14 9.999999999999994316e+01
1.535934676510897039e-02 2.365833967047115609e-14 1.000000000000000995e+02
1.564547588616095955e-02 4.666656127593345252e-14 1.000000000000000995e+02
1.593693530381774456e-02 9.237435989593163852e-14 1.000000000000000000e+02
1.623382431612278159e-02 1.834081069969235857e-13 1.000000000000000000e+02
1.653624407094180307e-02 3.651304290526971681e-13 1.000000000000000000e+02
1.684429760042315330e-02 7.286159667440494265e-13 9.999999999999994316e+01
1.715808985610004986e-02 1.456869896314423447e-12 1.000000000000000995e+02
1.747772774464680795e-02 2.917800218246604730e-12 1.000000000000000000e+02
1.780332016430113962e-02 5.851064766879374299e-12 1.000000000000000000e+02
1.813497804196495186e-02 1.174305870920292019e-11 1.000000000000000000e+02
1.847281437099634188e-02 2.357869860901112070e-11 1.000000000000000000e+02
1.881694424970555696e-02 4.734608926543686340e-11 1.000000000000000000e+02
1.916748492056815148e-02 9.503883719728285686e-11 1.000000000000000000e+02
1.952455581016860828e-02 1.906295725587887865e-10 1.000000000000000000e+02
1.988827856988809734e-02 3.819119500026657226e-10 1.000000000000000995e+02
2.025877711735016989e-02 7.638671677285314089e-10 1.000000000000000995e+02
2.063617767863858837e-02 1.524333084625029143e-09 1.000000000000000000e+02
2.102060883130158278e-02 3.032635980532175192e-09 1.000000000000000000e+02
2.141220154815729262e-02 6.010188852895112653e-09 1.000000000000000000e+02
2.181108924191518805e-02 1.185522615597634294e-08 1.000000000000000995e+02
2.221740781062883641e-02 2.325348701643923155e-08 1.000000000000000000e+02
2.263129568399528321e-02 4.531065552003577913e-08 1.000000000000000000e+02
2.305289387051707301e-02 8.761885990038774120e-08 1.000000000000000000e+02
2.348234600554275145e-02 1.679588393259156997e-07 1.000000000000000000e+02
2.391979840020238418e-02 3.187936613879379699e-07 1.000000000000000000e+02
2.436540009125464853e-02 5.983846877977021692e-07 9.999999999999990052e+01
2.481930289186254010e-02 1.109289473952992477e-06 1.000000000000000000e+02
2.528166144331499277e-02 2.028227180745215602e-06 1.000000000000000000e+02
2.575263326771199887e-02 3.654711698399978493e-06 9.999999999999994316e+01
2.623237882163122203e-02 6.488189031125474913e-06 1.000000000000000000e+02
2.672106155079433804e-02 1.134547216807296330e-05 9.999999999999994316e+01
2.721884794575178332e-02 1.953748968441993859e-05 9.999999999999990052e+01
2.772590759860482645e-02 3.312888370718950924e-05 9.999999999999990052e+01
2.824241326078434297e-02 5.531091359367020188e-05 9.999999999999994316e+01
2.876854090190592711e-02 9.092590866805932211e-05 9.999999999999990052e+01
2.930446976972142861e-02 1.471906589861463911e-04 9.999999999999984368e+01
2.985038245118730796e-02 2.346775901925086645e-04 9.999999999999994316e+01
3.040646493467067182e-02 3.685363749561574144e-04 9.999999999999994316e+01
3.097290667331408301e-02 5.687480162097740795e-04 9.999999999999990052e+01
3.154990064958086704e-02 8.592946901857517880e-04 9.999999999999994316e+01
3.213764344100276948e-02 1.265737829453533921e-03 9.999999999999994316e+01
3.273633528715245988e-02 1.809509628115482747e-03 9.999999999999994316e+01
3.334618015786364187e-02 2.498374576633546288e-03 9.999999999999994316e+01
3.396738582272208068e-02 3.313701469255894184e-03 1.000000000000000000e+02
3.460016392185108480e-02 4.197692751188053864e-03 1.000000000000000000e+02
3.524473003801584237e-02 5.046849261320174654e-03 1.000000000000000000e+02
3.590130377007068330e-02 5.719885753354261859e-03 1.000000000000000000e+02
3.657010880777489259e-02 6.066173550017341792e-03 9.999999999999994316e+01
3.725137300800209633e-02 5.972378892818468871e-03 1.000000000000000000e+02
3.794532847236938011e-02 5.411942426347073412e-03 1.000000000000000000e+02
3.865221162631261864e-02 4.472035602855140013e-03 9.999999999999994316e+01
3.937226329963479377e-02 3.336269768870022984e-03 1.000000000000000000e+02
4.010572880855495931e-02 2.223037152944932083e-03 1.000000000000000000e+02
4.085285803928561527e-02 1.315804128888248010e-03 1.000000000000000995e+02
4.161390553316707264e-02 6.993936670130751748e-04 9.999999999999994316e+01
4.238913057338778573e-02 3.389916986676734328e-04 1.000000000000000000e+02
4.317879727332021161e-02 1.524650235109397615e-04 1.000000000000000000e+02
4.398317466650223523e-02 6.490003177002597360e-05 1.000000000000000000e+02
4.480253679829489938e-02 2.673486667055743158e-05 1.000000000000000000e+02
4.563716281924758839e-02 1.092716954409117274e-05 9.999999999999994316e+01
4.648733708020256344e-02 4.556583325626763823e-06 1.000000000000000000e+02
4.735334922917116413e-02 1.999614284035474189e-06 1.000000000000000995e+02
4.823549431001467047e-02 9.558220064085964277e-07 1.000000000000000000e+02
4.913407286296361809e-02 5.169759401010508756e-07 1.000000000000000000e+02
5.004939102700953213e-02 3.299716354586100390e-07 1.000000000000000000e+02
5.098176064420424647e-02 2.570729779539327514e-07 1.000000000000000000e+02
5.193149936590212012e-02 2.427718964740543684e-07 1.000000000000000995e+02
5.289893076098151070e-02 2.729216790656806691e-07 1.000000000000000995e+02
5.388438442608223938e-02 3.576764607477659075e-07 1.000000000000000000e+02
5.488819609789671872e-02 5.335141443963591299e-07 1.000000000000000000e+02
5.591070776755290017e-02 8.813722864847603350e-07 1.000000000000000000e+02
5.695226779712821846e-02 1.563616276601815545e-06 1.000000000000000000e+02
5.801323103833375128e-02 2.877233393799314568e-06 1.000000000000000995e+02
5.909395895340967958e-02 5.281920312971292024e-06 1.000000000000000000e+02
6.019481973827271043e-02 9.262660302638935214e-06 9.999999999999990052e+01
6.131618844795772016e-02 1.501952960917011903e-05 9.999999999999994316e+01
6.245844712439614643e-02 2.257495846444678781e-05 1.000000000000000000e+02
6.362198492657485105e-02 3.173225451548784831e-05 9.999999999999994316e+01
6.480719826311967524e-02 4.214097388756847605e-05 9.999999999999994316e+01
6.601449092734885948e-02 5.349161713162520773e-05 9.999999999999990052e+01
6.724427423484245769e-02 6.576058715397343872e-05 1.000000000000000000e+02
6.849696716357443760e-02 7.946843503225757815e-05 1.000000000000000000e+02
6.977299649665534564e-02 9.598673746414521015e-05 1.000000000000000000e+02
7.107279696773415034e-02 1.177954734617436399e-04 9.999999999999994316e+01
7.239681140910873836e-02 1.472281708283719904e-04 9.999999999999994316e+01
7.374549090259549522e-02 1.866272063339409547e-04 1.000000000000000000e+02
7.511929493320965157e-02 2.387884793785232643e-04 1.000000000000000000e+02
7.651869154570821452e-02 3.067501821799546637e-04 1.000000000000000000e+02
7.794415750404946885e-02 3.932725066282119963e-04 1.000000000000000000e+02
7.939617845382279659e-02 4.998591466581168161e-04 1.000000000000000000e+02
8.087524908770453436e-02 6.253566102439785937e-04 1.000000000000000995e+02
8.238187331399605962e-02 7.665870414932544679e-04 9.999999999999994316e+01
8.391656442830157381e-02 9.187320864433691850e-04 1.000000000000000995e+02
8.547984528840409102e-02 1.074023190437465181e-03 1.000000000000000000e+02
8.707224849239916797e-02 1.221711103100670904e-03 1.000000000000000000e+02
8.869431656014709064e-02 1.348685542032705686e-03 1.000000000000000000e+02
9.034660211810524588e-02 1.440877821871196446e-03 1.000000000000000995e+02
9.202966808760409956e-02 1.492080930893322074e-03 9.999999999999994316e+01
9.374408787662991127e-02 1.515773164124442759e-03 1.000000000000000000e+02
9.549044557518077125e-02 1.533291834283650405e-03 9.999999999999994316e+01
9.726933615426168467e-02 1.570369679526792753e-03 1.000000000000000000e+02
9.908136566858666283e-02 1.658936338741502040e-03 1.000000000000000000e+02
1.009271514630570854e-01 1.843942540418123119e-03 9.999999999999994316e+01
1.028073223830864719e-01 2.166826710026975317e-03 1.000000000000000995e+02
1.047225189888434382e-01 2.658107202939570795e-03 1.000000000000000995e+02
1.066733937734857113e-01 3.353102372315490236e-03 1.000000000000000000e+02
1.086606113854596822e-01 4.276523128709969722e-03 1.000000000000000000e+02
1.106848488549412035e-01 5.411812368509075037e-03 1.000000000000000000e+02
1.127467958244946084e-01 6.720156130468187168e-03 1.000000000000000000e+02
1.148471547840289042e-01 8.215073130228907339e-03 9.999999999999994316e+01
1.169866413101306873e-01 9.936583780092119941e-03 1.000000000000000000e+02
1.191659843098558796e-01 1.196006607282739179e-02 9.999999999999990052e+01
1.213859262690627772e-01 1.441209652516129563e-02 9.999999999999994316e+01
1.236472235053715091e-01 1.741797377435437208e-02 9.999999999999990052e+01
1.259506464258357550e-01 2.107682923123112631e-02 9.999999999999984368e+01
1.282969797894147612e-01 2.548518185784701823e-02 1.000000000000000000e+02
1.306870229743346268e-01 3.072480907248273385e-02 9.999999999999990052e+01
1.331215902504307713e-01 3.686501230766438958e-02 1.000000000000000000e+02
1.356015110565633452e-01 4.398099007409666389e-02 9.999999999999990052e+01
1.381276302832009362e-01 5.212656668187347353e-02 9.999999999999994316e+01
1.407008085602685088e-01 6.131851602478161772e-02 9.999999999999990052e+01
1.433219225503573890e-01 7.164176599349664221e-02 9.999999999999984368e+01
1.459918652473978506e-01 8.347080949467015898e-02 9.999999999999990052e+01
1.487115462808953625e-01 9.745741228097734576e-02 1.000000000000000000e+02
1.514818922258345801e-01 1.146230184003480257e-01 9.999999999999990052e+01
1.543038469183564687e-01 1.359491913708731625e-01 9.999999999999994316e+01
1.571783717773162781e-01 1.620724565108295490e-01 1.000000000000000000e+02
1.601064461318317811e-01 1.934655540998626855e-01 1.000000000000000000e+02
1.630890675549332702e-01 2.304488259453150722e-01 9.999999999999994316e+01
1.661272522034293042e-01 2.737490532295418499e-01 1.000000000000000000e+02
1.692220351641037235e-01 3.243129075961396213e-01 1.000000000000000000e+02
1.723744708063619790e-01 3.832182456415839655e-01 1.000000000000000000e+02
1.755856331414468730e-01 4.516968053422420470e-01 1.000000000000000000e+02
1.788566161883461958e-01 5.311634157085864949e-01 1.000000000000000000e+02
1.821885343465165230e-01 6.232541439731450472e-01 1.000000000000000000e+02
1.855825227755517060e-01 7.298786878859904181e-01 1.000000000000000000e+02
1.890397377819219571e-01 8.532874802409745607e-01 1.000000000000000995e+02
1.925613572129196704e-01 9.961588158573991825e-01 1.000000000000000995e+02
1.961485808579429280e-01 1.161715833493467853e+00 1.000000000000000000e+02
1.998026308572548593e-01 1.353882489330496375e+00 1.000000000000000995e+02
2.035247521183575770e-01 1.577364736756298846e+00 1.000000000000000000e+02
2.073162127401229071e-01 1.837239704582072752e+00 1.000000000000000000e+02
2.111783044448242164e-01 2.139182508737313082e+00 1.000000000000000000e+02
2.151123430182164953e-01 2.489678024545059376e+00 9.999999999999994316e+01
2.191196687578147451e-01 2.896117289276591400e+00 9.999999999999994316e+01
2.232016469295232397e-01 3.366900828280866342e+00 1.000000000000000000e+02
2.273596682327715113e-01 3.911548346075148341e+00 1.000000000000000000e+02
2.315951492743152096e-01 4.540813886414792222e+00 1.000000000000000995e+02
2.359095330508633737e-01 5.266805196442016168e+00 1.000000000000000995e+02
2.403042894406967056e-01 6.103105613080811231e+00 9.999999999999994316e+01
2.447809157044440187e-01 7.064896331520633233e+00 1.000000000000000000e+02
2.493409369951877785e-01 8.169076427352353065e+00 1.000000000000000000e+02
2.539859068780723761e-01 9.434460141669598343e+00 9.999999999999990052e+01
2.587174078595921300e-01 1.088246647994871097e+01 1.000000000000000995e+02
2.635370519267393186e-01 1.253735369553961476e+01 9.999999999999994316e+01
2.684464810961962322e-01 1.442645319735176379e+01 9.999999999999990052e+01
2.734473679737579599e-01 1.658061531650059806e+01 1.000000000000000995e+02
2.785414163241766161e-01 1.903475120958027844e+01 1.000000000000000000e+02
2.837303616516211324e-01 2.182849763635162788e+01 1.000000000000000000e+02
2.890159717909508430e-01 2.500703956993859478e+01 1.000000000000000000e+02
2.944000475100033709e-01 2.862213582827390113e+01 1.000000000000000000e+02
2.998844231231027613e-01 3.273340625519717406e+01 9.999999999999994316e+01
3.054709671159968054e-01 3.740871665626316656e+01 9.999999999999994316e+01
3.111615827824359970e-01 4.272041511606398956e+01 9.999999999999994316e+01
3.169582088726115021e-01 4.874754565411953422e+01 9.999999999999994316e+01
3.228628202536730218e-01 5.557747859835595250e+01 9.999999999999994316e+01
3.288774285825510346e-01 6.330654355391848753e+01 1.000000000000000000e+02
3.350040829913132900e-01 7.204068195589317725e+01 9.999999999999994316e+01
3.412448707852889229e-01 8.189612050472072724e+01 1.000000000000000000e+02
3.476019181541977754e-01 9.300006910816048844e+01 1.000000000000000000e+02
3.540773908965269556e-01 1.054918108452060039e+02 9.999999999999994316e+01
3.606734951574028236e-01 1.195289998308017800e+02 1.000000000000000995e+02
3.673924781802074269e-01 1.352913436940389431e+02 1.000000000000000995e+02
3.742366290721980682e-01 1.529815510682356319e+02 1.000000000000000995e+02
3.812082795843887983e-01 1.728295242768458877e+02 1.000000000000000995e+02
3.883098049059605095e-01 1.950977191770627996e+02 1.000000000000000995e+02
3.955436244734701345e-01 2.200879159777249754e+02 1.000000000000000995e+02
4.029122027951347884e-01 2.481490468038922188e+02 1.000000000000000995e+02
4.104180502904709038e-01 2.796530587152034286e+02 9.999999999999994316e+01
4.180637241455757991e-01 3.149674374697923440e+02 1.000000000000000000e+02
4.258518291843414461e-01 3.544795946579098427e+02 1.000000000000000995e+02
4.337850187558989212e-01 3.985960990720581663e+02 1.000000000000000000e+02
4.418659956385941334e-01 4.477379822374371656e+02 1.000000000000000000e+02
4.500975129608046355e-01 5.023341905854598508e+02 1.000000000000000995e+02
4.584823751389096036e-01 5.628394821902804779e+02 1.000000000000000000e+02
4.670234388327330621e-01 6.298308640025184104e+02 9.999999999999994316e+01
4.757236139187884794e-01 7.039838792966602341e+02 9.999999999999994316e+01
4.845858644816490868e-01 7.860726662110424741e+02 1.000000000000000000e+02
4.936132098237911991e-01 8.769939389164115937e+02 1.000000000000000000e+02
5.028087254942474882e-01 9.777963800160023311e+02 1.000000000000000000e+02
5.121755443364236493e-01 1.089611786021784155e+03 1.000000000000000000e+02
5.217168575554343990e-01 1.213541558858795725e+03 1.000000000000000000e+02
5.314359158053235666e-01 1.350762626007857307e+03 1.000000000000000000e+02
5.413360302965375404e-01 1.502545887752498857e+03 1.000000000000000000e+02
5.514205739240296555e-01 1.670261667254450458e+03 9.999999999999994316e+01
5.616929824163804374e-01 1.855385553873270510e+03 9.999999999999994316e+01
5.721567555063246102e-01 2.059504790425389274e+03 1.000000000000000000e+02
5.828154581230839959e-01 2.284325408919400616e+03 1.000000000000000000e+02
5.936727216069119795e-01 2.531680385856723660e+03 9.999999999999994316e+01
6.047322449462643190e-01 2.803539218817274559e+03 1.000000000000000000e+02
6.159977960380161877e-01 3.102021133443330655e+03 9.999999999999990052e+01
6.274732129711574347e-01 3.429410580190874498e+03 9.999999999999994316e+01
6.391624053343999412e-01 3.788173428201870138e+03 9.999999999999994316e+01
6.510693555481454897e-01 4.180978619489867924e+03 1.000000000000000000e+02
6.631981202212668958e-01 4.610725243319217952e+03 9.999999999999994316e+01
6.755528315331639222e-01 5.080576320726006088e+03 9.999999999999994316e+01
6.881376986415662644e-01 5.594001012644264847e+03 9.999999999999990052e+01
7.009570091165617800e-01 6.154827320693565525e+03 1.000000000000000995e+02
7.140151304013395706e-01 6.767191754506773577e+03 1.000000000000000000e+02
7.273165113001454074e-01 7.435256308444356364e+03 1.000000000000000995e+02
7.408656834939559843e-01 8.163400446215985539e+03 1.000000000000000995e+02
7.546672630843886953e-01 8.956303885292658379e+03 1.000000000000001990e+02
7.687259521663728501e-01 9.818976939344140192e+03 1.000000000000000995e+02
7.830465404301183430e-01 1.075679837775406304e+04 1.000000000000000995e+02
7.976339067929273385e-01 1.177556281070490877e+04 1.000000000000000995e+02
8.124930210614047521e-01 1.288149787607255712e+04 1.000000000000000995e+02
8.276289456246344045e-01 1.408105077568161323e+04 9.999999999999994316e+01
8.430468371788967241e-01 1.538099248669847839e+04 1.000000000000000000e+02
8.587519484845170803e-01 1.678855183780430525e+04 9.999999999999994316e+01
8.747496301554414933e-01 1.831147588524324237e+04 1.000000000000000000e+02
8.910453324821513421e-01 1.995810598482110436e+04 9.999999999999994316e+01
9.076446072885356875e-01 2.173746009197929015e+04 9.999999999999990052e+01
9.245531098233570333e-01 2.365893006215009882e+04 9.999999999999990052e+01
9.417766006869519035e-01 2.573212034784240313e+04 9.999999999999994316e+01
9.593209477938241525e-01 2.796722857151311837e+04 1.000000000000000000e+02
9.771921283717996953e-01 3.037515199009181742e+04 1.000000000000000000e+02
9.953962309984233370e-01 3.296759729364009399e+04 9.999999999999994316e+01
1.013939457675291811e+00 3.575709781445852423e+04 1.000000000000000995e+02
1.032828125941028574e+00 3.875607484453733196e+04 1.000000000000000000e+02
1.052068671023622892e+00 4.197700645984507719e+04 1.000000000000000000e+02
1.071667648032863296e+00 4.543289926766281133e+04 1.000000000000000000e+02
1.091631734193614811e+00 4.913734848546381545e+04 1.000000000000000995e+02
1.111967731120699021e+00 5.310461489823206648e+04 1.000000000000000000e+02
1.132682567136153784e+00 5.734972812423433788e+04 1.000000000000000995e+02
1.153783299629660863e+00 6.188862254749840213e+04 1.000000000000000995e+02
1.175277117462945276e+00 6.673831339551095152e+04 1.000000000000000995e+02
1.197171343418965694e+00 7.191712175465520704e+04 1.000000000000000995e+02
1.219473436696737023e+00 7.744495887650754594e+04 1.000000000000000000e+02
1.242190995452616242e+00 8.334368200730116223e+04 1.000000000000000000e+02
1.265331759388941713e+00 8.963727038453142450e+04 1.000000000000000995e+02
1.288903612390891462e+00 9.634903062932145258e+04 1.000000000000000995e+02
1.312914585212463958e+00 1.035017377678879857e+05 1.000000000000000995e+02
1.337372858212495075e+00 1.111194835298646503e+05 1.000000000000000000e+02
1.362286764141645401e+00 1.192279626434316015e+05 1.000000000000000995e+02
1.387664790981307128e+00 1.278547933844209474e+05 9.999999999999994316e+01
1.413515584835394190e+00 1.370299187235496647e+05 1.000000000000000000e+02
1.439847952876006643e+00 1.467861041699489579e+05 1.000000000000000000e+02
1.466670866343967150e+00 1.571595513426392281e+05 1.000000000000000000e+02
1.493993463605256311e+00 1.681906499045254313e+05 1.000000000000000000e+02
1.521825053264385552e+00 1.799229803318197373e+05 1.000000000000000995e+02
1.550175117335768737e+00 1.923891252774878812e+05 1.000000000000000995e+02
1.579053314474174297e+00 2.056132594368460414e+05 1.000000000000000995e+02
1.608469483265355215e+00 2.196161064743096940e+05 1.000000000000000995e+02
1.638433645577983100e+00 2.344140538834974577e+05 1.000000000000000995e+02
1.668956009978023181e+00 2.500181163370758586e+05 1.000000000000000000e+02
1.700046975206716438e+00 2.664327828607881092e+05 1.000000000000000995e+02
1.731717133723352786e+00 2.836547489097832004e+05 1.000000000000000000e+02
1.763977275314043469e+00 3.016722211240697652e+05 9.999999999999994316e+01
1.796838390767719229e+00 3.204873198590079555e+05 1.000000000000000000e+02
1.830311675620611256e+00 3.401308762663322268e+05 9.999999999999994316e+01
1.864408533970485227e+00 3.606442681669924641e+05 1.000000000000000000e+02
1.899140582361933616e+00 3.820805678037483594e+05 1.000000000000000000e+02
1.934519653744044332e+00 4.045076033123988309e+05 1.000000000000000000e+02
1.970557801501798378e+00 4.280115857985789189e+05 1.000000000000000995e+02
2.007267303562568106e+00 4.527012891181515297e+05 1.000000000000000000e+02
2.044660666579115826e+00 4.786823782492452883e+05 1.000000000000000000e+02
2.082750630190514318e+00 5.060080292479944183e+05 1.000000000000000000e+02
2.121550171362450055e+00 5.347220674790558405e+05 1.000000000000000995e+02
2.161072508808376647e+00 5.648666516709747957e+05 1.000000000000000000e+02
2.201331107493030181e+00 5.964818831236689584e+05 9.999999999999994316e+01
2.242339683219845003e+00 6.296054020034364657e+05 1.000000000000000000e+02
2.284112207303823361e+00 6.642719765195744112e+05 1.000000000000000000e+02
2.326662911331458083e+00 7.005130920690611238e+05 9.999999999999994316e+01
2.370006292009327886e+00 7.383565488293500384e+05 1.000000000000000000e+02
2.414157116103017753e+00 7.778260777604754549e+05 1.000000000000000000e+02
2.459130425468043946e+00 8.189409865308724111e+05 9.999999999999994316e+01
2.504941542174502267e+00 8.617158520724895643e+05 1.000000000000000000e+02
2.551606073727183954e+00 9.061645462879528059e+05 1.000000000000000000e+02
2.599139918382932901e+00 9.523106240759784123e+05 1.000000000000000000e+02
2.647559270567066747e+00 1.000180957378392806e+06 1.000000000000000000e+02
2.696880626390692370e+00 1.049805013721274212e+06 1.000000000000000000e+02
2.747120789270811603e+00 1.101216338218800025e+06 1.000000000000000000e+02
2.798296875655115645e+00 1.154454346824636916e+06 1.000000000000000000e+02
2.850426320853434614e+00 1.209566471818638965e+06 1.000000000000000000e+02
2.903526884977813971e+00 1.266610705962499138e+06 1.000000000000000995e+02
2.957616658993253544e+00 1.325658598691829247e+06 1.000000000000000000e+02
3.012714070881164385e+00 1.386798578614706406e+06 1.000000000000000000e+02
3.068837891917642224e+00 1.450109784480622737e+06 1.000000000000000000e+02
3.126007243068700259e+00 1.515620930240007583e+06 1.000000000000000995e+02
3.184241601504649744e+00 1.583352577923591482e+06 1.000000000000000000e+02
3.243560807235807975e+00 1.653324513639773941e+06 1.000000000000000995e+02
3.303985069871854918e+00 1.725556674830253934e+06 1.000000000000000000e+02
3.365534975507090909e+00 1.800070316560905194e+06 1.000000000000000000e+02
3.428231493733967294e+00 1.876889448358303169e+06 1.000000000000000000e+02
3.492095984787267682e+00 1.956042575984756695e+06 1.000000000000000000e+02
3.557150206821382277e+00 2.037561528991468484e+06 1.000000000000000000e+02
3.623416323323146226e+00 2.121466063562079333e+06 1.000000000000000000e+02
3.690916910662774608e+00 2.207773381223321892e+06 1.000000000000000000e+02
3.759674965785463563e+00 2.296506028197629377e+06 1.000000000000000995e+02
3.829713914046277257e+00 2.387694276059127878e+06 1.000000000000001990e+02
3.901057617190989202e+00 2.481378910551813897e+06 1.000000000000000995e+02
3.973730381485604202e+00 2.577614485419872217e+06 1.000000000000000995e+02
4.047756965997318268e+00 2.676468470274799503e+06 1.000000000000000000e+02
4.123162591029748469e+00 2.777966379939704202e+06 1.000000000000000000e+02
4.199972946715301525e+00 2.882096567786034197e+06 1.000000000000000000e+02
4.278214201767612579e+00 2.988845891248195432e+06 1.000000000000000000e+02
4.357913012397025554e+00 3.098201969962496776e+06 1.000000000000000000e+02
4.439096531392166867e+00 3.210155018275364768e+06 1.000000000000000000e+02
4.521792417370697592e+00 3.324700028288769536e+06 1.000000000000000000e+02
4.606028844202397998e+00 3.441839340840391349e+06 1.000000000000000000e+02
4.691834510607794329e+00 3.561585645113204140e+06 9.999999999999994316e+01
4.779238649935595440e+00 3.683965451649412047e+06 9.999999999999994316e+01
4.868271040122278848e+00 3.809023088697624393e+06 9.999999999999994316e+01
4.958962013837211913e+00 3.936825278422885109e+06 9.999999999999994316e+01
5.051342468816761411e+00 4.067461879142482765e+06 1.000000000000000000e+02
5.145443878390924652e+00 4.200969060197235085e+06 1.000000000000000000e+02
5.241298302206056192e+00 4.337321253409286961e+06 9.999999999999994316e+01
5.338938397147350301e+00 4.476492751320025884e+06 1.000000000000000995e+02
5.438397428464796235e+00 4.618462086180867627e+06 1.000000000000000000e+02
5.539709281106400596e+00 4.763214568358171731e+06 1.000000000000000000e+02
5.642908471262536807e+00 4.910745235381488688e+06 1.000000000000000000e+02
5.748030158125351008e+00 5.061062252500213683e+06 1.000000000000000000e+02
5.855110155867238042e+00 5.214190809750203975e+06 9.999999999999994316e+01
5.964184945842459840e+00 5.370177565734773874e+06 1.000000000000000000e+02
6.075291689016070862e+00 5.529088687072171830e+06 1.000000000000000000e+02
6.188468238624382778e+00 5.690937469745038077e+06 1.000000000000000995e+02
6.303753153071275150e+00 5.855699031859683804e+06 9.999999999999994316e+01
6.421185709064758385e+00 6.023356557823777199e+06 1.000000000000000995e+02
6.540805914998252923e+00 6.193905267437093891e+06 1.000000000000000995e+02
6.662654524581149929e+00 6.367356120049999095e+06 1.000000000000000000e+02
6.786773050723295064e+00 6.543740032143814489e+06 1.000000000000000000e+02
6.913203779678127603e+00 6.723112659488270059e+06 1.000000000000000000e+02
7.041989785449288775e+00 6.905558975169125013e+06 1.000000000000000995e+02
7.173174944465612768e+00 7.091143945213519968e+06 1.000000000000000995e+02
7.306803950529499936e+00 7.279868913420367986e+06 1.000000000000000995e+02
7.442922330043757917e+00 7.471741989841243252e+06 1.000000000000000995e+02
7.581576457522110069e+00 7.666788977397375740e+06 1.000000000000000995e+02
7.722813571388642551e+00 7.865057705381556414e+06 1.000000000000000995e+02
7.866681790071582192e+00 8.066622930845303461e+06 1.000000000000000000e+02
8.013230128396878982e+00 8.271591847890445963e+06 1.000000000000000000e+02
8.162508514287219796e+00 8.480073926834691316e+06 1.000000000000000000e+02
8.314567805772055564e+00 8.692098912361122668e+06 1.000000000000000995e+02
8.469459808314576676e+00 8.907692248072605580e+06 1.000000000000000995e+02
8.627237292461440887e+00 9.126898019193485379e+06 1.000000000000000000e+02
8.787954011821311084e+00 9.349783242472235113e+06 1.000000000000000000e+02
8.951664721378293166e+00 9.576442715541696176e+06 1.000000000000000995e+02
9.118425196146562328e+00 9.807004485029391944e+06 1.000000000000000000e+02
9.288292250172489162e+00 1.004163600117997453e+07 1.000000000000000995e+02
9.461323755890759912e+00 1.028055103724309243e+07 1.000000000000000000e+02
9.637578663841079418e+00 1.052401746492526121e+07 1.000000000000000000e+02
9.817117022752183786e+00 1.077236599344622344e+07 1.000000000000000000e+02
1.000000000000000000e+01 1.102600000000000000e+07 1.000000000000000000e+02
