# Source: PRIMAT compilation, https://doi.org/10.1016/j.physrep.2018.04.005
1.000000000000000021e-03 1.135700000000003686e-40 3.000000000000000000e+00
1.018628990244687619e-03 2.171554803544858858e-40 2.999999999999992895e+00
1.037605019766911670e-03 4.168561725708908162e-40 2.999999999999985345e+00
1.056934553557988335e-03 8.032290624685091443e-40 2.999999999999977796e+00
1.076624177045493267e-03 1.553303657139595440e-39 2.999999999999971578e+00
1.096680598336868600e-03 3.014113932045917947e-39 2.999999999999965805e+00
1.117110650504824203e-03 5.867706527280260335e-39 2.999999999999959588e+00
1.137921293915315117e-03 1.145771623402841301e-38 2.999999999999953815e+00
1.159119618598885779e-03 2.243678749443100871e-38 2.999999999999949374e+00
1.180712846666190276e-03 4.405189773565025877e-38 2.999999999999944489e+00
1.202708334768511989e-03 8.669912614999601019e-38 2.999999999999940048e+00
1.225113576604118949e-03 1.710063345982714287e-37 2.999999999999936051e+00
1.247936205471311460e-03 3.379517606429002722e-37 2.999999999999931610e+00
1.271183996869028896e-03 6.690157952070005482e-37 2.999999999999929834e+00
1.294864871145904933e-03 1.326318303893437903e-36 2.999999999999925837e+00
1.318986896198670470e-03 2.632546269092627183e-36 2.999999999999925393e+00
1.343558290220826226e-03 5.230037986435193887e-36 2.999999999999922284e+00
1.368587424502519176e-03 1.039715825865387398e-35 2.999999999999921396e+00
1.394082826282578647e-03 2.067676656439506637e-35 2.999999999999920508e+00
1.420053181653683095e-03 4.112281406599408513e-35 2.999999999999920952e+00
1.446507338521647217e-03 8.176856293764360202e-35 2.999999999999920064e+00
1.473454309619835756e-03 1.625030603668241995e-34 2.999999999999920952e+00
1.500903275579736594e-03 3.226814863058568572e-34 2.999999999999922728e+00
1.528863588058731147e-03 6.400105901869695463e-34 2.999999999999924061e+00
1.557344772926135207e-03 1.267540955849012161e-33 2.999999999999926725e+00
1.586356533508589657e-03 2.505865786064317079e-33 2.999999999999929390e+00
1.615908753895919101e-03 4.943473795670012031e-33 2.999999999999932054e+00
1.646011502308549748e-03 9.728406694721002105e-33 2.999999999999935163e+00
1.676675034527699143e-03 1.909157825187039530e-32 2.999999999999940048e+00
1.707909797389426916e-03 3.734975351192856007e-32 2.999999999999944933e+00
1.739726432343800767e-03 7.281731462447792119e-32 2.999999999999950262e+00
1.772135779080358372e-03 1.414289713349496882e-31 2.999999999999955147e+00
1.805148879221108154e-03 2.735620563686259499e-31 2.999999999999961364e+00
1.838776980082326793e-03 5.268000726755958267e-31 2.999999999999967581e+00
1.873031538506436536e-03 1.009646864824264378e-30 2.999999999999975131e+00
1.907924224765265072e-03 1.925268683567960570e-30 2.999999999999981348e+00
1.943466926536020246e-03 3.651572274648267899e-30 2.999999999999988010e+00
1.979671752951332481e-03 6.886660679829678678e-30 2.999999999999996003e+00
2.016551038724746607e-03 1.291092004903149804e-29 3.000000000000003109e+00
2.054117348353064112e-03 2.405536567830197543e-29 3.000000000000011102e+00
2.092383480396977150e-03 4.453154463023313549e-29 3.000000000000018652e+00
2.131362471841437810e-03 8.188961488177400480e-29 3.000000000000026645e+00
2.171067602537264923e-03 1.495582189389374031e-28 3.000000000000035083e+00
2.211512399725488933e-03 2.712311701161109094e-28 3.000000000000041300e+00
2.252710642645980484e-03 4.883803806840543979e-28 3.000000000000048850e+00
2.294676367231936100e-03 8.730181582401160603e-28 3.000000000000055955e+00
2.337423870891814758e-03 1.549207391441482300e-27 3.000000000000061728e+00
2.380967717380358135e-03 2.729049768656310668e-27 3.000000000000067057e+00
2.425322741760352948e-03 4.772491801308416770e-27 3.000000000000072387e+00
2.470504055456825433e-03 8.286119480422798796e-27 3.000000000000075495e+00
2.516527051405391836e-03 1.428553887675020834e-26 3.000000000000078604e+00
2.563407409296514835e-03 2.446122252501983523e-26 3.000000000000079936e+00
2.611161100917459583e-03 4.161260286613779434e-26 3.000000000000079492e+00
2.659804395593758260e-03 7.035605906624980680e-26 3.000000000000077272e+00
2.709353865732051433e-03 1.182801191740662868e-25 3.000000000000072831e+00
2.759826392466180594e-03 1.978345006813360119e-25 3.000000000000067057e+00
2.811239171408464344e-03 3.294316701753246140e-25 3.000000000000057288e+00
2.863609718508115885e-03 5.465696782217731725e-25 3.000000000000045741e+00
2.916955876018795853e-03 9.043608690522775013e-25 3.000000000000030198e+00
2.971295818577334054e-03 1.493871996755571867e-24 3.000000000000011990e+00
3.026648059395692196e-03 2.466449751731572774e-24 2.999999999999988898e+00
3.083031456568277075e-03 4.072522878101346539e-24 2.999999999999961364e+00
3.140465219496752208e-03 6.723641107234179422e-24 2.999999999999931610e+00
3.198968915434537586e-03 1.109670004764711378e-23 2.999999999999900968e+00
3.258562476153226226e-03 1.830322049335070817e-23 2.999999999999869438e+00
3.319266204733189573e-03 3.016470171656241496e-23 2.999999999999838352e+00
3.381100782480685445e-03 4.965918192408477406e-23 2.999999999999809486e+00
3.444087275973823411e-03 8.164281939900637505e-23 2.999999999999783729e+00
3.508247144239792347e-03 1.340112195766693633e-22 2.999999999999764633e+00
3.573602246065788347e-03 2.195603837776947793e-22 2.999999999999752642e+00
3.640174847446141400e-03 3.589547334875350293e-22 2.999999999999751310e+00
3.707987629168172684e-03 5.854368113435214169e-22 2.999999999999762856e+00
3.777063694539364597e-03 9.522600226493224686e-22 2.999999999999788614e+00
3.847426577258505898e-03 1.544350532889364479e-21 2.999999999999832578e+00
3.919100249433401899e-03 2.496491159775202043e-21 2.999999999999898748e+00
3.992109129748053209e-03 4.021487928662306945e-21 2.999999999999989342e+00
4.066478091781853925e-03 6.453655164703368005e-21 3.000000000000105693e+00
4.142232472483897525e-03 1.031667006776345837e-20 3.000000000000245581e+00
4.219398080805024202e-03 1.642750194005029286e-20 3.000000000000396128e+00
4.298001206490798497e-03 2.605541674962116474e-20 3.000000000000548894e+00
4.378068629038166758e-03 4.116514915777343150e-20 3.000000000000690559e+00
4.459627626819095622e-03 6.478778258326400738e-20 3.000000000000809131e+00
4.542705986374042521e-03 1.015856782774900108e-19 3.000000000000889955e+00
4.627332011878692967e-03 1.587126069005834831e-19 3.000000000000916600e+00
4.713534534786906725e-03 2.471240183360216781e-19 3.000000000000869971e+00
4.801342923653449841e-03 3.835761558216261995e-19 3.000000000000731859e+00
4.890787094139589959e-03 5.936844170667788061e-19 3.000000000000481837e+00
4.981897519205159656e-03 9.166205501346404345e-19 3.000000000000094147e+00
5.074705239490466188e-03 1.412284875883590712e-18 2.999999999999552358e+00
5.169241873891598608e-03 2.171551189069986805e-18 2.999999999998893330e+00
5.265539630332755246e-03 3.331795281032066104e-18 2.999999999998189448e+00
5.363631316739239652e-03 5.100312990465573203e-18 2.999999999997517985e+00
5.463550352214875498e-03 7.788985146347185904e-18 2.999999999996967315e+00
5.565330778427646403e-03 1.186566025556026733e-17 2.999999999996635580e+00
5.669007271207434327e-03 1.803011254728920541e-17 2.999999999996630695e+00
5.774615152359819509e-03 2.732605432012001329e-17 2.999999999997072120e+00
5.882190401699956099e-03 4.130596593602081066e-17 2.999999999998092637e+00
5.991769669310619169e-03 6.227323185259840532e-17 2.999999999999837019e+00
6.103390288028621123e-03 9.363621838138979753e-17 3.000000000002387868e+00
6.217090286163826779e-03 1.404186645955779739e-16 3.000000000005437428e+00
6.332908400455114321e-03 2.100050868013302342e-16 3.000000000008516299e+00
6.450884089267692675e-03 3.132234274728327286e-16 3.000000000011096901e+00
6.571057546036270826e-03 4.659128022059162044e-16 3.000000000012593926e+00
6.693469712958660493e-03 6.911938872058749728e-16 3.000000000012356782e+00
6.818162294944479437e-03 1.022757013556664414e-15 3.000000000009666046e+00
6.945177773823696388e-03 1.509627975220510495e-15 3.000000000003728129e+00
7.074559422819878297e-03 2.223068305401405522e-15 2.999999999993776090e+00
7.206351321293052656e-03 3.266158106964351762e-15 2.999999999980807353e+00
7.340598369757212090e-03 4.787392772838958316e-15 2.999999999967505548e+00
7.477346305177588227e-03 7.000363098868150514e-15 2.999999999956917573e+00
7.616641716552892058e-03 1.021157089460623084e-14 2.999999999952435381e+00
7.758532060787835978e-03 1.485988700377754003e-14 2.999999999957825736e+00
7.903065678861348128e-03 2.157250736863464708e-14 2.999999999977252862e+00
8.050291812295981564e-03 3.124428731743032584e-14 3.000000000015195400e+00
8.200260619934130954e-03 4.514790693546347883e-14 3.000000000069305006e+00
8.353023195026778799e-03 6.508611979331044835e-14 3.000000000125497834e+00
8.508631582640582489e-03 9.360849932318673633e-14 3.000000000167045044e+00
8.667138797389234081e-03 1.343136606932451652e-13 3.000000000175321535e+00
8.828598841495149604e-03 1.922717552544276257e-13 3.000000000129650957e+00
8.993066723187623582e-03 2.746156514159088524e-13 3.000000000007150280e+00
9.160598475443709407e-03 3.913602360055979523e-13 2.999999999797536621e+00
9.331251175078249249e-03 5.564984040226793710e-13 2.999999999559485708e+00
9.505082962189511861e-03 7.895452131682395201e-13 2.999999999378986093e+00
9.682153059967075343e-03 1.117672987102841558e-12 2.999999999351858904e+00
9.862521794868784469e-03 1.578649621108401105e-12 2.999999999584539001e+00
1.004625061717340749e-02 2.224893707001725568e-12 3.000000000193561167e+00
1.023340212191641702e-02 3.128958059465586191e-12 3.000000001141537087e+00
1.042404007021556327e-02 4.390857436069044454e-12 3.000000002053729631e+00
1.061822941099384125e-02 6.148298538090807218e-12 3.000000002472525296e+00
1.081603630310709954e-02 8.590584140182069623e-12 3.000000001888698531e+00
1.101752813788386791e-02 1.197757629050777797e-11 2.999999999737632539e+00
1.122277356208507652e-02 1.666520851924757416e-11 2.999999995950447307e+00
1.143184250129149725e-02 2.313889505218956067e-11 2.999999992224041012e+00
1.164480618372686072e-02 3.205981347649005609e-11 2.999999990803931205e+00
1.186173716452478509e-02 4.432729195965812786e-11 2.999999994189366692e+00
1.208270935044776506e-02 6.116290022872398808e-11 3.000000005046933982e+00
1.230779802506665188e-02 8.422108211905553564e-11 3.000000021282426044e+00
1.253707987440920262e-02 1.157351030506508954e-10 3.000000033285852297e+00
1.277063301308643990e-02 1.587169510433081266e-10 3.000000029784125388e+00
1.300853701090571267e-02 2.172236506905545712e-10 2.999999998245996391e+00
1.325087291997953214e-02 2.967092164669160186e-10 2.999999935857367905e+00
1.349772330233941706e-02 4.044760517075276545e-10 2.999999880534552243e+00
1.374917225806419029e-02 5.502909436403638894e-10 2.999999884060077004e+00
1.400530545393219653e-02 7.472026107609925246e-10 3.000000004046175839e+00
1.426621015260736910e-02 1.012611669042607589e-09 3.000000255003830496e+00
1.453197524236895383e-02 1.369631141158839782e-09 3.000000461645266014e+00
1.480269126739508674e-02 1.848930021212720635e-09 3.000000382186698733e+00
1.507845045861051086e-02 2.491161970164714610e-09 2.999999752382495721e+00
1.535934676510897039e-02 3.350100686539839199e-09 2.999998713183674948e+00
1.564547588616095955e-02 4.496685408231048756e-09 2.999998216343923829e+00
1.593693530381774456e-02 6.024451910880411178e-09 2.999999406738465435e+00
1.623382431612278159e-02 8.056570022849553365e-09 3.000003307957542553e+00
1.653624407094180307e-02 1.075438131622936038e-08 3.000009076003334219e+00
1.684429760042315330e-02 1.432881668601052785e-08 3.000014813689886761e+00
1.715808985610004986e-02 1.905541947038102199e-08 3.000018396534791076e+00
1.747772774464680795e-02 2.529362513802516121e-08 3.000017459972705858e+00
1.780332016430113962e-02 3.351177155392161536e-08 3.000009380501120759e+00
1.813497804196495186e-02 4.431957939127926384e-08 2.999991384069434108e+00
1.847281437099634188e-02 5.850866549119284482e-08 2.999965405259213291e+00
1.881694424970555696e-02 7.710395973929730163e-08 2.999940223322581367e+00
1.916748492056815148e-02 1.014326952772807197e-07 2.999926085280629096e+00
1.952455581016860828e-02 1.332128666713682469e-07 2.999934393545874212e+00
1.988827856988809734e-02 1.746681299245591772e-07 2.999977797366985666e+00
2.025877711735016989e-02 2.286750417195120488e-07 3.000068775703176094e+00
2.063617767863858837e-02 2.989195777435264013e-07 3.000204803348899496e+00
2.102060883130158278e-02 3.901079458600293449e-07 3.000372916884489705e+00
2.141220154815729262e-02 5.082497664766706099e-07 3.000558375095271568e+00
2.181108924191518805e-02 6.610013047091877269e-07 3.000744644940895434e+00
2.221740781062883641e-02 8.580945637702734037e-07 3.000913256943694485e+00
2.263129568399528321e-02 1.111873554019434421e-06 3.001043651692476999e+00
2.305289387051707301e-02 1.437964370698756194e-06 3.001113017276625605e+00
2.348234600554275145e-02 1.856112877700633172e-06 3.001096117537870089e+00
2.391979840020238418e-02 2.391233246074215096e-06 3.000965111118282458e+00
2.436540009125464853e-02 3.074723197524035723e-06 3.000689361396235544e+00
2.481930289186254010e-02 3.946118773021139848e-06 3.000235237540666233e+00
2.528166144331499277e-02 5.055185557991100038e-06 2.999570494242242535e+00
2.575263326771199887e-02 6.464592090026559364e-06 2.998728615760209326e+00
2.623237882163122203e-02 8.253322950280264419e-06 2.997800971159204408e+00
2.672106155079433804e-02 1.052105814683941426e-05 2.996891168864241006e+00
2.721884794575178332e-02 1.339386152314763538e-05 2.996114709437886603e+00
2.772590759860482645e-02 1.703162055933174157e-05 2.995599951044806808e+00
2.824241326078434297e-02 2.163786220562089461e-05 2.995489197321695496e+00
2.876854090190592711e-02 2.747282360891932623e-05 2.995939933425822321e+00
2.930446976972142861e-02 3.487102491353529052e-05 2.997126241583291328e+00
2.985038245118730796e-02 4.426513044905162978e-05 2.999240434187920634e+00
3.040646493467067182e-02 5.621558020577543599e-05 3.002468191961206845e+00
3.097290667331408301e-02 7.141742365755268109e-05 3.006757077077793383e+00
3.154990064958086704e-02 9.072523850637516840e-05 3.011900447655491142e+00
3.213764344100276948e-02 1.151952903609128012e-04 3.017661626374431361e+00
3.273633528715245988e-02 1.461209576139876085e-04 3.023772108534296343e+00
3.334618015786364187e-02 1.850678804260808040e-04 3.029928374095694821e+00
3.396738582272208068e-02 2.339050805685874098e-04 3.035788718195498781e+00
3.460016392185108480e-02 2.948261155042964884e-04 3.040970208815363840e+00
3.524473003801584237e-02 3.703517366656893786e-04 3.045045912652605491e+00
3.590130377007068330e-02 4.633024874130897783e-04 3.047542567772716371e+00
3.657010880777489259e-02 5.767264723080234821e-04 3.047938924081984080e+00
3.725137300800209633e-02 7.137647008616351992e-04 3.045665019304113041e+00
3.794532847236938011e-02 8.774348701408019296e-04 3.040102707519795722e+00
3.865221162631261864e-02 1.070315556063635527e-03 3.030587807023924274e+00
3.937226329963479377e-02 1.294118318808738875e-03 3.016414280643572088e+00
4.010572880855495931e-02 1.549148813485253526e-03 2.996841596680310360e+00
4.085285803928561527e-02 1.834641548976609533e-03 2.971463609825877317e+00
4.161390553316707264e-02 2.150960907537833883e-03 2.940846806249242107e+00
4.238913057338778573e-02 2.499065739814636603e-03 2.905796019154436749e+00
4.317879727332021161e-02 2.880694854489639252e-03 2.867198418691816020e+00
4.398317466650223523e-02 3.298964790114938903e-03 2.826014469743861834e+00
4.480253679829489938e-02 3.759133221662491753e-03 2.783269810528793631e+00
4.563716281924758839e-02 4.269581984498127709e-03 2.740048939697123043e+00
4.648733708020256344e-02 4.843119545686013633e-03 2.697491704559270786e+00
4.735334922917116413e-02 5.498779272268699420e-03 2.656793711986725093e+00
4.823549431001467047e-02 6.264416779676162256e-03 2.619211958920673933e+00
4.913407286296361809e-02 7.180624026471362463e-03 2.586077234021572746e+00
5.004939102700953213e-02 8.306849857133221868e-03 2.558815164269827580e+00
5.098176064420424647e-02 9.722573190403680649e-03 2.538521421107943432e+00
5.193149936590212012e-02 1.150852264412680938e-02 2.524828676510300074e+00
5.289893076098151070e-02 1.376063285829969354e-02 2.517028939055510950e+00
5.388438442608223938e-02 1.659779010961118934e-02 2.514372013551024132e+00
5.488819609789671872e-02 2.016448148670128837e-02 2.516043183350881396e+00
5.591070776755290017e-02 2.463164218970093425e-02 2.521140085656517371e+00
5.695226779712821846e-02 3.019390919618364713e-02 2.528649314650944557e+00
5.801323103833375128e-02 3.706065513516083182e-02 2.537423669952863392e+00
5.909395895340967958e-02 4.543730057397948191e-02 2.546161454709255256e+00
6.019481973827271043e-02 5.549297934411599048e-02 2.553391563784804141e+00
6.131618844795772016e-02 6.737546329176677395e-02 2.557993439768554200e+00
6.245844712439614643e-02 8.133108799469336569e-02 2.560032380486747083e+00
6.362198492657485105e-02 9.766295230019166052e-02 2.559797851133278623e+00
6.480719826311967524e-02 1.167314280897382983e-01 2.557629451043216928e+00
6.601449092734885948e-02 1.389757286973882788e-01 2.553917812487203953e+00
6.724427423484245769e-02 1.649444888375238283e-01 2.549105725201533446e+00
6.849696716357443760e-02 1.953388784215983609e-01 2.543689726165841769e+00
6.977299649665534564e-02 2.310734246538558578e-01 2.538222454348770363e+00
7.107279696773415034e-02 2.733263835905146433e-01 2.533251539370152905e+00
7.239681140910873836e-02 3.233686521157398963e-01 2.528928395668567308e+00
7.374549090259549522e-02 3.826101412082684727e-01 2.525223945940226589e+00
7.511929493320965157e-02 4.527013408518709148e-01 2.522103454803990452e+00
7.651869154570821452e-02 5.355696711651731778e-01 2.519526592044312174e+00
7.794415750404946885e-02 6.334593036273031830e-01 2.517446834546831269e+00
7.939617845382279659e-02 7.489745947584677266e-01 2.515810818929864023e+00
8.087524908770453436e-02 8.851267605513021275e-01 2.514557644379765922e+00
8.238187331399605962e-02 1.045383119107787140e+00 2.513618126217682214e+00
8.391656442830157381e-02 1.233717839425251928e+00 2.512914002048233897e+00
8.547984528840409102e-02 1.454662642331090661e+00 2.512357094025265969e+00
8.707224849239916797e-02 1.713355292865708535e+00 2.511848432880690485e+00
8.869431656014709064e-02 2.015582992932118067e+00 2.511277351970250482e+00
9.034660211810524588e-02 2.367817742980773410e+00 2.510520831809677222e+00
9.202966808760409956e-02 2.777425753877953873e+00 2.509495229834890040e+00
9.374408787662991127e-02 3.253129832362274598e+00 2.508226838990143204e+00
9.549044557518077125e-02 3.805043095311148260e+00 2.506761974326396025e+00
9.726933615426168467e-02 4.444886240043617320e+00 2.505153001127082391e+00
9.908136566858666283e-02 5.186307594328602555e+00 2.503458783745443395e+00
1.009271514630570854e-01 6.045263577437218316e+00 2.501742234177825264e+00
1.028073223830864719e-01 7.039843181355683654e+00 2.500003987076362399e+00
1.047225189888434382e-01 8.190237995480519118e+00 2.498173392468431064e+00
1.066733937734857113e-01 9.519465779879103806e+00 2.496168853745489358e+00
1.086606113854596822e-01 1.105380400063758017e+01 2.493900111161933886e+00
1.106848488549412035e-01 1.282327417660181723e+01 2.491269761870724686e+00
1.127467958244946084e-01 1.486207498707465291e+01 2.488297536531356435e+00
1.148471547840289042e-01 1.720904347540522750e+01 2.485206759547201827e+00
1.169866413101306873e-01 1.990848187592972351e+01 2.482263539139816011e+00
1.191659843098558796e-01 2.301102761498032478e+01 2.479763139084126156e+00
1.213859262690627772e-01 2.657455607802731024e+01 2.478000782161563720e+00
1.236472235053715091e-01 3.066334827252865125e+01 2.476854743868108777e+00
1.259506464258357550e-01 3.534830857213844979e+01 2.475852926111747454e+00
1.282969797894147612e-01 4.070853057316433876e+01 2.474460673096135377e+00
1.306870229743346268e-01 4.683206537348979026e+01 2.472088268284835522e+00
1.331215902504307713e-01 5.381925707146351812e+01 2.468498801800835363e+00
1.356015110565633452e-01 6.178820547082752768e+01 2.464185517550554483e+00
1.381276302832009362e-01 7.087553410440932566e+01 2.459777476874478008e+00
1.407008085602685088e-01 8.123977843827371714e+01 2.455969543463895288e+00
1.433219225503573890e-01 9.305962341775222058e+01 2.453195494732738346e+00
1.459918652473978506e-01 1.065277125157281972e+02 2.451301602399653667e+00
1.487115462808953625e-01 1.218588323696742037e+02 2.450044737419228458e+00
1.514818922258345801e-01 1.392932068016305891e+02 2.449161536031778219e+00
1.543038469183564687e-01 1.590945547274901912e+02 2.448549185155155516e+00
1.571783717773162781e-01 1.815495218470520342e+02 2.448273385922514755e+00
1.601064461318317811e-01 2.069713186118073622e+02 2.448413219401445406e+00
1.630890675549332702e-01 2.357064535603561524e+02 2.449023593173193181e+00
1.661272522034293042e-01 2.681577853051450688e+02 2.450046087938729134e+00
1.692220351641037235e-01 3.047844806103759083e+02 2.451386648694958925e+00
1.723744708063619790e-01 3.461079459103701197e+02 2.452938871302872137e+00
1.755856331414468730e-01 3.927235275709744542e+02 2.454582850051184373e+00
1.788566161883461958e-01 4.453152102027459023e+02 2.456183987937892166e+00
1.821885343465165230e-01 5.046698991537902543e+02 2.457609013248813312e+00
1.855825227755517060e-01 5.716420661429837082e+02 2.458924679445327222e+00
1.890397377819219571e-01 6.471563986479249024e+02 2.460353649581169755e+00
1.925613572129196704e-01 7.322434146342677650e+02 2.462147594154487251e+00
1.961485808579429280e-01 8.280526952368811635e+02 2.464587131181322999e+00
1.998026308572548593e-01 9.358675732625372348e+02 2.467984725016144854e+00
2.035247521183575770e-01 1.057118970524170891e+03 2.472635659520195706e+00
2.073162127401229071e-01 1.193388747476585422e+03 2.478613952195857451e+00
2.111783044448242164e-01 1.346433121380500552e+03 2.485922185766349823e+00
2.151123430182164953e-01 1.518207870938666929e+03 2.494559211309617108e+00
2.191196687578147451e-01 1.710893936058611644e+03 2.504519458115643360e+00
2.232016469295232397e-01 1.926927687415028004e+03 2.515792134530062896e+00
2.273596682327715113e-01 2.169037012289080394e+03 2.528360318368247039e+00
2.315951492743152096e-01 2.440284663988985358e+03 2.542199925836760688e+00
2.359095330508633737e-01 2.744120703425769534e+03 2.557278547661435919e+00
2.403042894406967056e-01 3.084446345626663970e+03 2.573554141163632458e+00
2.447809157044440187e-01 3.465692141817579341e+03 2.590973567451924087e+00
2.493409369951877785e-01 3.892914220496836606e+03 2.609470963832970281e+00
2.539859068780723761e-01 4.371851815723352047e+03 2.628970623900731329e+00
2.587174078595921300e-01 4.908660163607107279e+03 2.649410960689522643e+00
2.635370519267393186e-01 5.510054966818033790e+03 2.670728687908976884e+00
2.684464810961962322e-01 6.183492911934041331e+03 2.692846988268494890e+00
2.734473679737579599e-01 6.937253152565337587e+03 2.715673766434760328e+00
2.785414163241766161e-01 7.780529133606599316e+03 2.739099776968750177e+00
2.837303616516211324e-01 8.723533030685219273e+03 2.762996609598558528e+00
2.890159717909508430e-01 9.777615331675129710e+03 2.787214540417496611e+00
2.944000475100033709e-01 1.095540271462533019e+04 2.811580264305938215e+00
2.998844231231027613e-01 1.227095816257591832e+04 2.835894532321027395e+00
3.054709671159968054e-01 1.373992219620480137e+04 2.859961010831591377e+00
3.111615827824359970e-01 1.537952604580899242e+04 2.883695261166554502e+00
3.169582088726115021e-01 1.720886351515942806e+04 2.907042859309161731e+00
3.228628202536730218e-01 1.924916688711217284e+04 2.929946358543379148e+00
3.288774285825510346e-01 2.152408381080360414e+04 2.952345240895830614e+00
3.350040829913132900e-01 2.406000374303800709e+04 2.974175880864538879e+00
3.412448707852889229e-01 2.688644545574977019e+04 2.995371522925753371e+00
3.476019181541977754e-01 3.003652001911726256e+04 3.015862274725428893e+00
3.540773908965269556e-01 3.354734962688887026e+04 3.035572241500402058e+00
3.606734951574028236e-01 3.745867078292527731e+04 3.054382020906462269e+00
3.673924781802074269e-01 4.181274288942133717e+04 3.072133631759168093e+00
3.742366290721980682e-01 4.665551743770899338e+04 3.088655171286610379e+00
3.812082795843887983e-01 5.203685616897304863e+04 3.103760934718073461e+00
3.883098049059605095e-01 5.801071097919677413e+04 3.117251052326179384e+00
3.955436244734701345e-01 6.463528609309947933e+04 3.128911253589594654e+00
4.029122027951347884e-01 7.197318845382056315e+04 3.138516423311818571e+00
4.104180502904709038e-01 8.009203449540596921e+04 3.145979252332963494e+00
4.180637241455757991e-01 8.906507447012250486e+04 3.151423781131722723e+00
4.258518291843414461e-01 9.897107128902291879e+04 3.155018378848856386e+00
4.337850187558989212e-01 1.098945501609712373e+05 3.156964220257305609e+00
4.418659956385941334e-01 1.219261089414156449e+05 3.157496772375275818e+00
4.500975129608046355e-01 1.351627664315494476e+05 3.156887372273783132e+00
4.584823751389096036e-01 1.497081238462271285e+05 3.155363825612343742e+00
4.670234388327330621e-01 1.656718920016793127e+05 3.152862673909963664e+00
4.757236139187884794e-01 1.831706134103765071e+05 3.149237967358309298e+00
4.845858644816490868e-01 2.023282654454323056e+05 3.144332533243932915e+00
4.936132098237911991e-01 2.232767992965324665e+05 3.137977730161062961e+00
5.028087254942474882e-01 2.461567977999789000e+05 3.129994602373296075e+00
5.121755443364236493e-01 2.711159824467461440e+05 3.120291907135605669e+00
5.217168575554343990e-01 2.983069406402415480e+05 3.108947409249358085e+00
5.314359158053235666e-01 3.278898730447688722e+05 3.096070708716416764e+00
5.413360302965375404e-01 3.600335036069498165e+05 3.081788628109048300e+00
5.514205739240296555e-01 3.949159271211487358e+05 3.066245742348955972e+00
5.616929824163804374e-01 4.327257663987273700e+05 3.049604904790773841e+00
5.721567555063246102e-01 4.736637273839358240e+05 3.032047790499774909e+00
5.828154581230839959e-01 5.179446581443686155e+05 3.013775484010444483e+00
5.936727216069119795e-01 5.658002384023159975e+05 2.995009146333325933e+00
6.047322449462643190e-01 6.174817341621487867e+05 2.975986747998321746e+00
6.159977960380161877e-01 6.732378195505647454e+05 2.956828592320511984e+00
6.274732129711574347e-01 7.332974140551999444e+05 2.937492965968685255e+00
6.391624053343999412e-01 7.978897513888916001e+05 2.917923845962998808e+00
6.510693555481454897e-01 8.672451616867781850e+05 2.898060425411507879e+00
6.631981202212668958e-01 9.415944414075466339e+05 2.877836886774155722e+00
6.755528315331639222e-01 1.021168465052061132e+06 2.857182186072905417e+00
6.881376986415662644e-01 1.106198138019934762e+06 2.836019853626237097e+00
7.009570091165617800e-01 1.196914809261654271e+06 2.814267833507321459e+00
7.140151304013395706e-01 1.293561143686045660e+06 2.791886731441572955e+00
7.273165113001454074e-01 1.396422484332136344e+06 2.768993441264508970e+00
7.408656834939559843e-01 1.505818518184727756e+06 2.745747506024945217e+00
7.546672630843886953e-01 1.622107580207295483e+06 2.722321682633928042e+00
7.687259521663728501e-01 1.745698426529081305e+06 2.698902450237106176e+00
7.830465404301183430e-01 1.877064792749613291e+06 2.675690641320579655e+00
7.976339067929273385e-01 2.016763275313008344e+06 2.652902236069579978e+00
8.124930210614047521e-01 2.165417137330554426e+06 2.630730046139570177e+00
8.276289456246344045e-01 2.323491507792407181e+06 2.609119730765126377e+00
8.430468371788967241e-01 2.491362215180383995e+06 2.587904618780525468e+00
8.587519484845170803e-01 2.669394278530423529e+06 2.566903273821784293e+00
8.747496301554414933e-01 2.857939437100971583e+06 2.545918769000812265e+00
8.910453324821513421e-01 3.057333584590163548e+06 2.524737774822660263e+00
9.076446072885356875e-01 3.267898473155097570e+06 2.503135665101089202e+00
9.245531098233570333e-01 3.490061673319416586e+06 2.481039787332500524e+00
9.417766006869519035e-01 3.724431674776694272e+06 2.458564895904810310e+00
9.593209477938241525e-01 3.971723592189164367e+06 2.435845402815464134e+00
9.771921283717996953e-01 4.232779737692900933e+06 2.413026150281655902e+00
9.953962309984233370e-01 4.508601734512527473e+06 2.390262795859039890e+00
1.013939457675291811e+00 4.800339543330647051e+06 2.367710162193315870e+00
1.032828125941028574e+00 5.108895921266126446e+06 2.345426529766166723e+00
1.052068671023622892e+00 5.435006850171736442e+06 2.323417426773229266e+00
1.071667648032863296e+00 5.779427171495282091e+06 2.301687555311861200e+00
1.091631734193614811e+00 6.142935410401338711e+06 2.280241203427238794e+00
1.111967731120699021e+00 6.526338102638498880e+06 2.259082214088243834e+00
1.132682567136153784e+00 6.930475562210497446e+06 2.238213952129011197e+00
1.153783299629660863e+00 7.356229386151236482e+06 2.217639268972335209e+00
1.175277117462945276e+00 7.804532036939115264e+06 2.197360464936701341e+00
1.197171343418965694e+00 8.276378893946622498e+06 2.177379248913854148e+00
1.219473436696737023e+00 8.772843224471252412e+06 2.157696695188842995e+00
1.242190995452616242e+00 9.295094594559714198e+06 2.138313197159493306e+00
1.265331759388941713e+00 9.844398778748109937e+06 2.119228430991450640e+00
1.288903612390891462e+00 1.042186774625463970e+07 2.100441451147812888e+00
1.312914585212463958e+00 1.102847136006087437e+07 2.081950592254484533e+00
1.337372858212495075e+00 1.166518416696896963e+07 2.063753311188469830e+00
1.362286764141645401e+00 1.233299200258816779e+07 2.045846120945370217e+00
1.387664790981307128e+00 1.303289763727396913e+07 2.028224521542936643e+00
1.413515584835394190e+00 1.376592865495179407e+07 2.010882925871678495e+00
1.439847952876006643e+00 1.453314799365435541e+07 1.993814580176034079e+00
1.466670866343967150e+00 1.533566763178472407e+07 1.977011478855342119e+00
1.493993463605256311e+00 1.617466596633312292e+07 1.960464273286730119e+00
1.521825053264385552e+00 1.705139227022283897e+07 1.944165045378134504e+00
1.550175117335768737e+00 1.796705893837842718e+07 1.928127444974241600e+00
1.579053314474174297e+00 1.892289599450643361e+07 1.912376507165294726e+00
1.608469483265355215e+00 1.992022891956778988e+07 1.896938640429067569e+00
1.638433645577983100e+00 2.096050885309087485e+07 1.881841659329718031e+00
1.668956009978023181e+00 2.204534882751184329e+07 1.867114888433156761e+00
1.700046975206716438e+00 2.317656735826197267e+07 1.852789278605452283e+00
1.731717133723352786e+00 2.435624052347844094e+07 1.838897537430336682e+00
1.763977275314043469e+00 2.558673963829362392e+07 1.825473450175391754e+00
1.796838390767719229e+00 2.686996858566841111e+07 1.812525326407852244e+00
1.830311675620611256e+00 2.820692833097191527e+07 1.800027727705330260e+00
1.864408533970485227e+00 2.959844806206065416e+07 1.787950140569749546e+00
1.899140582361933616e+00 3.104522505796064809e+07 1.776258546337320610e+00
1.934519653744044332e+00 3.254781380313230678e+07 1.764915108761678342e+00
1.970557801501798378e+00 3.410661630348046869e+07 1.753877840913833586e+00
2.007267303562568106e+00 3.572187450118651986e+07 1.743100325809319173e+00
2.044660666579115826e+00 3.739378020861323178e+07 1.732547911150554398e+00
2.082750630190514318e+00 3.912267248408118635e+07 1.722220460790337304e+00
2.121550171362450055e+00 4.090888781429381669e+07 1.712122522130510971e+00
2.161072508808376647e+00 4.275275550555948913e+07 1.702258389318067167e+00
2.201331107493030181e+00 4.465463089652737975e+07 1.692632075100223732e+00
2.242339683219845003e+00 4.661493634146054834e+07 1.683247280090071740e+00
2.284112207303823361e+00 4.863421092196314037e+07 1.674107359178756083e+00
2.326662911331458083e+00 5.071316993351329863e+07 1.665215284806197849e+00
2.370006292009327886e+00 5.285277530100271106e+07 1.656573606777029362e+00
2.414157116103017753e+00 5.505431821240644902e+07 1.648184408281727631e+00
2.459130425468043946e+00 5.731951543193624914e+07 1.640049257755042955e+00
2.504941542174502267e+00 5.965062016889269650e+07 1.632169155867062127e+00
2.551606073727183954e+00 6.204959811191273481e+07 1.624544130400626507e+00
2.599139918382932901e+00 6.451599789827861637e+07 1.617172451929130839e+00
2.647559270567066747e+00 6.704865721295502037e+07 1.610051307651392705e+00
2.696880626390692370e+00 6.964613855359882116e+07 1.603176888235224418e+00
2.747120789270811603e+00 7.230672981104589999e+07 1.596544291746996302e+00
2.798296875655115645e+00 7.502844941776308417e+07 1.590147419069445789e+00
2.850426320853434614e+00 7.780905672979253531e+07 1.583978860209202200e+00
2.903526884977813971e+00 8.064606833196835220e+07 1.578029770895242434e+00
2.957616658993253544e+00 8.353678097418878973e+07 1.572289738880813248e+00
3.012714070881164385e+00 8.647830354240931571e+07 1.566746670337295200e+00
3.068837891917642224e+00 8.946786359809742868e+07 1.561391374707103097e+00
3.126007243068700259e+00 9.250324243434916437e+07 1.556223155592535878e+00
3.184241601504649744e+00 9.558247605497486889e+07 1.551241889797545070e+00
3.243560807235807975e+00 9.870389337353360653e+07 1.546446816579736261e+00
3.303985069871854918e+00 1.018662282245106548e+08 1.541836472111710155e+00
3.365534975507090909e+00 1.050687459172859490e+08 1.537408618120182258e+00
3.428231493733967294e+00 1.083113854730852544e+08 1.533160164251108570e+00
3.492095984787267682e+00 1.115949188746606261e+08 1.529087083692023175e+00
3.557150206821382277e+00 1.149206240293775350e+08 1.525183507243109027e+00
3.623416323323146226e+00 1.182877738854515553e+08 1.521437514827706616e+00
3.690916910662774608e+00 1.216950441023698449e+08 1.517833576369753024e+00
3.759674965785463563e+00 1.251415551197975874e+08 1.514353983297682449e+00
3.829713914046277257e+00 1.286269927576191127e+08 1.510978659612344899e+00
3.901057617190989202e+00 1.321517417428774238e+08 1.507684958449947432e+00
3.973730381485604202e+00 1.357170347298914492e+08 1.504447446451843140e+00
4.047756965997318268e+00 1.393247572939668298e+08 1.501239575593484199e+00
4.123162591029748469e+00 1.429730830702677965e+08 1.498056455683370647e+00
4.199972946715301525e+00 1.466569399588829577e+08 1.494909906858255200e+00
4.278214201767612579e+00 1.503707627506786883e+08 1.491813154492989124e+00
4.357913012397025554e+00 1.541085559695459008e+08 1.488780591172775392e+00
4.439096531392166867e+00 1.578639030359949470e+08 1.485827862006997568e+00
4.521792417370697592e+00 1.616299808000676334e+08 1.482971957283132580e+00
4.606028844202397998e+00 1.653995799519588351e+08 1.480231313354215095e+00
4.691834510607794329e+00 1.691651318033863008e+08 1.477625922788043056e+00
4.779238649935595440e+00 1.729187419075015783e+08 1.475177454962818269e+00
4.868271040122278848e+00 1.766522309489510655e+08 1.472909388475920345e+00
4.958962013837211913e+00 1.803571832883727551e+08 1.470847156944466549e+00
5.051342468816761411e+00 1.840251318768864870e+08 1.469016856766473644e+00
5.145443878390924652e+00 1.876499572235887647e+08 1.467419690479353944e+00
5.241298302206056192e+00 1.912282128422058523e+08 1.466032077271933742e+00
5.338938397147350301e+00 1.947575262247163653e+08 1.464826239759269955e+00
5.438397428464796235e+00 1.982367068459267318e+08 1.463770617345595326e+00
5.539709281106400596e+00 2.016659298285267353e+08 1.462829515139242975e+00
5.642908471262536807e+00 2.050469316387897432e+08 1.461962732439885393e+00
5.748030158125351008e+00 2.083832187940795720e+08 1.461125172514418091e+00
5.855110155867238042e+00 2.116802910471360087e+08 1.460266436287546155e+00
5.964184945842459840e+00 2.149458811543238759e+08 1.459330403686652122e+00
6.075291689016070862e+00 2.181892896640475988e+08 1.458259542327499769e+00
6.188468238624382778e+00 2.214115751648431420e+08 1.457045004719058179e+00
6.303753153071275150e+00 2.246076962998817265e+08 1.455712885354765174e+00
6.421185709064758385e+00 2.277724427787145972e+08 1.454293214883229046e+00
6.540805914998252923e+00 2.309005664918532670e+08 1.452819699932420106e+00
6.662654524581149929e+00 2.339868186571099758e+08 1.451329994818668423e+00
6.786773050723295064e+00 2.370259911692180336e+08 1.449865999143327588e+00
6.913203779678127603e+00 2.400129622721793056e+08 1.448474186119518059e+00
7.041989785449288775e+00 2.429427277413757443e+08 1.447205522915001819e+00
7.173174944465612768e+00 2.458092079113290608e+08 1.446086939034841867e+00
7.306803950529499936e+00 2.486042802660158575e+08 1.445099978703225929e+00
7.442922330043757917e+00 2.513193915782757401e+08 1.444219218445999653e+00
7.581576457522110069e+00 2.539457483305630088e+08 1.443415924359805258e+00
7.722813571388642551e+00 2.564743464328183234e+08 1.442657763369730617e+00
7.866681790071582192e+00 2.588960054138967991e+08 1.441908499522490228e+00
8.013230128396878982e+00 2.612014084716264009e+08 1.441127685702899841e+00
8.162508514287219796e+00 2.633834482392477095e+08 1.440286654203205785e+00
8.314567805772055564e+00 2.654426186056316793e+08 1.439405056889431433e+00
8.469459808314576676e+00 2.673822646898451746e+08 1.438514998533460432e+00
8.627237292461440887e+00 2.692074742999731302e+08 1.437652255028022630e+00
8.787954011821311084e+00 2.709252268645325899e+08 1.436856562162353468e+00
8.951664721378293166e+00 2.725445481047804952e+08 1.436171934838407216e+00
9.118425196146562328e+00 2.740766720883599520e+08 1.435647022212678925e+00
9.288292250172489162e+00 2.755352129956133366e+08 1.435335505356246877e+00
9.461323755890759912e+00 2.769363497834495306e+08 1.435296545353037745e+00
9.637578663841079418e+00 2.782990279805970788e+08 1.435595291350338698e+00
9.817117022752183786e+00 2.796451841337335706e+08 1.436303459994364484e+00
1.000000000000000000e+01 2.809999999999999404e+08 1.437500000000000000e+00
