# Source: PRIMAT compilation, https://doi.org/10.1016/j.physrep.2018.04.005
1.000000000000000021e-03 1.380000000000001389e-79 3.000000000000000000e+00
1.018628990244687619e-03 4.337141871928869681e-79 3.000000000000000000e+00
1.037605019766911670e-03 1.372630792116046431e-78 3.000000000000000000e+00
1.056934553557988335e-03 4.373258432577030772e-78 2.999999999999999556e+00
1.076624177045493267e-03 1.402256751867835500e-77 2.999999999999999556e+00
1.096680598336868600e-03 4.523603326387870795e-77 3.000000000000000000e+00
1.117110650504824203e-03 1.467687086975301886e-76 2.999999999999999556e+00
1.137921293915315117e-03 4.787685194566069567e-76 2.999999999999999556e+00
1.159119618598885779e-03 1.569660561090854972e-75 3.000000000000000000e+00
1.180712846666190276e-03 5.170261814877483224e-75 3.000000000000000444e+00
1.202708334768511989e-03 1.710323298803394650e-74 3.000000000000000000e+00
1.225113576604118949e-03 5.679743316199153513e-74 2.999999999999999556e+00
1.247936205471311460e-03 1.892708174304956473e-73 2.999999999999999112e+00
1.271183996869028896e-03 6.326396748930740176e-73 3.000000000000000888e+00
1.294864871145904933e-03 2.120089398061667401e-72 3.000000000000000000e+00
1.318986896198670470e-03 7.119966613846902157e-72 3.000000000000000888e+00
1.343558290220826226e-03 2.395095424906369523e-71 3.000000000000000000e+00
1.368587424502519176e-03 8.066366563676780088e-71 2.999999999999999556e+00
1.394082826282578647e-03 2.718484472837477829e-70 3.000000000000000000e+00
1.420053181653683095e-03 9.163208150353710681e-70 3.000000000000000888e+00
1.446507338521647217e-03 3.087541677122317397e-69 2.999999999999999556e+00
1.473454309619835756e-03 1.039418703534583896e-68 3.000000000000000444e+00
1.500903275579736594e-03 3.494168712890635273e-68 3.000000000000000000e+00
1.528863588058731147e-03 1.172281306610324468e-67 3.000000000000000000e+00
1.557344772926135207e-03 3.922921363976624322e-67 3.000000000000000444e+00
1.586356533508589657e-03 1.308666541611617689e-66 3.000000000000000444e+00
1.615908753895919101e-03 4.349497481918031091e-66 3.000000000000000000e+00
1.646011502308549748e-03 1.439417359706262893e-65 3.000000000000000000e+00
1.676675034527699143e-03 4.740425640680409148e-65 3.000000000000000000e+00
1.707909797389426916e-03 1.552657019280127723e-64 3.000000000000000888e+00
1.739726432343800767e-03 5.054824083928417207e-64 3.000000000000000444e+00
1.772135779080358372e-03 1.634762366137134775e-63 3.000000000000000000e+00
1.805148879221108154e-03 5.248909269945635681e-63 2.999999999999999556e+00
1.838776980082326793e-03 1.672246430646773194e-62 2.999999999999999556e+00
1.873031538506436536e-03 5.283279284020934806e-62 3.000000000000000888e+00
1.907924224765265072e-03 1.654397854470876637e-61 2.999999999999999556e+00
1.943466926536020246e-03 5.131893642851691927e-61 2.999999999999999556e+00
1.979671752951332481e-03 1.576135755556293064e-60 3.000000000000000000e+00
2.016551038724746607e-03 4.790439885553456419e-60 2.999999999999999556e+00
2.054117348353064112e-03 1.440200333912142051e-59 3.000000000000000444e+00
2.092383480396977150e-03 4.281052848459800033e-59 3.000000000000000000e+00
2.131362471841437810e-03 1.257736310824711936e-58 3.000000000000000000e+00
2.171067602537264923e-03 3.650818596863457795e-58 3.000000000000000000e+00
2.211512399725488933e-03 1.046705868117131532e-57 2.999999999999999556e+00
2.252710642645980484e-03 2.963395069147241550e-57 3.000000000000000000e+00
2.294676367231936100e-03 8.283414474358543563e-57 3.000000000000000000e+00
2.337423870891814758e-03 2.285807571063018959e-56 3.000000000000000000e+00
2.380967717380358135e-03 6.226880002387773266e-56 2.999999999999999556e+00
2.425322741760352948e-03 1.674674858271028699e-55 3.000000000000000444e+00
2.470504055456825433e-03 4.447244108058337480e-55 2.999999999999999556e+00
2.516527051405391836e-03 1.166461358534721915e-54 3.000000000000000444e+00
2.563407409296514835e-03 3.023006792428147040e-54 3.000000000000000444e+00
2.611161100917459583e-03 7.745062609571136790e-54 3.000000000000000000e+00
2.659804395593758260e-03 1.962990741895070307e-53 3.000000000000000444e+00
2.709353865732051433e-03 4.925817927138208786e-53 2.999999999999999556e+00
2.759826392466180594e-03 1.225010431058387957e-52 3.000000000000000888e+00
2.811239171408464344e-03 3.022868706061139690e-52 3.000000000000000000e+00
2.863609718508115885e-03 7.411791861843631191e-52 3.000000000000000444e+00
2.916955876018795853e-03 1.808654210263470203e-51 2.999999999999999556e+00
2.971295818577334054e-03 4.400746787035545748e-51 3.000000000000000444e+00
3.026648059395692196e-03 1.069888304320464932e-50 3.000000000000000444e+00
3.083031456568277075e-03 2.601499961567851130e-50 3.000000000000000000e+00
3.140465219496752208e-03 6.324648619485661100e-50 2.999999999999999556e+00
3.198968915434537586e-03 1.536727724249405760e-49 3.000000000000000000e+00
3.258562476153226226e-03 3.730109125517475799e-49 3.000000000000000444e+00
3.319266204733189573e-03 9.041113904166038166e-49 3.000000000000000888e+00
3.381100782480685445e-03 2.187286196516826758e-48 3.000000000000000444e+00
3.444087275973823411e-03 5.279296289943374574e-48 3.000000000000000000e+00
3.508247144239792347e-03 1.270670601273720159e-47 3.000000000000000000e+00
3.573602246065788347e-03 3.048406043702850444e-47 3.000000000000000000e+00
3.640174847446141400e-03 7.285994699027533401e-47 2.999999999999999556e+00
3.707987629168172684e-03 1.734090527395939800e-46 2.999999999999999556e+00
3.777063694539364597e-03 4.107807058864432590e-46 2.999999999999999556e+00
3.847426577258505898e-03 9.680336422937735864e-46 2.999999999999999556e+00
3.919100249433401899e-03 2.268290447612748057e-45 3.000000000000000444e+00
3.992109129748053209e-03 5.282260619943052308e-45 3.000000000000000444e+00
4.066478091781853925e-03 1.221964075181614897e-44 3.000000000000000000e+00
4.142232472483897525e-03 2.807572931940184442e-44 2.999999999999999556e+00
4.219398080805024202e-03 6.406327019542611065e-44 3.000000000000000000e+00
4.298001206490798497e-03 1.451733740676740041e-43 3.000000000000000444e+00
4.378068629038166758e-03 3.267265775361040277e-43 2.999999999999999556e+00
4.459627626819095622e-03 7.303812903328383931e-43 3.000000000000000000e+00
4.542705986374042521e-03 1.622040877519311067e-42 3.000000000000000444e+00
4.627332011878692967e-03 3.579601591650795337e-42 3.000000000000000000e+00
4.713534534786906725e-03 7.852718662350205281e-42 3.000000000000000000e+00
4.801342923653449841e-03 1.713212427090654205e-41 2.999999999999999112e+00
4.890787094139589959e-03 3.719180897328877001e-41 3.000000000000000000e+00
4.981897519205159656e-03 8.039284202765073752e-41 2.999999999999999556e+00
5.074705239490466188e-03 1.731496976932777156e-40 3.000000000000000000e+00
5.169241873891598608e-03 3.716113353840265565e-40 2.999999999999999556e+00
5.265539630332755246e-03 7.945502744835024250e-40 3.000000000000000000e+00
5.363631316739239652e-03 1.692111301747386604e-39 3.000000000000000444e+00
5.463550352214875498e-03 3.588648301375015042e-39 3.000000000000000000e+00
5.565330778427646403e-03 7.578048387304346956e-39 3.000000000000000000e+00
5.669007271207434327e-03 1.593127947877197907e-38 2.999999999999999556e+00
5.774615152359819509e-03 3.334009707514657133e-38 3.000000000000000000e+00
5.882190401699956099e-03 6.945085943053872158e-38 2.999999999999999556e+00
5.991769669310619169e-03 1.440031410270688009e-37 3.000000000000000000e+00
6.103390288028621123e-03 2.972001281382213539e-37 3.000000000000000000e+00
6.217090286163826779e-03 6.104928168926882226e-37 2.999999999999999556e+00
6.332908400455114321e-03 1.248074518940866015e-36 3.000000000000000000e+00
6.450884089267692675e-03 2.539336697268324437e-36 3.000000000000000444e+00
6.571057546036270826e-03 5.141985879560299534e-36 3.000000000000000000e+00
6.693469712958660493e-03 1.036346637340510028e-35 3.000000000000000444e+00
6.818162294944479437e-03 2.079216036393329897e-35 3.000000000000000888e+00
6.945177773823696388e-03 4.153345299649511260e-35 3.000000000000000888e+00
7.074559422819878297e-03 8.262412128047798350e-35 3.000000000000000888e+00
7.206351321293052656e-03 1.637035642815710547e-34 3.000000000000000000e+00
7.340598369757212090e-03 3.230105868546500073e-34 3.000000000000000000e+00
7.477346305177588227e-03 6.346870450828058701e-34 3.000000000000000888e+00
7.616641716552892058e-03 1.241880788342378212e-33 2.999999999999999112e+00
7.758532060787835978e-03 2.419852003499977202e-33 3.000000000000000000e+00
7.903065678861348128e-03 4.695886930591506625e-33 3.000000000000000444e+00
8.050291812295981564e-03 9.076511582993166247e-33 3.000000000000000000e+00
8.200260619934130954e-03 1.747482810880104158e-32 2.999999999999999556e+00
8.353023195026778799e-03 3.350817986808318128e-32 3.000000000000000000e+00
8.508631582640582489e-03 6.398659051674886798e-32 3.000000000000000000e+00
8.667138797389234081e-03 1.216737182995981629e-31 3.000000000000000888e+00
8.828598841495149604e-03 2.303873277198282392e-31 3.000000000000000000e+00
8.993066723187623582e-03 4.343854624732467534e-31 3.000000000000000000e+00
9.160598475443709407e-03 8.155755616344756531e-31 2.999999999999999556e+00
9.331251175078249249e-03 1.524943105809403261e-30 2.999999999999999112e+00
9.505082962189511861e-03 2.839817957914800364e-30 3.000000000000000000e+00
9.682153059967075343e-03 5.267989915949995781e-30 2.999999999999999556e+00
9.862521794868784469e-03 9.736720658081211206e-30 2.999999999999999112e+00
1.004625061717340749e-02 1.793564752132057006e-29 2.999999999999999112e+00
1.023340212191641702e-02 3.293243434855018463e-29 3.000000000000000000e+00
1.042404007021556327e-02 6.026241464360361139e-29 2.999999999999998668e+00
1.061822941099384125e-02 1.098712535916561783e-28 2.999999999999999112e+00
1.081603630310709954e-02 1.995447476569744824e-28 2.999999999999998668e+00
1.101752813788386791e-02 3.609315026116071403e-28 3.000000000000000444e+00
1.122277356208507652e-02 6.501037317105498958e-28 3.000000000000000444e+00
1.143184250129149725e-02 1.166169310941522537e-27 2.999999999999999556e+00
1.164480618372686072e-02 2.083772352345949357e-27 2.999999999999999556e+00
1.186173716452478509e-02 3.709919172361746072e-27 3.000000000000000444e+00
1.208270935044776506e-02 6.583356589132562253e-27 2.999999999999999556e+00
1.230779802506665188e-02 1.164559969421542733e-26 3.000000000000000000e+00
1.253707987440920262e-02 2.053199428534147842e-26 2.999999999999999112e+00
1.277063301308643990e-02 3.607220028506203534e-26 2.999999999999999556e+00
1.300853701090571267e-02 6.314078145672300866e-26 2.999999999999999556e+00
1.325087291997953214e-02 1.101018425306177200e-25 2.999999999999998668e+00
1.349772330233941706e-02 1.912781253899547086e-25 2.999999999999999112e+00
1.374917225806419029e-02 3.311304682204963084e-25 2.999999999999999112e+00
1.400530545393219653e-02 5.713441344497780579e-25 2.999999999999999112e+00
1.426621015260736910e-02 9.827645927031239360e-25 2.999999999999999556e+00
1.453197524236895383e-02 1.685044352407693066e-24 3.000000000000000000e+00
1.480269126739508674e-02 2.879468515222681463e-24 3.000000000000000000e+00
1.507845045861051086e-02 4.903302369894425412e-24 3.000000000000000000e+00
1.535934676510897039e-02 8.319845888727645414e-24 3.000000000000000000e+00
1.564547588616095955e-02 1.406811631105469797e-23 3.000000000000000888e+00
1.593693530381774456e-02 2.370940616617307144e-23 3.000000000000000444e+00
1.623382431612278159e-02 3.983355115881338559e-23 2.999999999999999556e+00
1.653624407094180307e-02 6.671413406653407330e-23 2.999999999999999556e+00
1.684429760042315330e-02 1.113748187494855421e-22 2.999999999999999112e+00
1.715808985610004986e-02 1.853214977295607044e-22 3.000000000000000000e+00
1.747772774464680795e-02 3.073367207841581794e-22 2.999999999999999556e+00
1.780332016430113962e-02 5.079785952710207646e-22 2.999999999999999556e+00
1.813497804196495186e-02 8.368056511994297388e-22 3.000000000000000000e+00
1.847281437099634188e-02 1.373938658636296054e-21 3.000000000000000000e+00
1.881694424970555696e-02 2.248523809312506596e-21 2.999999999999999556e+00
1.916748492056815148e-02 3.668219785143979055e-21 3.000000000000000000e+00
1.952455581016860828e-02 5.966228522179472703e-21 3.000000000000000444e+00
1.988827856988809734e-02 9.676328897335077461e-21 3.000000000000000000e+00
2.025877711735016989e-02 1.565233918934284146e-20 3.000000000000000888e+00
2.063617767863858837e-02 2.525276302973495940e-20 3.000000000000000000e+00
2.102060883130158278e-02 4.063003753473890280e-20 3.000000000000000000e+00
2.141220154815729262e-02 6.518501449404828661e-20 3.000000000000000444e+00
2.181108924191518805e-02 1.042729752204588067e-19 3.000000000000000444e+00
2.221740781062883641e-02 1.662988073830811444e-19 3.000000000000000000e+00
2.263129568399528321e-02 2.644110210427121019e-19 2.999999999999999556e+00
2.305289387051707301e-02 4.191154172732980217e-19 3.000000000000000000e+00
2.348234600554275145e-02 6.622991571932424000e-19 3.000000000000000000e+00
2.391979840020238418e-02 1.043416339013119868e-18 3.000000000000000000e+00
2.436540009125464853e-02 1.638986396220086805e-18 2.999999999999999112e+00
2.481930289186254010e-02 2.567174505087017917e-18 2.999999999999999112e+00
2.528166144331499277e-02 4.010139956572411823e-18 3.000000000000000000e+00
2.575263326771199887e-02 6.247415020056742264e-18 3.000000000000000000e+00
2.623237882163122203e-02 9.706234464109220937e-18 3.000000000000000000e+00
2.672106155079433804e-02 1.503805051329812451e-17 2.999999999999999556e+00
2.721884794575178332e-02 2.323344094986272949e-17 2.999999999999999112e+00
2.772590759860482645e-02 3.579472089819821514e-17 2.999999999999999556e+00
2.824241326078434297e-02 5.499493350845208514e-17 2.999999999999999556e+00
2.876854090190592711e-02 8.426619834536314737e-17 2.999999999999999112e+00
2.930446976972142861e-02 1.287820503333353151e-16 2.999999999999999556e+00
2.985038245118730796e-02 1.963313692639434737e-16 3.000000000000000000e+00
3.040646493467067182e-02 2.986250188611149462e-16 2.999999999999999556e+00
3.097290667331408301e-02 4.531643490052129284e-16 2.999999999999999556e+00
3.154990064958086704e-02 6.860004298630689580e-16 2.999999999999999556e+00
3.213764344100276948e-02 1.035816248598900421e-15 2.999999999999999556e+00
3.273633528715245988e-02 1.559865221810477307e-15 3.000000000000000000e+00
3.334618015786364187e-02 2.342612058362641924e-15 3.000000000000000000e+00
3.396738582272208068e-02 3.508269760869675124e-15 3.000000000000000000e+00
3.460016392185108480e-02 5.238942612407155618e-15 3.000000000000000444e+00
3.524473003801584237e-02 7.800824532034671451e-15 3.000000000000000444e+00
3.590130377007068330e-02 1.158196469304311072e-14 3.000000000000000444e+00
3.657010880777489259e-02 1.714664522998515476e-14 2.999999999999999112e+00
3.725137300800209633e-02 2.531363935294991162e-14 3.000000000000000444e+00
3.794532847236938011e-02 3.726886424507574360e-14 2.999999999999999112e+00
3.865221162631261864e-02 5.472771767017917851e-14 2.999999999999999112e+00
3.937226329963479377e-02 8.016946936147303207e-14 3.000000000000000000e+00
4.010572880855495931e-02 1.171766589635672616e-13 3.000000000000000000e+00
4.085285803928561527e-02 1.709121010007525051e-13 3.000000000000000000e+00
4.161390553316707264e-02 2.487590976786487539e-13 2.999999999999999556e+00
4.238913057338778573e-02 3.612625586898372015e-13 3.000000000000000000e+00
4.317879727332021161e-02 5.234486956978804991e-13 3.000000000000000000e+00
4.398317466650223523e-02 7.566736916381673627e-13 3.000000000000000000e+00
4.480253679829489938e-02 1.091214897247086733e-12 3.000000000000000000e+00
4.563716281924758839e-02 1.569897976516608034e-12 2.999999999999999112e+00
4.648733708020256344e-02 2.253170023288022288e-12 3.000000000000000000e+00
4.735334922917116413e-02 3.226193474379243355e-12 3.000000000000001332e+00
4.823549431001467047e-02 4.608770134293681984e-12 3.000000000000000444e+00
4.913407286296361809e-02 6.569240799392542513e-12 3.000000000000000444e+00
5.004939102700953213e-02 9.343991888242418360e-12 3.000000000000000444e+00
5.098176064420424647e-02 1.326422008525830808e-11 3.000000000000000444e+00
5.193149936590212012e-02 1.879072401972076938e-11 3.000000000000000888e+00
5.289893076098151070e-02 2.656368651794778878e-11 3.000000000000001332e+00
5.388438442608223938e-02 3.747079604796491595e-11 3.000000000000000444e+00
5.488819609789671872e-02 5.274009547088491986e-11 3.000000000000000444e+00
5.591070776755290017e-02 7.406684051204489129e-11 3.000000000000000888e+00
5.695226779712821846e-02 1.037867394630922280e-10 3.000000000000000000e+00
5.801323103833375128e-02 1.451125580260484800e-10 3.000000000000001332e+00
5.909395895340967958e-02 2.024575225107424065e-10 3.000000000000000444e+00
6.019481973827271043e-02 2.818779996792911122e-10 2.999999999999999556e+00
6.131618844795772016e-02 3.916610022321137733e-10 3.000000000000000444e+00
6.245844712439614643e-02 5.430783156306048527e-10 3.000000000000000444e+00
6.362198492657485105e-02 7.514455401210333881e-10 3.000000000000000000e+00
6.480719826311967524e-02 1.037534007941794631e-09 2.999999999999999556e+00
6.601449092734885948e-02 1.429458554528914870e-09 2.999999999999999556e+00
6.724427423484245769e-02 1.965207694511208067e-09 3.000000000000000444e+00
6.849696716357443760e-02 2.696037170702877427e-09 3.000000000000000000e+00
6.977299649665534564e-02 3.691028035379332059e-09 3.000000000000000444e+00
7.107279696773415034e-02 5.043159022004262722e-09 3.000000000000000000e+00
7.239681140910873836e-02 6.876942956017305663e-09 2.999999999999999556e+00
7.374549090259549522e-02 9.358835971147225842e-09 3.000000000000000888e+00
7.511929493320965157e-02 1.271119566274126064e-08 3.000000000000000000e+00
7.651869154570821452e-02 1.723069871650644750e-08 3.000000000000000000e+00
7.794415750404946885e-02 2.331284685341249725e-08 3.000000000000000444e+00
7.939617845382279659e-02 3.148466097914399891e-08 3.000000000000000444e+00
8.087524908770453436e-02 4.244810024355571744e-08 3.000000000000001332e+00
8.238187331399605962e-02 5.713113382056205913e-08 3.000000000000000000e+00
8.391656442830157381e-02 7.675447718816295298e-08 3.000000000000001332e+00
8.547984528840409102e-02 1.029234096837316679e-07 3.000000000000000444e+00
8.707224849239916797e-02 1.377436277650366798e-07 3.000000000000000000e+00
8.869431656014709064e-02 1.839703027960380261e-07 3.000000000000000000e+00
9.034660211810524588e-02 2.451997555091397619e-07 3.000000000000000000e+00
9.202966808760409956e-02 3.261247435863547042e-07 2.999999999999999556e+00
9.374408787662991127e-02 4.328818853218461075e-07 3.000000000000000000e+00
9.549044557518077125e-02 5.734865263072556230e-07 2.999999999999999556e+00
9.726933615426168467e-02 7.584115984478639588e-07 2.999999999999999556e+00
9.908136566858666283e-02 1.001357991968665217e-06 3.000000000000000444e+00
1.009271514630570854e-01 1.320273897075749896e-06 2.999999999999999556e+00
1.028073223830864719e-01 1.738411713467688375e-06 3.000000000000000444e+00
1.047225189888434382e-01 2.285625159352187910e-06 3.000000000000000000e+00
1.066733937734857113e-01 3.000327282716735524e-06 3.000000000000000000e+00
1.086606113854596822e-01 3.931808020651917285e-06 3.000000000000000000e+00
1.106848488549412035e-01 5.143120589619737564e-06 2.999999999999999556e+00
1.127467958244946084e-01 6.714902911647692154e-06 3.000000000000000444e+00
1.148471547840289042e-01 8.750390910673779517e-06 3.000000000000000000e+00
1.169866413101306873e-01 1.138139331064467135e-05 3.000000000000000000e+00
1.191659843098558796e-01 1.477602820134767376e-05 2.999999999999999556e+00
1.213859262690627772e-01 1.914857985299760841e-05 3.000000000000000444e+00
1.236472235053715091e-01 2.477127704056000825e-05 3.000000000000000000e+00
1.259506464258357550e-01 3.198946575449244988e-05 2.999999999999999112e+00
1.282969797894147612e-01 4.124154306315144168e-05 3.000000000000000444e+00
1.306870229743346268e-01 5.308409887893955018e-05 2.999999999999998668e+00
1.331215902504307713e-01 6.822115642575617405e-05 3.000000000000000000e+00
1.356015110565633452e-01 8.753791566877584124e-05 2.999999999999999556e+00
1.381276302832009362e-01 1.121492049162034851e-04 2.999999999999999556e+00
1.407008085602685088e-01 1.434585281972546868e-04 2.999999999999999112e+00
1.433219225503573890e-01 1.832276386997253232e-04 2.999999999999999112e+00
1.459918652473978506e-01 2.336583302728048779e-04 2.999999999999999556e+00
1.487115462808953625e-01 2.975034930927670986e-04 3.000000000000000444e+00
1.514818922258345801e-01 3.782023955243813220e-04 3.000000000000000000e+00
1.543038469183564687e-01 4.800437089119786375e-04 3.000000000000000000e+00
1.571783717773162781e-01 6.083688455494307926e-04 3.000000000000000444e+00
1.601064461318317811e-01 7.698310495583141674e-04 3.000000000000000000e+00
1.630890675549332702e-01 9.727006085987406929e-04 3.000000000000000000e+00
1.661272522034293042e-01 1.227187346614077093e-03 3.000000000000000000e+00
1.692220351641037235e-01 1.545903017966834998e-03 3.000000000000000444e+00
1.723744708063619790e-01 1.944423050425793560e-03 3.000000000000000444e+00
1.755856331414468730e-01 2.441969151297954631e-03 3.000000000000000444e+00
1.788566161883461958e-01 3.062254283981621136e-03 3.000000000000000444e+00
1.821885343465165230e-01 3.834519716729171013e-03 3.000000000000000888e+00
1.855825227755517060e-01 4.794633046010660093e-03 3.000000000000000000e+00
1.890397377819219571e-01 5.986518006116724015e-03 3.000000000000000444e+00
1.925613572129196704e-01 7.464034661625359134e-03 2.999999999999999556e+00
1.961485808579429280e-01 9.293222485460240004e-03 3.000000000000000000e+00
1.998026308572548593e-01 1.155508046228124509e-02 3.000000000000000444e+00
2.035247521183575770e-01 1.434875195509648788e-02 3.000000000000000000e+00
2.073162127401229071e-01 1.779415357918758336e-02 2.999999999999999556e+00
2.111783044448242164e-01 2.203647901261382089e-02 2.999999999999999556e+00
2.151123430182164953e-01 2.725160242907991373e-02 2.999999999999999556e+00
2.191196687578147451e-01 3.365226781919971460e-02 2.999999999999999112e+00
2.232016469295232397e-01 4.149552359169375593e-02 2.999999999999999112e+00
2.273596682327715113e-01 5.109168097674732928e-02 2.999999999999999556e+00
2.315951492743152096e-01 6.281515213722115021e-02 2.999999999999999556e+00
2.359095330508633737e-01 7.711762729095630875e-02 3.000000000000000888e+00
2.403042894406967056e-01 9.454418892761615179e-02 2.999999999999999556e+00
2.447809157044440187e-01 1.157531483109577736e-01 3.000000000000000444e+00
2.493409369951877785e-01 1.415406428038261666e-01 3.000000000000000000e+00
2.539859068780723761e-01 1.728683305543143311e-01 2.999999999999999556e+00
2.587174078595921300e-01 2.108784809058455723e-01 3.000000000000000888e+00
2.635370519267393186e-01 2.569297163885181923e-01 3.000000000000000444e+00
2.684464810961962322e-01 3.126423719117762401e-01 2.999999999999999556e+00
2.734473679737579599e-01 3.799469021084529441e-01 3.000000000000000888e+00
2.785414163241766161e-01 4.611414304503081429e-01 3.000000000000000444e+00
2.837303616516211324e-01 5.589604749496197567e-01 3.000000000000000444e+00
2.890159717909508430e-01 6.766574451768043730e-01 3.000000000000000444e+00
2.944000475100033709e-01 8.181042657394128614e-01 3.000000000000000888e+00
2.998844231231027613e-01 9.879124969447787841e-01 3.000000000000000444e+00
3.054709671159968054e-01 1.191561575856753930e+00 3.000000000000000444e+00
3.111615827824359970e-01 1.435476780985529111e+00 3.000000000000000000e+00
3.169582088726115021e-01 1.727216405568471558e+00 2.999999999999999556e+00
3.228628202536730218e-01 2.075685331797066269e+00 3.000000000000000000e+00
3.288774285825510346e-01 2.491370210510885030e+00 3.000000000000000444e+00
3.350040829913132900e-01 2.986619279987817066e+00 3.000000000000000000e+00
3.412448707852889229e-01 3.575977445045395609e+00 2.999999999999999556e+00
3.476019181541977754e-01 4.276590414788379313e+00 2.999999999999999556e+00
3.540773908965269556e-01 5.108675410939296668e+00 2.999999999999999556e+00
3.606734951574028236e-01 6.095786596843921323e+00 3.000000000000000888e+00
3.673924781802074269e-01 7.265284718737136771e+00 3.000000000000000444e+00
3.742366290721980682e-01 8.649104427213160307e+00 3.000000000000000444e+00
3.812082795843887983e-01 1.028451432662083498e+01 3.000000000000000888e+00
3.883098049059605095e-01 1.221501336966344198e+01 3.000000000000000444e+00
3.955436244734701345e-01 1.449140056099567353e+01 3.000000000000000000e+00
4.029122027951347884e-01 1.717304786825116025e+01 3.000000000000000444e+00
4.104180502904709038e-01 2.032879242445691403e+01 2.999999999999999112e+00
4.180637241455757991e-01 2.403785205715732332e+01 2.999999999999999556e+00
4.258518291843414461e-01 2.839192830979586191e+01 3.000000000000000000e+00
4.337850187558989212e-01 3.349722401556351770e+01 3.000000000000000000e+00
4.418659956385941334e-01 3.947678038461656058e+01 2.999999999999999556e+00
4.500975129608046355e-01 4.647326228971382989e+01 3.000000000000000444e+00
4.584823751389096036e-01 5.465174148562922340e+01 2.999999999999999556e+00
4.670234388327330621e-01 6.420121801274537177e+01 2.999999999999999556e+00
4.757236139187884794e-01 7.533903388861585881e+01 2.999999999999999112e+00
4.845858644816490868e-01 8.831570719460755470e+01 3.000000000000000000e+00
4.936132098237911991e-01 1.034202517368130856e+02 2.999999999999999556e+00
5.028087254942474882e-01 1.209865074644873175e+02 3.000000000000000000e+00
5.121755443364236493e-01 1.413965302752071409e+02 2.999999999999999556e+00
5.217168575554343990e-01 1.650821056908171727e+02 3.000000000000000888e+00
5.314359158053235666e-01 1.925353767836917029e+02 3.000000000000000000e+00
5.413360302965375404e-01 2.243176771179213631e+02 3.000000000000000000e+00
5.514205739240296555e-01 2.610692201051900270e+02 3.000000000000000444e+00
5.616929824163804374e-01 3.035204358246589322e+02 2.999999999999999556e+00
5.721567555063246102e-01 3.525053550686427002e+02 3.000000000000000444e+00
5.828154581230839959e-01 4.089775581560057844e+02 3.000000000000000444e+00
5.936727216069119795e-01 4.740293590744570338e+02 2.999999999999999112e+00
6.047322449462643190e-01 5.489143905500008032e+02 3.000000000000000000e+00
6.159977960380161877e-01 6.350481809435653986e+02 2.999999999999999112e+00
6.274732129711574347e-01 7.340094533937351571e+02 2.999999999999999556e+00
6.391624053343999412e-01 8.475811298782555241e+02 2.999999999999999112e+00
6.510693555481454897e-01 9.777784554968579869e+02 3.000000000000000000e+00
6.631981202212668958e-01 1.126879996186421067e+03 3.000000000000000444e+00
6.755528315331639222e-01 1.297464005107176945e+03 3.000000000000000000e+00
6.881376986415662644e-01 1.492451501419022634e+03 2.999999999999999556e+00
7.009570091165617800e-01 1.715157785348850439e+03 3.000000000000000444e+00
7.140151304013395706e-01 1.969326069507955935e+03 3.000000000000000444e+00
7.273165113001454074e-01 2.259103190893687952e+03 3.000000000000000888e+00
7.408656834939559843e-01 2.589129059315174800e+03 3.000000000000000888e+00
7.546672630843886953e-01 2.964613720780975655e+03 3.000000000000000888e+00
7.687259521663728501e-01 3.391412200362278782e+03 3.000000000000000000e+00
7.830465404301183430e-01 3.876113028810794276e+03 3.000000000000000444e+00
7.976339067929273385e-01 4.426143996184355274e+03 3.000000000000000444e+00
8.124930210614047521e-01 5.049866865930037420e+03 3.000000000000000000e+00
8.276289456246344045e-01 5.756491972307600008e+03 3.000000000000000000e+00
8.430468371788967241e-01 6.556220302951811391e+03 3.000000000000000000e+00
8.587519484845170803e-01 7.460431882975368353e+03 2.999999999999999556e+00
8.747496301554414933e-01 8.481834004962247491e+03 3.000000000000000000e+00
8.910453324821513421e-01 9.634636408252496039e+03 2.999999999999999112e+00
9.076446072885356875e-01 1.093475365662609693e+04 2.999999999999999112e+00
9.245531098233570333e-01 1.239982908876735200e+04 2.999999999999999556e+00
9.417766006869519035e-01 1.404931866495411123e+04 2.999999999999999556e+00
9.593209477938241525e-01 1.590488921971095988e+04 3.000000000000000444e+00
9.771921283717996953e-01 1.799072862640768290e+04 3.000000000000000000e+00
9.953962309984233370e-01 2.033390725571020812e+04 3.000000000000000444e+00
1.013939457675291811e+00 2.296468698581361969e+04 3.000000000000000888e+00
1.032828125941028574e+00 2.591579315797398885e+04 3.000000000000001332e+00
1.052068671023622892e+00 2.922273429374973057e+04 3.000000000000000000e+00
1.071667648032863296e+00 3.292453272134277358e+04 3.000000000000000000e+00
1.091631734193614811e+00 3.706407786904540262e+04 3.000000000000000888e+00
1.111967731120699021e+00 4.168853025102739775e+04 3.000000000000000000e+00
1.132682567136153784e+00 4.684979493260036543e+04 3.000000000000000888e+00
1.153783299629660863e+00 5.260508315300584218e+04 3.000000000000000444e+00
1.175277117462945276e+00 5.901758580303085182e+04 3.000000000000000444e+00
1.197171343418965694e+00 6.615728870224782440e+04 3.000000000000000444e+00
1.219473436696737023e+00 7.410196741156261123e+04 3.000000000000000000e+00
1.242190995452616242e+00 8.293840906678418105e+04 3.000000000000000444e+00
1.265331759388941713e+00 9.276349762960901717e+04 3.000000000000000444e+00
1.288903612390891462e+00 1.036804703729222092e+05 3.000000000000000888e+00
1.312914585212463958e+00 1.157991429127656593e+05 3.000000000000000000e+00
1.337372858212495075e+00 1.292391497896282817e+05 3.000000000000000888e+00
1.362286764141645401e+00 1.441309456800792832e+05 3.000000000000000444e+00
1.387664790981307128e+00 1.606169219753238722e+05 2.999999999999999556e+00
1.413515584835394190e+00 1.788527335262780834e+05 3.000000000000000000e+00
1.439847952876006643e+00 1.990088918904885941e+05 2.999999999999999556e+00
1.466670866343967150e+00 2.212726956228359777e+05 3.000000000000000444e+00
1.493993463605256311e+00 2.458505856594532088e+05 3.000000000000000444e+00
1.521825053264385552e+00 2.729696821058299975e+05 3.000000000000000444e+00
1.550175117335768737e+00 3.028698664269262808e+05 3.000000000000000444e+00
1.579053314474174297e+00 3.358067523292931728e+05 3.000000000000000444e+00
1.608469483265355215e+00 3.720573451346130460e+05 3.000000000000000444e+00
1.638433645577983100e+00 4.119223114399517071e+05 3.000000000000000000e+00
1.668956009978023181e+00 4.557286874409054290e+05 3.000000000000000444e+00
1.700046975206716438e+00 5.038331747378819273e+05 3.000000000000000444e+00
1.731717133723352786e+00 5.566261765428490471e+05 3.000000000000000000e+00
1.763977275314043469e+00 6.145363550349085126e+05 3.000000000000000000e+00
1.796838390767719229e+00 6.780218499815140385e+05 3.000000000000000000e+00
1.830311675620611256e+00 7.475643086549296277e+05 2.999999999999999556e+00
1.864408533970485227e+00 8.236837956670571584e+05 3.000000000000000444e+00
1.899140582361933616e+00 9.069441998193147592e+05 3.000000000000000444e+00
1.934519653744044332e+00 9.979588359573748894e+05 3.000000000000000888e+00
1.970557801501798378e+00 1.097397329511491815e+06 3.000000000000000888e+00
2.007267303562568106e+00 1.205994007258412661e+06 3.000000000000000444e+00
2.044660666579115826e+00 1.324534434342685156e+06 3.000000000000000888e+00
2.082750630190514318e+00 1.453818996371691581e+06 3.000000000000000444e+00
2.121550171362450055e+00 1.594695413704745006e+06 3.000000000000000444e+00
2.161072508808376647e+00 1.748068752963703359e+06 3.000000000000000444e+00
2.201331107493030181e+00 1.914906567079292843e+06 3.000000000000000888e+00
2.242339683219845003e+00 2.096245226952606114e+06 3.000000000000000444e+00
2.284112207303823361e+00 2.293197770898621529e+06 3.000000000000000444e+00
2.326662911331458083e+00 2.506963670027542859e+06 3.000000000000000000e+00
2.370006292009327886e+00 2.738840993800408673e+06 3.000000000000000444e+00
2.414157116103017753e+00 2.990241563452573027e+06 3.000000000000000000e+00
2.459130425468043946e+00 3.262709806166109163e+06 3.000000000000000000e+00
2.504941542174502267e+00 3.557946122501100414e+06 2.999999999999999556e+00
2.551606073727183954e+00 3.877770270588472951e+06 3.000000000000000000e+00
2.599139918382932901e+00 4.223977255523807369e+06 2.999999999999999112e+00
2.647559270567066747e+00 4.598440926623717882e+06 3.000000000000000444e+00
2.696880626390692370e+00 5.003150664398140274e+06 3.000000000000000888e+00
2.747120789270811603e+00 5.440222788843717426e+06 3.000000000000000000e+00
2.798296875655115645e+00 5.911914849504246376e+06 3.000000000000000000e+00
2.850426320853434614e+00 6.420643535038587637e+06 3.000000000000000000e+00
2.903526884977813971e+00 6.969007090672086924e+06 3.000000000000000888e+00
2.957616658993253544e+00 7.559813311021016911e+06 3.000000000000000888e+00
3.012714070881164385e+00 8.196113606871979311e+06 3.000000000000000444e+00
3.068837891917642224e+00 8.881115446863895282e+06 3.000000000000000444e+00
3.126007243068700259e+00 9.618006729749916121e+06 3.000000000000000444e+00
3.184241601504649744e+00 1.041012884356836602e+07 3.000000000000000444e+00
3.243560807235807975e+00 1.126102367984510958e+07 3.000000000000000888e+00
3.303985069871854918e+00 1.217445934044172615e+07 3.000000000000000000e+00
3.365534975507090909e+00 1.315446262220208347e+07 3.000000000000000444e+00
3.428231493733967294e+00 1.420535985110194795e+07 3.000000000000000444e+00
3.492095984787267682e+00 1.533182793726224639e+07 3.000000000000000000e+00
3.557150206821382277e+00 1.653888464931716956e+07 2.999999999999999556e+00
3.623416323323146226e+00 1.783153823382371664e+07 2.999999999999999556e+00
3.690916910662774608e+00 1.921495572235070542e+07 2.999999999999999556e+00
3.759674965785463563e+00 2.069462562783189863e+07 3.000000000000000000e+00
3.829713914046277257e+00 2.227640745631988719e+07 3.000000000000000444e+00
3.901057617190989202e+00 2.396659363467003033e+07 3.000000000000000444e+00
3.973730381485604202e+00 2.577198674992940202e+07 3.000000000000000444e+00
4.047756965997318268e+00 2.769993454895289242e+07 3.000000000000000000e+00
4.123162591029748469e+00 2.975763208845195547e+07 3.000000000000000000e+00
4.199972946715301525e+00 3.195211119784354046e+07 2.999999999999999556e+00
4.278214201767612579e+00 3.429068550303405523e+07 3.000000000000000000e+00
4.357913012397025554e+00 3.678099305973725766e+07 3.000000000000000444e+00
4.439096531392166867e+00 3.943104051915971935e+07 2.999999999999999556e+00
4.521792417370697592e+00 4.224926082257663459e+07 2.999999999999999556e+00
4.606028844202397998e+00 4.524458745337141305e+07 3.000000000000000444e+00
4.691834510607794329e+00 4.842654878809463978e+07 2.999999999999999556e+00
4.779238649935595440e+00 5.180538668775370717e+07 2.999999999999999112e+00
4.868271040122278848e+00 5.539220417897256464e+07 3.000000000000000000e+00
4.958962013837211913e+00 5.919914792144857347e+07 2.999999999999999556e+00
5.051342468816761411e+00 6.323952912483448535e+07 3.000000000000000000e+00
5.145443878390924652e+00 6.752611063530226052e+07 3.000000000000000000e+00
5.241298302206056192e+00 7.207072385098221898e+07 3.000000000000000444e+00
5.338938397147350301e+00 7.688559660560676455e+07 3.000000000000000888e+00
5.438397428464796235e+00 8.198346936444647610e+07 3.000000000000000000e+00
5.539709281106400596e+00 8.737768342637330294e+07 3.000000000000000000e+00
5.642908471262536807e+00 9.308229495772756636e+07 3.000000000000000000e+00
5.748030158125351008e+00 9.911222014393556118e+07 2.999999999999999556e+00
5.855110155867238042e+00 1.054834175843193829e+08 2.999999999999999556e+00
5.964184945842459840e+00 1.122131150378929675e+08 3.000000000000000000e+00
6.075291689016070862e+00 1.193198616093397290e+08 3.000000000000000000e+00
6.188468238624382778e+00 1.268212179925197065e+08 3.000000000000000000e+00
6.303753153071275150e+00 1.347339909806616008e+08 2.999999999999999556e+00
6.421185709064758385e+00 1.430756667540911138e+08 3.000000000000000000e+00
6.540805914998252923e+00 1.518645861100659966e+08 3.000000000000000444e+00
6.662654524581149929e+00 1.611201388634401858e+08 3.000000000000000444e+00
6.786773050723295064e+00 1.708630083932428956e+08 3.000000000000000444e+00
6.913203779678127603e+00 1.811154755227742791e+08 3.000000000000000000e+00
7.041989785449288775e+00 1.919017569031747282e+08 3.000000000000000000e+00
7.173174944465612768e+00 2.032460052184813619e+08 3.000000000000000000e+00
7.306803950529499936e+00 2.151701716984637082e+08 3.000000000000000000e+00
7.442922330043757917e+00 2.276968421998832226e+08 2.999999999999999556e+00
7.581576457522110069e+00 2.408497653346567452e+08 3.000000000000000444e+00
7.722813571388642551e+00 2.546541462315748036e+08 3.000000000000000000e+00
7.866681790071582192e+00 2.691370122398864031e+08 2.999999999999999112e+00
8.013230128396878982e+00 2.843276620302407146e+08 3.000000000000000000e+00
8.162508514287219796e+00 3.002562040281306505e+08 3.000000000000000000e+00
8.314567805772055564e+00 3.169488562490153909e+08 2.999999999999999556e+00
8.469459808314576676e+00 3.344316325559839010e+08 3.000000000000000444e+00
8.627237292461440887e+00 3.527315903269209266e+08 2.999999999999999556e+00
8.787954011821311084e+00 3.718771508262454271e+08 3.000000000000000000e+00
8.951664721378293166e+00 3.918985021029646397e+08 3.000000000000000888e+00
9.118425196146562328e+00 4.128280983477372527e+08 3.000000000000000444e+00
9.288292250172489162e+00 4.347012715754299164e+08 3.000000000000000888e+00
9.461323755890759912e+00 4.575569737818986177e+08 3.000000000000000444e+00
9.637578663841079418e+00 4.814386704571010470e+08 3.000000000000000444e+00
9.817117022752183786e+00 5.063954096548953652e+08 3.000000000000000444e+00
1.000000000000000000e+01 5.324830949000007510e+08 3.000000000000000000e+00
