# Source: PRIMAT compilation, https://doi.org/10.1016/j.physrep.2018.04.005
1.000000000000000021e-03 1.000000000000000008e-35 1.000000000000000000e+02
1.018628990244687619e-03 9.905581776005409071e-36 1.000000000000000000e+02
1.037605019766911670e-03 9.810774343025761662e-36 1.000000000000000995e+02
1.056934553557988335e-03 9.715609847340923817e-36 1.000000000000000000e+02
1.076624177045493267e-03 9.620121838391716520e-36 1.000000000000000000e+02
1.096680598336868600e-03 9.524345295046174199e-36 1.000000000000000000e+02
1.117110650504824203e-03 9.428316651776111841e-36 1.000000000000000000e+02
1.137921293915315117e-03 9.332073824793396174e-36 1.000000000000000000e+02
1.159119618598885779e-03 9.235656238221006892e-36 1.000000000000000000e+02
1.180712846666190276e-03 9.139104850385707332e-36 1.000000000000000995e+02
1.202708334768511989e-03 9.042462180345158054e-36 1.000000000000000995e+02
1.225113576604118949e-03 8.945772334781660223e-36 1.000000000000000995e+02
1.247936205471311460e-03 8.849081035431049315e-36 1.000000000000000000e+02
1.271183996869028896e-03 8.752435647236012279e-36 1.000000000000001990e+02
1.294864871145904933e-03 8.655885207456787697e-36 1.000000000000000995e+02
1.318986896198670470e-03 8.559480456006717822e-36 1.000000000000001990e+02
1.343558290220826226e-03 8.463273867328710961e-36 1.000000000000000995e+02
1.368587424502519176e-03 8.367319684173481509e-36 1.000000000000000995e+02
1.394082826282578647e-03 8.271673953704688260e-36 1.000000000000000995e+02
1.420053181653683095e-03 8.176394566407097278e-36 1.000000000000000995e+02
1.446507338521647217e-03 8.081541298361291053e-36 1.000000000000000995e+02
1.473454309619835756e-03 7.987175857509773544e-36 1.000000000000000995e+02
1.500903275579736594e-03 7.893361934643435633e-36 1.000000000000000995e+02
1.528863588058731147e-03 7.800165259927749062e-36 1.000000000000000000e+02
1.557344772926135207e-03 7.707653665907985261e-36 1.000000000000000995e+02
1.586356533508589657e-03 7.615897158051896587e-36 1.000000000000000995e+02
1.615908753895919101e-03 7.524967994038299778e-36 1.000000000000000995e+02
1.646011502308549748e-03 7.434940773155011042e-36 1.000000000000000995e+02
1.676675034527699143e-03 7.345892537355164328e-36 1.000000000000000995e+02
1.707909797389426916e-03 7.257902885725234387e-36 1.000000000000001990e+02
1.739726432343800767e-03 7.171054104347314574e-36 1.000000000000000000e+02
1.772135779080358372e-03 7.085431313809591882e-36 1.000000000000000995e+02
1.805148879221108154e-03 7.001122636912453960e-36 1.000000000000000995e+02
1.838776980082326793e-03 6.918219389464701340e-36 1.000000000000000000e+02
1.873031538506436536e-03 6.836816297451276898e-36 1.000000000000001990e+02
1.907924224765265072e-03 6.757011744308906660e-36 1.000000000000000995e+02
1.943466926536020246e-03 6.678908052549783344e-36 1.000000000000000995e+02
1.979671752951332481e-03 6.602611804577284448e-36 1.000000000000000995e+02
2.016551038724746607e-03 6.528234208211097034e-36 1.000000000000000000e+02
2.054117348353064112e-03 6.455891513231119013e-36 1.000000000000001990e+02
2.092383480396977150e-03 6.385705486170748597e-36 1.000000000000000995e+02
2.131362471841437810e-03 6.317803951644631363e-36 1.000000000000000995e+02
2.171067602537264923e-03 6.252321409750157305e-36 1.000000000000000995e+02
2.211512399725488933e-03 6.189399740523966140e-36 1.000000000000000000e+02
2.252710642645980484e-03 6.129189008145130878e-36 1.000000000000000000e+02
2.294676367231936100e-03 6.071848379574054733e-36 1.000000000000000995e+02
2.337423870891814758e-03 6.017547174682768099e-36 1.000000000000000995e+02
2.380967717380358135e-03 5.966466067721271445e-36 1.000000000000000000e+02
2.425322741760352948e-03 5.918798463281177003e-36 1.000000000000000000e+02
2.470504055456825433e-03 5.874752073858631081e-36 1.000000000000000000e+02
2.516527051405391836e-03 5.834550730818990547e-36 1.000000000000000995e+02
2.563407409296514835e-03 5.798436466202580507e-36 1.000000000000000000e+02
2.611161100917459583e-03 5.766671909555186310e-36 1.000000000000000000e+02
2.659804395593758260e-03 5.739543052121071796e-36 1.000000000000000995e+02
2.709353865732051433e-03 5.717362440553457978e-36 1.000000000000000000e+02
2.759826392466180594e-03 5.700472874223493648e-36 1.000000000000000995e+02
2.811239171408464344e-03 5.689251694696987024e-36 1.000000000000000000e+02
2.863609718508115885e-03 5.684115773633381919e-36 1.000000000000000000e+02
2.916955876018795853e-03 5.685527327019922729e-36 9.999999999999994316e+01
2.971295818577334054e-03 5.694000710265943102e-36 1.000000000000000000e+02
3.026648059395692196e-03 5.710093698697691697e-36 1.000000000000000995e+02
3.083031456568277075e-03 5.733993465093833344e-36 1.000000000000000000e+02
3.140465219496752208e-03 5.765427251707443034e-36 9.999999999999994316e+01
3.198968915434537586e-03 5.804049014535287165e-36 9.999999999999994316e+01
3.258562476153226226e-03 5.849446356106711168e-36 1.000000000000000000e+02
3.319266204733189573e-03 5.901124836127157246e-36 1.000000000000000995e+02
3.381100782480685445e-03 5.958490383021917099e-36 1.000000000000000000e+02
3.444087275973823411e-03 6.020829808324918123e-36 9.999999999999994316e+01
3.508247144239792347e-03 6.087289528057701365e-36 1.000000000000000000e+02
3.573602246065788347e-03 6.156852737444629757e-36 9.999999999999994316e+01
3.640174847446141400e-03 6.228315476183788906e-36 9.999999999999994316e+01
3.707987629168172684e-03 6.300262269714097146e-36 1.000000000000000000e+02
3.777063694539364597e-03 6.371042345116602277e-36 1.000000000000000000e+02
3.847426577258505898e-03 6.438747803402408753e-36 9.999999999999994316e+01
3.919100249433401899e-03 6.501195582938853574e-36 1.000000000000000995e+02
3.992109129748053209e-03 6.555915563415242209e-36 1.000000000000000995e+02
4.066478091781853925e-03 6.601345433806350817e-36 1.000000000000000000e+02
4.142232472483897525e-03 6.642646206829354826e-36 1.000000000000000000e+02
4.219398080805024202e-03 6.688216277813479707e-36 1.000000000000000995e+02
4.298001206490798497e-03 6.747684033092108465e-36 1.000000000000000995e+02
4.378068629038166758e-03 6.832156241968319881e-36 1.000000000000000995e+02
4.459627626819095622e-03 6.954675663059269900e-36 1.000000000000000995e+02
4.542705986374042521e-03 7.130980004964046901e-36 1.000000000000000995e+02
4.627332011878692967e-03 7.380706425123771604e-36 1.000000000000000995e+02
4.713534534786906725e-03 7.729272519137369085e-36 1.000000000000000995e+02
4.801342923653449841e-03 8.210816518470204750e-36 1.000000000000000000e+02
4.890787094139589959e-03 8.872849028560300805e-36 1.000000000000000000e+02
4.981897519205159656e-03 9.783757967999092528e-36 1.000000000000000000e+02
5.074705239490466188e-03 1.104067519778877986e-35 1.000000000000000000e+02
5.169241873891598608e-03 1.275215366136253224e-35 1.000000000000000000e+02
5.265539630332755246e-03 1.505481764849281170e-35 1.000000000000000000e+02
5.363631316739239652e-03 1.813720011722100702e-35 1.000000000000000995e+02
5.463550352214875498e-03 2.225627838722321576e-35 1.000000000000000995e+02
5.565330778427646403e-03 2.775769749445347035e-35 1.000000000000000000e+02
5.669007271207434327e-03 3.509859731186924522e-35 1.000000000000000000e+02
5.774615152359819509e-03 4.486967645113603989e-35 1.000000000000000000e+02
5.882190401699956099e-03 5.780920565584283932e-35 1.000000000000000000e+02
5.991769669310619169e-03 7.479555167257311755e-35 1.000000000000000000e+02
6.103390288028621123e-03 9.686490991581217427e-35 1.000000000000000995e+02
6.217090286163826779e-03 1.255635410849643529e-34 1.000000000000000000e+02
6.332908400455114321e-03 1.631063678625173399e-34 1.000000000000000000e+02
6.450884089267692675e-03 2.125947702902380636e-34 1.000000000000000000e+02
6.571057546036270826e-03 2.784436509580546545e-34 1.000000000000000000e+02
6.693469712958660493e-03 3.670488482569625767e-34 1.000000000000000000e+02
6.818162294944479437e-03 4.878500935592155826e-34 1.000000000000000995e+02
6.945177773823696388e-03 6.550590201895442240e-34 1.000000000000000000e+02
7.074559422819878297e-03 8.904527407198033057e-34 1.000000000000000995e+02
7.206351321293052656e-03 1.226361408753072735e-33 1.000000000000000000e+02
7.340598369757212090e-03 1.710458534951815302e-33 1.000000000000000000e+02
7.477346305177588227e-03 2.414610021674472813e-33 1.000000000000000000e+02
7.616641716552892058e-03 3.447720127874316126e-33 9.999999999999990052e+01
7.758532060787835978e-03 4.975425945403931857e-33 1.000000000000000995e+02
7.903065678861348128e-03 7.250249758794279884e-33 1.000000000000000000e+02
8.050291812295981564e-03 1.065778818062054404e-32 1.000000000000000995e+02
8.200260619934130954e-03 1.581127525910479625e-32 9.999999999999994316e+01
8.353023195026778799e-03 2.374304135561303810e-32 1.000000000000000995e+02
8.508631582640582489e-03 3.621502731352663259e-32 1.000000000000000995e+02
8.667138797389234081e-03 5.632422492649492229e-32 1.000000000000000995e+02
8.828598841495149604e-03 8.970076770826307751e-32 1.000000000000000000e+02
8.993066723187623582e-03 1.469653101288330107e-31 1.000000000000000000e+02
9.160598475443709407e-03 2.483354594041325947e-31 1.000000000000000000e+02
9.331251175078249249e-03 4.287068420954682782e-31 1.000000000000000000e+02
9.505082962189511861e-03 7.454640371070990122e-31 1.000000000000000000e+02
9.682153059967075343e-03 1.285170550508886478e-30 9.999999999999994316e+01
9.862521794868784469e-03 2.158264908877894379e-30 9.999999999999994316e+01
1.004625061717340749e-02 3.462562613326662650e-30 9.999999999999994316e+01
1.023340212191641702e-02 5.252531298745870825e-30 9.999999999999994316e+01
1.042404007021556327e-02 7.619021054507014612e-30 9.999999999999990052e+01
1.061822941099384125e-02 1.073199009007695460e-29 9.999999999999994316e+01
1.081603630310709954e-02 1.493630817417432661e-29 9.999999999999984368e+01
1.101752813788386791e-02 2.094241552735520754e-29 1.000000000000000995e+02
1.122277356208507652e-02 3.005117702685610273e-29 1.000000000000000000e+02
1.143184250129149725e-02 4.406657742777310460e-29 9.999999999999994316e+01
1.164480618372686072e-02 6.567416517146140473e-29 9.999999999999990052e+01
1.186173716452478509e-02 9.886490658247125777e-29 1.000000000000000000e+02
1.208270935044776506e-02 1.493100613934163397e-28 9.999999999999990052e+01
1.230779802506665188e-02 2.253789794906435977e-28 1.000000000000000000e+02
1.253707987440920262e-02 3.405144904144482630e-28 9.999999999999994316e+01
1.277063301308643990e-02 5.159883402883889874e-28 1.000000000000000000e+02
1.300853701090571267e-02 7.859884456654592526e-28 9.999999999999994316e+01
1.325087291997953214e-02 1.205876654699930442e-27 1.000000000000000000e+02
1.349772330233941706e-02 1.863159108892676594e-27 1.000000000000000000e+02
1.374917225806419029e-02 2.897142879186007233e-27 9.999999999999994316e+01
1.400530545393219653e-02 4.530418535623367248e-27 1.000000000000000000e+02
1.426621015260736910e-02 7.119923294478217281e-27 1.000000000000000000e+02
1.453197524236895383e-02 1.124591069434873311e-26 9.999999999999994316e+01
1.480269126739508674e-02 1.785623633993235654e-26 1.000000000000000000e+02
1.507845045861051086e-02 2.850783314698100108e-26 9.999999999999994316e+01
1.535934676510897039e-02 4.576987813785816842e-26 1.000000000000000995e+02
1.564547588616095955e-02 7.389425703242287631e-26 1.000000000000000995e+02
1.593693530381774456e-02 1.199545792671905649e-25 1.000000000000000000e+02
1.623382431612278159e-02 1.957741088962340732e-25 1.000000000000000000e+02
1.653624407094180307e-02 3.212188856546939605e-25 1.000000000000000000e+02
1.684429760042315330e-02 5.298309260436882544e-25 9.999999999999994316e+01
1.715808985610004986e-02 8.785057496655810832e-25 1.000000000000000995e+02
1.747772774464680795e-02 1.464202303241957719e-24 1.000000000000000000e+02
1.780332016430113962e-02 2.452913128941316348e-24 1.000000000000000000e+02
1.813497804196495186e-02 4.130099434190675408e-24 1.000000000000000000e+02
1.847281437099634188e-02 6.988864493730083186e-24 1.000000000000000000e+02
1.881694424970555696e-02 1.188472360330017926e-23 1.000000000000000000e+02
1.916748492056815148e-02 2.030829984542103644e-23 1.000000000000000000e+02
1.952455581016860828e-02 3.486764483388297218e-23 1.000000000000000000e+02
1.988827856988809734e-02 6.014444650345894754e-23 1.000000000000000995e+02
2.025877711735016989e-02 1.042191003772019671e-22 1.000000000000000995e+02
2.063617767863858837e-02 1.813925116067415467e-22 1.000000000000000000e+02
2.102060883130158278e-02 3.170603863288325173e-22 1.000000000000000000e+02
2.141220154815729262e-02 5.564672680295427863e-22 1.000000000000000000e+02
2.181108924191518805e-02 9.804614189062706805e-22 1.000000000000000995e+02
2.221740781062883641e-02 1.733909276393186473e-21 1.000000000000000000e+02
2.263129568399528321e-02 3.077032510182017225e-21 1.000000000000000000e+02
2.305289387051707301e-02 5.478293727786532435e-21 1.000000000000000000e+02
2.348234600554275145e-02 9.782641099765905639e-21 1.000000000000000000e+02
2.391979840020238418e-02 1.751646919747647452e-20 1.000000000000000000e+02
2.436540009125464853e-02 3.144056253138665155e-20 9.999999999999990052e+01
2.481930289186254010e-02 5.655254090964027054e-20 1.000000000000000000e+02
2.528166144331499277e-02 1.019038492866226845e-19 1.000000000000000000e+02
2.575263326771199887e-02 1.839083107791113952e-19 9.999999999999994316e+01
2.623237882163122203e-02 3.323621416845255892e-19 1.000000000000000000e+02
2.672106155079433804e-02 6.013793956929324098e-19 9.999999999999994316e+01
2.721884794575178332e-02 1.089279638458444849e-18 9.999999999999990052e+01
2.772590759860482645e-02 1.974745146629707923e-18 9.999999999999990052e+01
2.824241326078434297e-02 3.582537731490585710e-18 9.999999999999994316e+01
2.876854090190592711e-02 6.502888794577725472e-18 9.999999999999990052e+01
2.930446976972142861e-02 1.180827438516720506e-17 9.999999999999984368e+01
2.985038245118730796e-02 2.144673318979671300e-17 9.999999999999994316e+01
3.040646493467067182e-02 3.895328711951997599e-17 9.999999999999994316e+01
3.097290667331408301e-02 7.070900359057996358e-17 9.999999999999990052e+01
3.154990064958086704e-02 1.281667585931579716e-16 9.999999999999994316e+01
3.213764344100276948e-02 2.317587715553313423e-16 9.999999999999994316e+01
3.273633528715245988e-02 4.176509380401389992e-16 9.999999999999994316e+01
3.334618015786364187e-02 7.492518243304421420e-16 9.999999999999994316e+01
3.396738582272208068e-02 1.336477285810283677e-15 1.000000000000000000e+02
3.460016392185108480e-02 2.367317011876637107e-15 1.000000000000000000e+02
3.524473003801584237e-02 4.158249777173241698e-15 1.000000000000000000e+02
3.590130377007068330e-02 7.232294144352132864e-15 1.000000000000000000e+02
3.657010880777489259e-02 1.243528552217892235e-14 9.999999999999994316e+01
3.725137300800209633e-02 2.110085370257783398e-14 1.000000000000000000e+02
3.794532847236938011e-02 3.526984095944871979e-14 1.000000000000000000e+02
3.865221162631261864e-02 5.795640480574552358e-14 9.999999999999994316e+01
3.937226329963479377e-02 9.342560210455563287e-14 1.000000000000000000e+02
4.010572880855495931e-02 1.474017428058350562e-13 1.000000000000000000e+02
4.085285803928561527e-02 2.272960977641832818e-13 1.000000000000000995e+02
4.161390553316707264e-02 3.429982008246589572e-13 9.999999999999994316e+01
4.238913057338778573e-02 5.075398943474083929e-13 1.000000000000000000e+02
4.317879727332021161e-02 7.381376507744500494e-13 1.000000000000000000e+02
4.398317466650223523e-02 1.057933651460329012e-12 1.000000000000000000e+02
4.480253679829489938e-02 1.498878470833082207e-12 1.000000000000000000e+02
4.563716281924758839e-02 2.106572702079780379e-12 9.999999999999994316e+01
4.648733708020256344e-02 2.948498480317684186e-12 1.000000000000000000e+02
4.735334922917116413e-02 4.128246755716092325e-12 1.000000000000000995e+02
4.823549431001467047e-02 5.810685095195331258e-12 1.000000000000000000e+02
4.913407286296361809e-02 8.267838689296026495e-12 1.000000000000000000e+02
5.004939102700953213e-02 1.196560536434444888e-11 1.000000000000000000e+02
5.098176064420424647e-02 1.770241925949679597e-11 1.000000000000000000e+02
5.193149936590212012e-02 2.675006664022267611e-11 1.000000000000000995e+02
5.289893076098151070e-02 4.118833942684856998e-11 1.000000000000000995e+02
5.388438442608223938e-02 6.444619364925006965e-11 1.000000000000000000e+02
5.488819609789671872e-02 1.021531151395912253e-10 1.000000000000000000e+02
5.591070776755290017e-02 1.634645031674303178e-10 1.000000000000000000e+02
5.695226779712821846e-02 2.630349209463556433e-10 1.000000000000000000e+02
5.801323103833375128e-02 4.237616671460915781e-10 1.000000000000000995e+02
5.909395895340967958e-02 6.801929785518621850e-10 1.000000000000000000e+02
6.019481973827271043e-02 1.081927083835925213e-09 9.999999999999990052e+01
6.131618844795772016e-02 1.698175356032111001e-09 9.999999999999994316e+01
6.245844712439614643e-02 2.629269810931777747e-09 1.000000000000000000e+02
6.362198492657485105e-02 4.016982629568936588e-09 9.999999999999994316e+01
6.480719826311967524e-02 6.058544374856977780e-09 9.999999999999994316e+01
6.601449092734885948e-02 9.025751028596551212e-09 9.999999999999990052e+01
6.724427423484245769e-02 1.329061259604770981e-08 1.000000000000000000e+02
6.849696716357443760e-02 1.936043283321282854e-08 1.000000000000000000e+02
6.977299649665534564e-02 2.792691293381200303e-08 1.000000000000000000e+02
7.107279696773415034e-02 3.992951376986768442e-08 9.999999999999994316e+01
7.239681140910873836e-02 5.658208999882558776e-08 9.999999999999994316e+01
7.374549090259549522e-02 7.941619267964013517e-08 1.000000000000000000e+02
7.511929493320965157e-02 1.103330481526626289e-07 1.000000000000000000e+02
7.651869154570821452e-02 1.516284613005431096e-07 1.000000000000000000e+02
7.794415750404946885e-02 2.059856976404266180e-07 1.000000000000000000e+02
7.939617845382279659e-02 2.764189254850373776e-07 1.000000000000000000e+02
8.087524908770453436e-02 3.660985437883188846e-07 1.000000000000000995e+02
8.238187331399605962e-02 4.770902006171355827e-07 9.999999999999994316e+01
8.391656442830157381e-02 6.086444205841946751e-07 1.000000000000000995e+02
8.547984528840409102e-02 7.558514235618215044e-07 1.000000000000000000e+02
8.707224849239916797e-02 9.080946498081173985e-07 1.000000000000000000e+02
8.869431656014709064e-02 1.048348330754861539e-06 1.000000000000000000e+02
9.034660211810524588e-02 1.154414696153907859e-06 1.000000000000000995e+02
9.202966808760409956e-02 1.212206732704702485e-06 9.999999999999994316e+01
9.374408787662991127e-02 1.234925178005332376e-06 1.000000000000000000e+02
9.549044557518077125e-02 1.247372327645132694e-06 9.999999999999994316e+01
9.726933615426168467e-02 1.279988936671255314e-06 1.000000000000000000e+02
9.908136566858666283e-02 1.371021705380132023e-06 1.000000000000000000e+02
1.009271514630570854e-01 1.578086522160939014e-06 9.999999999999994316e+01
1.028073223830864719e-01 1.966042589365335596e-06 1.000000000000000995e+02
1.047225189888434382e-01 2.603978755951042331e-06 1.000000000000000995e+02
1.066733937734857113e-01 3.588880142047683957e-06 1.000000000000000000e+02
1.086606113854596822e-01 5.024571964263393025e-06 1.000000000000000000e+02
1.106848488549412035e-01 6.957512197468925034e-06 1.000000000000000000e+02
1.127467958244946084e-01 9.379270001291040574e-06 1.000000000000000000e+02
1.148471547840289042e-01 1.236679044779646051e-05 9.999999999999994316e+01
1.169866413101306873e-01 1.606390127649689708e-05 1.000000000000000000e+02
1.191659843098558796e-01 2.072438188451493005e-05 9.999999999999990052e+01
1.213859262690627772e-01 2.678497905059967245e-05 9.999999999999994316e+01
1.236472235053715091e-01 3.476906061671136282e-05 9.999999999999990052e+01
1.259506464258357550e-01 4.522047223231599939e-05 9.999999999999984368e+01
1.282969797894147612e-01 5.876130166414962863e-05 1.000000000000000000e+02
1.306870229743346268e-01 7.605055213169942903e-05 9.999999999999990052e+01
1.331215902504307713e-01 9.777964908652651160e-05 1.000000000000000000e+02
1.356015110565633452e-01 1.247376629575471581e-04 9.999999999999990052e+01
1.381276302832009362e-01 1.577054299885003808e-04 9.999999999999994316e+01
1.407008085602685088e-01 1.973617258840982278e-04 9.999999999999990052e+01
1.433219225503573890e-01 2.447219536289319962e-04 9.999999999999984368e+01
1.459918652473978506e-01 3.023154583676481940e-04 9.999999999999990052e+01
1.487115462808953625e-01 3.745469534467008380e-04 1.000000000000000000e+02
1.514818922258345801e-01 4.686958300810033207e-04 9.999999999999990052e+01
1.543038469183564687e-01 5.932736009754315930e-04 9.999999999999994316e+01
1.571783717773162781e-01 7.562502184699686561e-04 1.000000000000000000e+02
1.601064461318317811e-01 9.657291898647211905e-04 1.000000000000000000e+02
1.630890675549332702e-01 1.229710229662439201e-03 9.999999999999994316e+01
1.661272522034293042e-01 1.560056832635175203e-03 1.000000000000000000e+02
1.692220351641037235e-01 1.971979951278130059e-03 1.000000000000000000e+02
1.723744708063619790e-01 2.483919907544773070e-03 1.000000000000000000e+02
1.755856331414468730e-01 3.118243618265546541e-03 1.000000000000000000e+02
1.788566161883461958e-01 3.902127897171135153e-03 1.000000000000000000e+02
1.821885343465165230e-01 4.868698715853071561e-03 1.000000000000000000e+02
1.855825227755517060e-01 6.058572783019442604e-03 1.000000000000000000e+02
1.890397377819219571e-01 7.521873581821257940e-03 1.000000000000000995e+02
1.925613572129196704e-01 9.320900384883925097e-03 1.000000000000000995e+02
1.961485808579429280e-01 1.153377642345860925e-02 1.000000000000000000e+02
1.998026308572548593e-01 1.425945560895944958e-02 1.000000000000000995e+02
2.035247521183575770e-01 1.762270527261268135e-02 1.000000000000000000e+02
2.073162127401229071e-01 2.177197204759555652e-02 1.000000000000000000e+02
2.111783044448242164e-01 2.688634569086183895e-02 1.000000000000000000e+02
2.151123430182164953e-01 3.318385250561042832e-02 9.999999999999994316e+01
2.191196687578147451e-01 4.092927394922647039e-02 9.999999999999994316e+01
2.232016469295232397e-01 5.044332965187052487e-02 1.000000000000000000e+02
2.273596682327715113e-01 6.211340204073161064e-02 1.000000000000000000e+02
2.315951492743152096e-01 7.640598451592418849e-02 1.000000000000000995e+02
2.359095330508633737e-01 9.388103437448362676e-02 1.000000000000000995e+02
2.403042894406967056e-01 1.152084032601270736e-01 9.999999999999994316e+01
2.447809157044440187e-01 1.411864997634405261e-01 1.000000000000000000e+02
2.493409369951877785e-01 1.727633087738517925e-01 1.000000000000000000e+02
2.539859068780723761e-01 2.110623881595661833e-01 9.999999999999990052e+01
2.587174078595921300e-01 2.574284901028014994e-01 1.000000000000000995e+02
2.635370519267393186e-01 3.134669879987369012e-01 9.999999999999994316e+01
2.684464810961962322e-01 3.810887126360209542e-01 9.999999999999990052e+01
2.734473679737579599e-01 4.625688357009429263e-01 1.000000000000000995e+02
2.785414163241766161e-01 5.606188077994642693e-01 1.000000000000000000e+02
2.837303616516211324e-01 6.784749967864214248e-01 1.000000000000000000e+02
2.890159717909508430e-01 8.200089001176611436e-01 1.000000000000000000e+02
2.944000475100033709e-01 9.898654614522135464e-01 1.000000000000000000e+02
2.998844231231027613e-01 1.193638284069063360e+00 9.999999999999994316e+01
3.054709671159968054e-01 1.438028332353799676e+00 9.999999999999994316e+01
3.111615827824359970e-01 1.730791892643877228e+00 9.999999999999994316e+01
3.169582088726115021e-01 2.080985132551326888e+00 9.999999999999994316e+01
3.228628202536730218e-01 2.499220699572254567e+00 9.999999999999994316e+01
3.288774285825510346e-01 2.997902694665588008e+00 1.000000000000000000e+02
3.350040829913132900e-01 3.591490798690821329e+00 9.999999999999994316e+01
3.412448707852889229e-01 4.296796400968956320e+00 1.000000000000000000e+02
3.476019181541977754e-01 5.133313974929816226e+00 1.000000000000000000e+02
3.540773908965269556e-01 6.123619971688815333e+00 9.999999999999994316e+01
3.606734951574028236e-01 7.294252634519903467e+00 1.000000000000000995e+02
3.673924781802074269e-01 8.676548986062432078e+00 1.000000000000000995e+02
3.742366290721980682e-01 1.030737194159830139e+01 1.000000000000000995e+02
3.812082795843887983e-01 1.223023122136103957e+01 1.000000000000000995e+02
3.883098049059605095e-01 1.449670392960448417e+01 1.000000000000000995e+02
3.955436244734701345e-01 1.716824313314612027e+01 1.000000000000000995e+02
4.029122027951347884e-01 2.031841582364319265e+01 1.000000000000000995e+02
4.104180502904709038e-01 2.403177579400433928e+01 9.999999999999994316e+01
4.180637241455757991e-01 2.840164811137453427e+01 1.000000000000000000e+02
4.258518291843414461e-01 3.353368774308489009e+01 1.000000000000000995e+02
4.337850187558989212e-01 3.954691562757774648e+01 1.000000000000000000e+02
4.418659956385941334e-01 4.657422265592182242e+01 1.000000000000000000e+02
4.500975129608046355e-01 5.476245874818220472e+01 1.000000000000000995e+02
4.584823751389096036e-01 6.427609481150601312e+01 1.000000000000000000e+02
4.670234388327330621e-01 7.531452028674038957e+01 9.999999999999994316e+01
4.757236139187884794e-01 8.811328113931379846e+01 9.999999999999994316e+01
4.845858644816490868e-01 1.029489350796596483e+02 1.000000000000000000e+02
4.936132098237911991e-01 1.201488072496287032e+02 1.000000000000000000e+02
5.028087254942474882e-01 1.401034881060860471e+02 1.000000000000000000e+02
5.121755443364236493e-01 1.632614116855077953e+02 1.000000000000000000e+02
5.217168575554343990e-01 1.901108448654883318e+02 1.000000000000000000e+02
5.314359158053235666e-01 2.212047946052873044e+02 1.000000000000000000e+02
5.413360302965375404e-01 2.571716744809535271e+02 1.000000000000000000e+02
5.514205739240296555e-01 2.987243600586929233e+02 9.999999999999994316e+01
5.616929824163804374e-01 3.466702270020435321e+02 9.999999999999994316e+01
5.721567555063246102e-01 4.019223089715960100e+02 1.000000000000000000e+02
5.828154581230839959e-01 4.655117504694092645e+02 1.000000000000000000e+02
5.936727216069119795e-01 5.386017807635406598e+02 9.999999999999994316e+01
6.047322449462643190e-01 6.225035078084930547e+02 1.000000000000000000e+02
6.159977960380161877e-01 7.186941099411013738e+02 9.999999999999990052e+01
6.274732129711574347e-01 8.288377643848313028e+02 9.999999999999994316e+01
6.391624053343999412e-01 9.548096877793360591e+02 9.999999999999994316e+01
6.510693555481454897e-01 1.098724536111119050e+03 1.000000000000000000e+02
6.631981202212668958e-01 1.262970160063845924e+03 9.999999999999994316e+01
6.755528315331639222e-01 1.450248136134361175e+03 9.999999999999994316e+01
6.881376986415662644e-01 1.663622921207438139e+03 9.999999999999990052e+01
7.009570091165617800e-01 1.906582000071861103e+03 1.000000000000000995e+02
7.140151304013395706e-01 2.183058465144914862e+03 1.000000000000000000e+02
7.273165113001454074e-01 2.497343599590097710e+03 1.000000000000000995e+02
7.408656834939559843e-01 2.854199095670818224e+03 1.000000000000000995e+02
7.546672630843886953e-01 3.258937263732706924e+03 1.000000000000001990e+02
7.687259521663728501e-01 3.717486002396564800e+03 1.000000000000000995e+02
7.830465404301183430e-01 4.236464611240588056e+03 1.000000000000000995e+02
7.976339067929273385e-01 4.823273248333118318e+03 1.000000000000000995e+02
8.124930210614047521e-01 5.486174298483571874e+03 1.000000000000000995e+02
8.276289456246344045e-01 6.234236206271374613e+03 9.999999999999994316e+01
8.430468371788967241e-01 7.077456306540933838e+03 1.000000000000000000e+02
8.587519484845170803e-01 8.026921257328828688e+03 9.999999999999994316e+01
8.747496301554414933e-01 9.094939557339261228e+03 1.000000000000000000e+02
8.910453324821513421e-01 1.029519938378263214e+04 9.999999999999994316e+01
9.076446072885356875e-01 1.164294898994278446e+04 9.999999999999990052e+01
9.245531098233570333e-01 1.315490962273220066e+04 9.999999999999990052e+01
9.417766006869519035e-01 1.484925502523808063e+04 9.999999999999994316e+01
9.593209477938241525e-01 1.674600367597677905e+04 1.000000000000000000e+02
9.771921283717996953e-01 1.886725289784669440e+04 1.000000000000000000e+02
9.953962309984233370e-01 2.123744302341473303e+04 9.999999999999994316e+01
1.013939457675291811e+00 2.388356983035828671e+04 1.000000000000000995e+02
1.032828125941028574e+00 2.683453328711206268e+04 1.000000000000000000e+02
1.052068671023622892e+00 3.012136530079024305e+04 1.000000000000000000e+02
1.071667648032863296e+00 3.377779044875453110e+04 1.000000000000000000e+02
1.091631734193614811e+00 3.784046784394049610e+04 1.000000000000000995e+02
1.111967731120699021e+00 4.234927327839229110e+04 1.000000000000000000e+02
1.132682567136153784e+00 4.734763841356817284e+04 1.000000000000000995e+02
1.153783299629660863e+00 5.288296389272826491e+04 1.000000000000000995e+02
1.175277117462945276e+00 5.900712760833702487e+04 1.000000000000000995e+02
1.197171343418965694e+00 6.577711470240676135e+04 1.000000000000000995e+02
1.219473436696737023e+00 7.325580245957100124e+04 1.000000000000000000e+02
1.242190995452616242e+00 8.151294140597691876e+04 1.000000000000000000e+02
1.265331759388941713e+00 9.062600046624382958e+04 1.000000000000000995e+02
1.288903612390891462e+00 1.006766628004977247e+05 1.000000000000000995e+02
1.312914585212463958e+00 1.117510451238942478e+05 1.000000000000000995e+02
1.337372858212495075e+00 1.239426544527118822e+05 1.000000000000000000e+02
1.362286764141645401e+00 1.373533326184829930e+05 1.000000000000000995e+02
1.387664790981307128e+00 1.520943608363229723e+05 9.999999999999994316e+01
1.413515584835394190e+00 1.682878240013790200e+05 1.000000000000000000e+02
1.439847952876006643e+00 1.860683016091931495e+05 1.000000000000000000e+02
1.466670866343967150e+00 2.055849680350132112e+05 1.000000000000000000e+02
1.493993463605256311e+00 2.270042046372600598e+05 1.000000000000000000e+02
1.521825053264385552e+00 2.505092342706616910e+05 1.000000000000000995e+02
1.550175117335768737e+00 2.762737851449145237e+05 1.000000000000000995e+02
1.579053314474174297e+00 3.044643528278766316e+05 1.000000000000000995e+02
1.608469483265355215e+00 3.352480839542308240e+05 1.000000000000000995e+02
1.638433645577983100e+00 3.687898959802314639e+05 1.000000000000000995e+02
1.668956009978023181e+00 4.052488496143096127e+05 1.000000000000000000e+02
1.700046975206716438e+00 4.447737699247523560e+05 1.000000000000000995e+02
1.731717133723352786e+00 4.874980515516640153e+05 1.000000000000000000e+02
1.763977275314043469e+00 5.335352579097754788e+05 9.999999999999994316e+01
1.796838390767719229e+00 5.830321558155071689e+05 1.000000000000000000e+02
1.830311675620611256e+00 6.362115934557789005e+05 9.999999999999994316e+01
1.864408533970485227e+00 6.933347884275289252e+05 1.000000000000000000e+02
1.899140582361933616e+00 7.547086320182284107e+05 1.000000000000000000e+02
1.934519653744044332e+00 8.206990572591843084e+05 1.000000000000000000e+02
1.970557801501798378e+00 8.917476775114414049e+05 1.000000000000000995e+02
2.007267303562568106e+00 9.683920945724860067e+05 1.000000000000000000e+02
2.044660666579115826e+00 1.051197061736905016e+06 1.000000000000000000e+02
2.082750630190514318e+00 1.140599108095996315e+06 1.000000000000000000e+02
2.121550171362450055e+00 1.237025696206125198e+06 1.000000000000000995e+02
2.161072508808376647e+00 1.340917333738239016e+06 1.000000000000000000e+02
2.201331107493030181e+00 1.452725959478567820e+06 9.999999999999994316e+01
2.242339683219845003e+00 1.572913064494664548e+06 1.000000000000000000e+02
2.284112207303823361e+00 1.701947558118868386e+06 1.000000000000000000e+02
2.326662911331458083e+00 1.840303398944733897e+06 9.999999999999994316e+01
2.370006292009327886e+00 1.988457023558332585e+06 1.000000000000000000e+02
2.414157116103017753e+00 2.146884620319752488e+06 1.000000000000000000e+02
2.459130425468043946e+00 2.316059312214142177e+06 9.999999999999994316e+01
2.504941542174502267e+00 2.496448344623534940e+06 1.000000000000000000e+02
2.551606073727183954e+00 2.688526267852869816e+06 1.000000000000000000e+02
2.599139918382932901e+00 2.892814556854958180e+06 1.000000000000000000e+02
2.647559270567066747e+00 3.109861716057185549e+06 1.000000000000000000e+02
2.696880626390692370e+00 3.340242804553689435e+06 1.000000000000000000e+02
2.747120789270811603e+00 3.584567871622098144e+06 1.000000000000000000e+02
2.798296875655115645e+00 3.843492875496671535e+06 1.000000000000000000e+02
2.850426320853434614e+00 4.117733557595120743e+06 1.000000000000000000e+02
2.903526884977813971e+00 4.408082820122185163e+06 1.000000000000000995e+02
2.957616658993253544e+00 4.715432248377960175e+06 1.000000000000000000e+02
3.012714070881164385e+00 5.040797556814977899e+06 1.000000000000000000e+02
3.068837891917642224e+00 5.385189603153862990e+06 1.000000000000000000e+02
3.126007243068700259e+00 5.749386461573354900e+06 1.000000000000000995e+02
3.184241601504649744e+00 6.134139926758626476e+06 1.000000000000000000e+02
3.243560807235807975e+00 6.540212823270227760e+06 1.000000000000000995e+02
3.303985069871854918e+00 6.968384097563767806e+06 1.000000000000000000e+02
3.365534975507090909e+00 7.419456014780003577e+06 1.000000000000000000e+02
3.428231493733967294e+00 7.894263881773179397e+06 1.000000000000000000e+02
3.492095984787267682e+00 8.393688773896323517e+06 1.000000000000000000e+02
3.557150206821382277e+00 8.918652618146218359e+06 1.000000000000000000e+02
3.623416323323146226e+00 9.470017987005241215e+06 1.000000000000000000e+02
3.690916910662774608e+00 1.004864437803369202e+07 1.000000000000000000e+02
3.759674965785463563e+00 1.065544049242755026e+07 1.000000000000000995e+02
3.829713914046277257e+00 1.129138382186272182e+07 1.000000000000001990e+02
3.901057617190989202e+00 1.195754499981980585e+07 1.000000000000000995e+02
3.973730381485604202e+00 1.265511774804048054e+07 1.000000000000000995e+02
4.047756965997318268e+00 1.338542159326805361e+07 1.000000000000000000e+02
4.123162591029748469e+00 1.414950303893122450e+07 1.000000000000000000e+02
4.199972946715301525e+00 1.494814317846201546e+07 1.000000000000000000e+02
4.278214201767612579e+00 1.578210599926958047e+07 1.000000000000000000e+02
4.357913012397025554e+00 1.665215375993288681e+07 1.000000000000000000e+02
4.439096531392166867e+00 1.755906071045879275e+07 1.000000000000000000e+02
4.521792417370697592e+00 1.850363106121632829e+07 1.000000000000000000e+02
4.606028844202397998e+00 1.948672186343538016e+07 1.000000000000000000e+02
4.691834510607794329e+00 2.050927153603284433e+07 9.999999999999994316e+01
4.779238649935595440e+00 2.157233485757320747e+07 9.999999999999994316e+01
4.868271040122278848e+00 2.267712534305483103e+07 9.999999999999994316e+01
4.958962013837211913e+00 2.382506604922232032e+07 9.999999999999994316e+01
5.051342468816761411e+00 2.501781033407332748e+07 1.000000000000000000e+02
5.145443878390924652e+00 2.625656511170092225e+07 1.000000000000000000e+02
5.241298302206056192e+00 2.754197675959550589e+07 9.999999999999994316e+01
5.338938397147350301e+00 2.887465619652880356e+07 1.000000000000000995e+02
5.438397428464796235e+00 3.025521693446619064e+07 1.000000000000000000e+02
5.539709281106400596e+00 3.168429910219386220e+07 1.000000000000000000e+02
5.642908471262536807e+00 3.316259947210529819e+07 1.000000000000000000e+02
5.748030158125351008e+00 3.469090829858621955e+07 1.000000000000000000e+02
5.855110155867238042e+00 3.627015385874491930e+07 9.999999999999994316e+01
5.964184945842459840e+00 3.790145568492399156e+07 1.000000000000000000e+02
6.075291689016070862e+00 3.958611506170699000e+07 1.000000000000000000e+02
6.188468238624382778e+00 4.132486409805241227e+07 1.000000000000000995e+02
6.303753153071275150e+00 4.311797722393727303e+07 9.999999999999994316e+01
6.421185709064758385e+00 4.496573566795045882e+07 1.000000000000000995e+02
6.540805914998252923e+00 4.686846982218388468e+07 1.000000000000000995e+02
6.662654524581149929e+00 4.882660162864497304e+07 1.000000000000000000e+02
6.786773050723295064e+00 5.084069535902538151e+07 1.000000000000000000e+02
6.913203779678127603e+00 5.291151777211707085e+07 1.000000000000000000e+02
7.041989785449288775e+00 5.504009930892591923e+07 1.000000000000000995e+02
7.173174944465612768e+00 5.722717560497373343e+07 1.000000000000000995e+02
7.306803950529499936e+00 5.947265264318066835e+07 1.000000000000000995e+02
7.442922330043757917e+00 6.177638374814037979e+07 1.000000000000000995e+02
7.581576457522110069e+00 6.413829384409421682e+07 1.000000000000000995e+02
7.722813571388642551e+00 6.655843213533404469e+07 1.000000000000000995e+02
7.866681790071582192e+00 6.903703421893201768e+07 1.000000000000000000e+02
8.013230128396878982e+00 7.157459440676453710e+07 1.000000000000000000e+02
8.162508514287219796e+00 7.417150567003209889e+07 1.000000000000000000e+02
8.314567805772055564e+00 7.682703524714362621e+07 1.000000000000000995e+02
8.469459808314576676e+00 7.954019906960441172e+07 1.000000000000000995e+02
8.627237292461440887e+00 8.231003379116955400e+07 1.000000000000000000e+02
8.787954011821311084e+00 8.513564825657534599e+07 1.000000000000000000e+02
8.951664721378293166e+00 8.801628407565811276e+07 1.000000000000000995e+02
9.118425196146562328e+00 9.095138616614484787e+07 1.000000000000000000e+02
9.288292250172489162e+00 9.394068419697406888e+07 1.000000000000000995e+02
9.461323755890759912e+00 9.698428595281311870e+07 1.000000000000000000e+02
9.637578663841079418e+00 1.000827837573648393e+08 1.000000000000000000e+02
9.817117022752183786e+00 1.032373752480091453e+08 1.000000000000000000e+02
1.000000000000000000e+01 1.064500000000000149e+08 1.000000000000000000e+02
