# Source: PRIMAT compilation, https://doi.org/10.1016/j.physrep.2018.04.005
1.000000000000000021e-03 4.829400000000004657e+05 2.000000000000000000e+00
1.018628990244687619e-03 4.829767736426115735e+05 2.000000000000000000e+00
1.037605019766911670e-03 4.830142608156555798e+05 2.000000000000000000e+00
1.056934553557988335e-03 4.830524757417115034e+05 2.000000000000000000e+00
1.076624177045493267e-03 4.830914329352505156e+05 1.999999999999999778e+00
1.096680598336868600e-03 4.831311472086168942e+05 2.000000000000000000e+00
1.117110650504824203e-03 4.831716336781249847e+05 2.000000000000000000e+00
1.137921293915315117e-03 4.832129077702620998e+05 2.000000000000000000e+00
1.159119618598885779e-03 4.832549852280019550e+05 2.000000000000000444e+00
1.180712846666190276e-03 4.832978821171961026e+05 2.000000000000000444e+00
1.202708334768511989e-03 4.833416148331149598e+05 2.000000000000000000e+00
1.225113576604118949e-03 4.833862001070648548e+05 2.000000000000000444e+00
1.247936205471311460e-03 4.834316550131071708e+05 1.999999999999999778e+00
1.271183996869028896e-03 4.834779969749033917e+05 2.000000000000000444e+00
1.294864871145904933e-03 4.835252437726336648e+05 2.000000000000000000e+00
1.318986896198670470e-03 4.835734135500518023e+05 2.000000000000000444e+00
1.343558290220826226e-03 4.836225248215995962e+05 2.000000000000000000e+00
1.368587424502519176e-03 4.836725964796561166e+05 2.000000000000000444e+00
1.394082826282578647e-03 4.837236478018483613e+05 2.000000000000000444e+00
1.420053181653683095e-03 4.837756984584826860e+05 2.000000000000000444e+00
1.446507338521647217e-03 4.838287685200439882e+05 1.999999999999999778e+00
1.473454309619835756e-03 4.838828784647967550e+05 2.000000000000000444e+00
1.500903275579736594e-03 4.839380491864502546e+05 2.000000000000000000e+00
1.528863588058731147e-03 4.839943020019096439e+05 1.999999999999999778e+00
1.557344772926135207e-03 4.840516586591164814e+05 2.000000000000000444e+00
1.586356533508589657e-03 4.841101413449097890e+05 2.000000000000000444e+00
1.615908753895919101e-03 4.841697726929955534e+05 2.000000000000000000e+00
1.646011502308549748e-03 4.842305757919420721e+05 2.000000000000000000e+00
1.676675034527699143e-03 4.842925741932246019e+05 2.000000000000000000e+00
1.707909797389426916e-03 4.843557919193111011e+05 2.000000000000000000e+00
1.739726432343800767e-03 4.844202534717716044e+05 2.000000000000000444e+00
1.772135779080358372e-03 4.844859838394093094e+05 1.999999999999999778e+00
1.805148879221108154e-03 4.845530085063988809e+05 2.000000000000000444e+00
1.838776980082326793e-03 4.846213534604043234e+05 2.000000000000000000e+00
1.873031538506436536e-03 4.846910452007096028e+05 2.000000000000000444e+00
1.907924224765265072e-03 4.847621107462687069e+05 2.000000000000000000e+00
1.943466926536020246e-03 4.848345776437673485e+05 2.000000000000000000e+00
1.979671752951332481e-03 4.849084739755691262e+05 2.000000000000000444e+00
2.016551038724746607e-03 4.849838283675921266e+05 2.000000000000000000e+00
2.054117348353064112e-03 4.850606699971069465e+05 2.000000000000000444e+00
2.092383480396977150e-03 4.851390286003687070e+05 2.000000000000000444e+00
2.131362471841437810e-03 4.852189344801391126e+05 2.000000000000000000e+00
2.171067602537264923e-03 4.853004185130124679e+05 2.000000000000000000e+00
2.211512399725488933e-03 4.853835121565515874e+05 1.999999999999999778e+00
2.252710642645980484e-03 4.854682474561943091e+05 2.000000000000000444e+00
2.294676367231936100e-03 4.855546570519029628e+05 2.000000000000000444e+00
2.337423870891814758e-03 4.856427741845110431e+05 2.000000000000000000e+00
2.380967717380358135e-03 4.857326327017595759e+05 2.000000000000000444e+00
2.425322741760352948e-03 4.858242670639467542e+05 2.000000000000000444e+00
2.470504055456825433e-03 4.859177123491704697e+05 1.999999999999999778e+00
2.516527051405391836e-03 4.860130042581391172e+05 2.000000000000000444e+00
2.563407409296514835e-03 4.861101791184405447e+05 2.000000000000000000e+00
2.611161100917459583e-03 4.862092738882985432e+05 2.000000000000000000e+00
2.659804395593758260e-03 4.863103261596875964e+05 2.000000000000000444e+00
2.709353865732051433e-03 4.864133741607929114e+05 2.000000000000000000e+00
2.759826392466180594e-03 4.865184567577474518e+05 2.000000000000000444e+00
2.811239171408464344e-03 4.866256134555401513e+05 2.000000000000000444e+00
2.863609718508115885e-03 4.867348843980845995e+05 2.000000000000000000e+00
2.916955876018795853e-03 4.868463103673141450e+05 2.000000000000000000e+00
2.971295818577334054e-03 4.869599327812495758e+05 2.000000000000000000e+00
3.026648059395692196e-03 4.870757937001021928e+05 2.000000000000000444e+00
3.083031456568277075e-03 4.871939360535452142e+05 2.000000000000000000e+00
3.140465219496752208e-03 4.873144036831493722e+05 1.999999999999999778e+00
3.198968915434537586e-03 4.874372411198989721e+05 1.999999999999999778e+00
3.258562476153226226e-03 4.875624935690716375e+05 2.000000000000000000e+00
3.319266204733189573e-03 4.876902069052218576e+05 2.000000000000000444e+00
3.381100782480685445e-03 4.878204276657406008e+05 1.999999999999999778e+00
3.444087275973823411e-03 4.879532030428416911e+05 1.999999999999999778e+00
3.508247144239792347e-03 4.880885808738511405e+05 1.999999999999999778e+00
3.573602246065788347e-03 4.882266096296828473e+05 1.999999999999999556e+00
3.640174847446141400e-03 4.883673384013310424e+05 1.999999999999999778e+00
3.707987629168172684e-03 4.885108168842565501e+05 2.000000000000000000e+00
3.777063694539364597e-03 4.886570953604554525e+05 1.999999999999999778e+00
3.847426577258505898e-03 4.888062246780894930e+05 1.999999999999999778e+00
3.919100249433401899e-03 4.889582562284443411e+05 2.000000000000000000e+00
3.992109129748053209e-03 4.891132419200235745e+05 2.000000000000000000e+00
4.066478091781853925e-03 4.892712366041861824e+05 1.999999999999999778e+00
4.142232472483897525e-03 4.894323098180648522e+05 1.999999999999999778e+00
4.219398080805024202e-03 4.895965383475596318e+05 1.999999999999999778e+00
4.298001206490798497e-03 4.897640019816483255e+05 2.000000000000000000e+00
4.378068629038166758e-03 4.899347836724313092e+05 1.999999999999999778e+00
4.459627626819095622e-03 4.901089697093135328e+05 2.000000000000000000e+00
4.542705986374042521e-03 4.902866499038956244e+05 2.000000000000000444e+00
4.627332011878692967e-03 4.904679177862373181e+05 2.000000000000000444e+00
4.713534534786906725e-03 4.906528708131987951e+05 2.000000000000000000e+00
4.801342923653449841e-03 4.908416105896108784e+05 1.999999999999999778e+00
4.890787094139589959e-03 4.910342431031077285e+05 2.000000000000000444e+00
4.981897519205159656e-03 4.912308789734293823e+05 1.999999999999999778e+00
5.074705239490466188e-03 4.914316278958077310e+05 2.000000000000000000e+00
5.169241873891598608e-03 4.916365603152829572e+05 2.000000000000000444e+00
5.265539630332755246e-03 4.918457264268751023e+05 2.000000000000000000e+00
5.363631316739239652e-03 4.920591736165910843e+05 2.000000000000000444e+00
5.463550352214875498e-03 4.922769462005440728e+05 2.000000000000000444e+00
5.565330778427646403e-03 4.924990850545432768e+05 2.000000000000000444e+00
5.669007271207434327e-03 4.927256272151186131e+05 2.000000000000000000e+00
5.774615152359819509e-03 4.929566054500452010e+05 1.999999999999999778e+00
5.882190401699956099e-03 4.931920477963033482e+05 2.000000000000000000e+00
5.991769669310619169e-03 4.934319770632781438e+05 2.000000000000000000e+00
6.103390288028621123e-03 4.936764297700849129e+05 2.000000000000000000e+00
6.217090286163826779e-03 4.939255385568409692e+05 2.000000000000000000e+00
6.332908400455114321e-03 4.941794752611066797e+05 2.000000000000000444e+00
6.450884089267692675e-03 4.944384229340765742e+05 1.999999999999999778e+00
6.571057546036270826e-03 4.947025766276752693e+05 2.000000000000000000e+00
6.693469712958660493e-03 4.949721442460112739e+05 2.000000000000000444e+00
6.818162294944479437e-03 4.952473474551200052e+05 2.000000000000000444e+00
6.945177773823696388e-03 4.955284226548331208e+05 2.000000000000000000e+00
7.074559422819878297e-03 4.958156151790000731e+05 2.000000000000000444e+00
7.206351321293052656e-03 4.961090695505266194e+05 2.000000000000000444e+00
7.340598369757212090e-03 4.964088348741610534e+05 2.000000000000000000e+00
7.477346305177588227e-03 4.967149495327206096e+05 2.000000000000000444e+00
7.616641716552892058e-03 4.970274430445470498e+05 1.999999999999999778e+00
7.758532060787835978e-03 4.973463351385458955e+05 2.000000000000000000e+00
7.903065678861348128e-03 4.976716347589542856e+05 2.000000000000000000e+00
8.050291812295981564e-03 4.980033400535567780e+05 2.000000000000000444e+00
8.200260619934130954e-03 4.983414988015390118e+05 1.999999999999999778e+00
8.353023195026778799e-03 4.986862499796593911e+05 2.000000000000000000e+00
8.508631582640582489e-03 4.990377448475154233e+05 2.000000000000000444e+00
8.667138797389234081e-03 4.993961395960230730e+05 2.000000000000000444e+00
8.828598841495149604e-03 4.997615955822035903e+05 2.000000000000000444e+00
8.993066723187623582e-03 5.001342795776858693e+05 2.000000000000000444e+00
9.160598475443709407e-03 5.005143784963025246e+05 2.000000000000000444e+00
9.331251175078249249e-03 5.009021543749109260e+05 2.000000000000000000e+00
9.505082962189511861e-03 5.012979048476609169e+05 2.000000000000000444e+00
9.682153059967075343e-03 5.017019468729386572e+05 1.999999999999999778e+00
9.862521794868784469e-03 5.021146180996797048e+05 1.999999999999999778e+00
1.004625061717340749e-02 5.025362770964359515e+05 1.999999999999999778e+00
1.023340212191641702e-02 5.029671524754340062e+05 1.999999999999999778e+00
1.042404007021556327e-02 5.034071733328211121e+05 1.999999999999999778e+00
1.061822941099384125e-02 5.038562042446535779e+05 1.999999999999999778e+00
1.081603630310709954e-02 5.043140746563840657e+05 1.999999999999999556e+00
1.101752813788386791e-02 5.047805757845045300e+05 2.000000000000000444e+00
1.122277356208507652e-02 5.052556394136900781e+05 2.000000000000000000e+00
1.143184250129149725e-02 5.057397536374731571e+05 1.999999999999999778e+00
1.164480618372686072e-02 5.062335634526383947e+05 1.999999999999999778e+00
1.186173716452478509e-02 5.067377723986420315e+05 2.000000000000000444e+00
1.208270935044776506e-02 5.072531395068552811e+05 2.000000000000000000e+00
1.230779802506665188e-02 5.077801265862357686e+05 2.000000000000000000e+00
1.253707987440920262e-02 5.083187006824281416e+05 1.999999999999999778e+00
1.277063301308643990e-02 5.088687586866708007e+05 1.999999999999999778e+00
1.300853701090571267e-02 5.094301598774960148e+05 1.999999999999999778e+00
1.325087291997953214e-02 5.100028427342747455e+05 1.999999999999999778e+00
1.349772330233941706e-02 5.105871604059138335e+05 1.999999999999999778e+00
1.374917225806419029e-02 5.111835879162112833e+05 1.999999999999999778e+00
1.400530545393219653e-02 5.117926325679405709e+05 2.000000000000000000e+00
1.426621015260736910e-02 5.124147083905515028e+05 2.000000000000000000e+00
1.453197524236895383e-02 5.130497562181187677e+05 1.999999999999999778e+00
1.480269126739508674e-02 5.136975619010609807e+05 2.000000000000000000e+00
1.507845045861051086e-02 5.143578631757461699e+05 1.999999999999999778e+00
1.535934676510897039e-02 5.150307667525376310e+05 2.000000000000000000e+00
1.564547588616095955e-02 5.157171468818322755e+05 2.000000000000000000e+00
1.593693530381774456e-02 5.164180399413468549e+05 2.000000000000000000e+00
1.623382431612278159e-02 5.171344885276647983e+05 2.000000000000000000e+00
1.653624407094180307e-02 5.178669149796088459e+05 1.999999999999999778e+00
1.684429760042315330e-02 5.186154147521831910e+05 1.999999999999999778e+00
1.715808985610004986e-02 5.193800565186828026e+05 2.000000000000000000e+00
1.747772774464680795e-02 5.201608812081784708e+05 1.999999999999999778e+00
1.780332016430113962e-02 5.209578990704730968e+05 1.999999999999999778e+00
1.813497804196495186e-02 5.217710926907123066e+05 1.999999999999999778e+00
1.847281437099634188e-02 5.226006488175968407e+05 1.999999999999999778e+00
1.881694424970555696e-02 5.234470608555873041e+05 2.000000000000000000e+00
1.916748492056815148e-02 5.243108690637374530e+05 1.999999999999999778e+00
1.952455581016860828e-02 5.251926433405952994e+05 2.000000000000000000e+00
1.988827856988809734e-02 5.260929852399555966e+05 2.000000000000000000e+00
2.025877711735016989e-02 5.270125149002600228e+05 2.000000000000000444e+00
2.063617767863858837e-02 5.279517228248981992e+05 2.000000000000000000e+00
2.102060883130158278e-02 5.289110158059844980e+05 1.999999999999999778e+00
2.141220154815729262e-02 5.298908047270303359e+05 1.999999999999999778e+00
2.181108924191518805e-02 5.308915055509619415e+05 2.000000000000000000e+00
2.221740781062883641e-02 5.319135390503313392e+05 2.000000000000000000e+00
2.263129568399528321e-02 5.329573305000669789e+05 2.000000000000000000e+00
2.305289387051707301e-02 5.340233093294501305e+05 2.000000000000000000e+00
2.348234600554275145e-02 5.351119087298335508e+05 2.000000000000000000e+00
2.391979840020238418e-02 5.362235652142887702e+05 2.000000000000000000e+00
2.436540009125464853e-02 5.373587181250635767e+05 1.999999999999999778e+00
2.481930289186254010e-02 5.385178090844863327e+05 2.000000000000000000e+00
2.528166144331499277e-02 5.397012861099455040e+05 1.999999999999999778e+00
2.575263326771199887e-02 5.409096696710136021e+05 2.000000000000000000e+00
2.623237882163122203e-02 5.421435449958784739e+05 2.000000000000000000e+00
2.672106155079433804e-02 5.434035150389095070e+05 1.999999999999999778e+00
2.721884794575178332e-02 5.446901998133453308e+05 1.999999999999999778e+00
2.772590759860482645e-02 5.460042369940296048e+05 1.999999999999999778e+00
2.824241326078434297e-02 5.473462825465390924e+05 2.000000000000000000e+00
2.876854090190592711e-02 5.487170113841042621e+05 2.000000000000000000e+00
2.930446976972142861e-02 5.501171180537266191e+05 2.000000000000000000e+00
2.985038245118730796e-02 5.515473174530895194e+05 1.999999999999999778e+00
3.040646493467067182e-02 5.530083413786081364e+05 1.999999999999999778e+00
3.097290667331408301e-02 5.545009025463376893e+05 2.000000000000000000e+00
3.154990064958086704e-02 5.560257080444513122e+05 2.000000000000000000e+00
3.213764344100276948e-02 5.575834793475853512e+05 2.000000000000000000e+00
3.273633528715245988e-02 5.591749526254327502e+05 2.000000000000000000e+00
3.334618015786364187e-02 5.608008788204289740e+05 2.000000000000000000e+00
3.396738582272208068e-02 5.624620237009314587e+05 2.000000000000000444e+00
3.460016392185108480e-02 5.641591678869276075e+05 2.000000000000000444e+00
3.524473003801584237e-02 5.658931068451482570e+05 2.000000000000000000e+00
3.590130377007068330e-02 5.676646508501215139e+05 2.000000000000000444e+00
3.657010880777489259e-02 5.694746249074061634e+05 2.000000000000000000e+00
3.725137300800209633e-02 5.713238686349535128e+05 2.000000000000000444e+00
3.794532847236938011e-02 5.732132360980523517e+05 2.000000000000000000e+00
3.865221162631261864e-02 5.751435955931440694e+05 2.000000000000000000e+00
3.937226329963479377e-02 5.771158293751028832e+05 2.000000000000000000e+00
4.010572880855495931e-02 5.791308333577517187e+05 2.000000000000000000e+00
4.085285803928561527e-02 5.811895351879540831e+05 2.000000000000000444e+00
4.161390553316707264e-02 5.832929277180321515e+05 2.000000000000000000e+00
4.238913057338778573e-02 5.854420333735445747e+05 2.000000000000000444e+00
4.317879727332021161e-02 5.876378970416925149e+05 1.999999999999999778e+00
4.398317466650223523e-02 5.898815863240292529e+05 2.000000000000000000e+00
4.480253679829489938e-02 5.921741917638786836e+05 2.000000000000000000e+00
4.563716281924758839e-02 5.945168270449209958e+05 1.999999999999999778e+00
4.648733708020256344e-02 5.969106291570196627e+05 2.000000000000000000e+00
4.735334922917116413e-02 5.993567585250379052e+05 2.000000000000000444e+00
4.823549431001467047e-02 6.018563990959729999e+05 2.000000000000000000e+00
4.913407286296361809e-02 6.044107583792678779e+05 2.000000000000000444e+00
5.004939102700953213e-02 6.070210674365310697e+05 2.000000000000000000e+00
5.098176064420424647e-02 6.096885952148244251e+05 2.000000000000000000e+00
5.193149936590212012e-02 6.124146866091794800e+05 2.000000000000000444e+00
5.289893076098151070e-02 6.152007295615629992e+05 2.000000000000000000e+00
5.388438442608223938e-02 6.180481459341733716e+05 2.000000000000000000e+00
5.488819609789671872e-02 6.209583921809101012e+05 2.000000000000000000e+00
5.591070776755290017e-02 6.239329600102998083e+05 2.000000000000000444e+00
5.695226779712821846e-02 6.269733770370419370e+05 2.000000000000000000e+00
5.801323103833375128e-02 6.300812074189155828e+05 2.000000000000000444e+00
5.909395895340967958e-02 6.332580524755319348e+05 2.000000000000000000e+00
6.019481973827271043e-02 6.365055512158125639e+05 1.999999999999999778e+00
6.131618844795772016e-02 6.398253598151467741e+05 2.000000000000000000e+00
6.245844712439614643e-02 6.432191182050353382e+05 2.000000000000000444e+00
6.362198492657485105e-02 6.466884875718445983e+05 2.000000000000000000e+00
6.480719826311967524e-02 6.502351566385544138e+05 2.000000000000000000e+00
6.601449092734885948e-02 6.538608408784895437e+05 1.999999999999999778e+00
6.724427423484245769e-02 6.575672815673161531e+05 2.000000000000000444e+00
6.849696716357443760e-02 6.613562446564936545e+05 2.000000000000000444e+00
6.977299649665534564e-02 6.652295194499610225e+05 2.000000000000000444e+00
7.107279696773415034e-02 6.691889413562302943e+05 2.000000000000000000e+00
7.239681140910873836e-02 6.732365411912132986e+05 1.999999999999999778e+00
7.374549090259549522e-02 6.773744698006141698e+05 2.000000000000000444e+00
7.511929493320965157e-02 6.816049345773085952e+05 2.000000000000000000e+00
7.651869154570821452e-02 6.859302006521429867e+05 2.000000000000000444e+00
7.794415750404946885e-02 6.903525923339469591e+05 2.000000000000000444e+00
7.939617845382279659e-02 6.948744945685300045e+05 2.000000000000000000e+00
8.087524908770453436e-02 6.994983504061860731e+05 2.000000000000000444e+00
8.238187331399605962e-02 7.042266011986685917e+05 2.000000000000000000e+00
8.391656442830157381e-02 7.090616906028664671e+05 2.000000000000000444e+00
8.547984528840409102e-02 7.140061090938105481e+05 2.000000000000000000e+00
8.707224849239916797e-02 7.190623948992491933e+05 2.000000000000000444e+00
8.869431656014709064e-02 7.242331334557672963e+05 2.000000000000000444e+00
9.034660211810524588e-02 7.295209567270471016e+05 2.000000000000000444e+00
9.202966808760409956e-02 7.349285525325383060e+05 2.000000000000000000e+00
9.374408787662991127e-02 7.404586778406844242e+05 2.000000000000000000e+00
9.549044557518077125e-02 7.461141407365456689e+05 2.000000000000000000e+00
9.726933615426168467e-02 7.518977965058432892e+05 2.000000000000000000e+00
9.908136566858666283e-02 7.578125462208029348e+05 2.000000000000000000e+00
1.009271514630570854e-01 7.638613425334948115e+05 2.000000000000000000e+00
1.028073223830864719e-01 7.700473599609183148e+05 2.000000000000000000e+00
1.047225189888434382e-01 7.763740254173221765e+05 2.000000000000000000e+00
1.066733937734857113e-01 7.828448688112751115e+05 2.000000000000000444e+00
1.086606113854596822e-01 7.894635188767181244e+05 2.000000000000000000e+00
1.106848488549412035e-01 7.962337048688683426e+05 2.000000000000000000e+00
1.127467958244946084e-01 8.031591699629368959e+05 2.000000000000000000e+00
1.148471547840289042e-01 8.102436068005736452e+05 1.999999999999999778e+00
1.169866413101306873e-01 8.174907704319789773e+05 2.000000000000000444e+00
1.191659843098558796e-01 8.249044889971519588e+05 2.000000000000000000e+00
1.213859262690627772e-01 8.324886654663456138e+05 2.000000000000000000e+00
1.236472235053715091e-01 8.402473087727710372e+05 2.000000000000000000e+00
1.259506464258357550e-01 8.481845294466404011e+05 1.999999999999999778e+00
1.282969797894147612e-01 8.563045175681833643e+05 2.000000000000000000e+00
1.306870229743346268e-01 8.646115427924668184e+05 1.999999999999999556e+00
1.331215902504307713e-01 8.731100674392348155e+05 2.000000000000000000e+00
1.356015110565633452e-01 8.818048585680824472e+05 1.999999999999999778e+00
1.381276302832009362e-01 8.907008324800587725e+05 1.999999999999999778e+00
1.407008085602685088e-01 8.998030378558805678e+05 1.999999999999999556e+00
1.433219225503573890e-01 9.091164663069890812e+05 1.999999999999999556e+00
1.459918652473978506e-01 9.186458490794749232e+05 1.999999999999999778e+00
1.487115462808953625e-01 9.283959313557434361e+05 2.000000000000000444e+00
1.514818922258345801e-01 9.383715321131703677e+05 1.999999999999999556e+00
1.543038469183564687e-01 9.485781317048984347e+05 1.999999999999999778e+00
1.571783717773162781e-01 9.590219349034496117e+05 2.000000000000000000e+00
1.601064461318317811e-01 9.697093996058556950e+05 2.000000000000000000e+00
1.630890675549332702e-01 9.806470201601283625e+05 2.000000000000000000e+00
1.661272522034293042e-01 9.918407306081184652e+05 2.000000000000000000e+00
1.692220351641037235e-01 1.003296397060082993e+06 2.000000000000000444e+00
1.723744708063619790e-01 1.015019972296367399e+06 2.000000000000000000e+00
1.755856331414468730e-01 1.027017492051401758e+06 2.000000000000000000e+00
1.788566161883461958e-01 1.039295070737121743e+06 2.000000000000000000e+00
1.821885343465165230e-01 1.051858951300063869e+06 2.000000000000000444e+00
1.855825227755517060e-01 1.064716145604118705e+06 2.000000000000000000e+00
1.890397377819219571e-01 1.077874330409303075e+06 2.000000000000000444e+00
1.925613572129196704e-01 1.091341463278140407e+06 2.000000000000000000e+00
1.961485808579429280e-01 1.105125792341146385e+06 1.999999999999999778e+00
1.998026308572548593e-01 1.119235875480657909e+06 2.000000000000000000e+00
2.035247521183575770e-01 1.133680436576311011e+06 2.000000000000000444e+00
2.073162127401229071e-01 1.148467719561513513e+06 2.000000000000000000e+00
2.111783044448242164e-01 1.163605935664448654e+06 2.000000000000000444e+00
2.151123430182164953e-01 1.179103476791128749e+06 1.999999999999999778e+00
2.191196687578147451e-01 1.194968919781028759e+06 2.000000000000000000e+00
2.232016469295232397e-01 1.211211031008837512e+06 1.999999999999999778e+00
2.273596682327715113e-01 1.227838771424479550e+06 2.000000000000000000e+00
2.315951492743152096e-01 1.244861302103729220e+06 2.000000000000000000e+00
2.359095330508633737e-01 1.262287990391931264e+06 2.000000000000000444e+00
2.403042894406967056e-01 1.280128416734289145e+06 1.999999999999999778e+00
2.447809157044440187e-01 1.298392382298850687e+06 2.000000000000000000e+00
2.493409369951877785e-01 1.317089917511832202e+06 1.999999999999999778e+00
2.539859068780723761e-01 1.336231333554177079e+06 1.999999999999999778e+00
2.587174078595921300e-01 1.355827468471475877e+06 2.000000000000000000e+00
2.635370519267393186e-01 1.375889584611953935e+06 1.999999999999999778e+00
2.684464810961962322e-01 1.396429300648953300e+06 1.999999999999999778e+00
2.734473679737579599e-01 1.417458616621400928e+06 2.000000000000000444e+00
2.785414163241766161e-01 1.438989942205649335e+06 2.000000000000000000e+00
2.837303616516211324e-01 1.461036128403941169e+06 2.000000000000000444e+00
2.890159717909508430e-01 1.483610503062851960e+06 2.000000000000000000e+00
2.944000475100033709e-01 1.506726910682243994e+06 2.000000000000000444e+00
2.998844231231027613e-01 1.530399757026251871e+06 1.999999999999999778e+00
3.054709671159968054e-01 1.554643758325786330e+06 2.000000000000000000e+00
3.111615827824359970e-01 1.579472906295223394e+06 2.000000000000000444e+00
3.169582088726115021e-01 1.604901250067983754e+06 2.000000000000000000e+00
3.228628202536730218e-01 1.630943233962428523e+06 1.999999999999999778e+00
3.288774285825510346e-01 1.657613726130481111e+06 2.000000000000000444e+00
3.350040829913132900e-01 1.684928051150534302e+06 2.000000000000000444e+00
3.412448707852889229e-01 1.712902027085307753e+06 2.000000000000000444e+00
3.476019181541977754e-01 1.741552007582524093e+06 2.000000000000000444e+00
3.540773908965269556e-01 1.770894919394994620e+06 2.000000000000000444e+00
3.606734951574028236e-01 1.800948180601518601e+06 2.000000000000000888e+00
3.673924781802074269e-01 1.831729771576448111e+06 2.000000000000000444e+00
3.742366290721980682e-01 1.863258386591915041e+06 2.000000000000000444e+00
3.812082795843887983e-01 1.895553507856751094e+06 2.000000000000000444e+00
3.883098049059605095e-01 1.928635486972612329e+06 2.000000000000000444e+00
3.955436244734701345e-01 1.962525637013465166e+06 2.000000000000000444e+00
4.029122027951347884e-01 1.997246291429965524e+06 2.000000000000000444e+00
4.104180502904709038e-01 2.032819046136017656e+06 1.999999999999999778e+00
4.180637241455757991e-01 2.069263797805043170e+06 1.999999999999999778e+00
4.258518291843414461e-01 2.106600806547422428e+06 2.000000000000000000e+00
4.337850187558989212e-01 2.144850901736295316e+06 2.000000000000000000e+00
4.418659956385941334e-01 2.184035536647275556e+06 1.999999999999999778e+00
4.500975129608046355e-01 2.224176851669613738e+06 2.000000000000000444e+00
4.584823751389096036e-01 2.265297914038342424e+06 2.000000000000000000e+00
4.670234388327330621e-01 2.307423341146533377e+06 1.999999999999999778e+00
4.757236139187884794e-01 2.350579025182084646e+06 1.999999999999999778e+00
4.845858644816490868e-01 2.394792126686616801e+06 2.000000000000000444e+00
4.936132098237911991e-01 2.440091228477109689e+06 1.999999999999999778e+00
5.028087254942474882e-01 2.486506483111336362e+06 2.000000000000000000e+00
5.121755443364236493e-01 2.534067682825057302e+06 2.000000000000000000e+00
5.217168575554343990e-01 2.582802436458472628e+06 2.000000000000000000e+00
5.314359158053235666e-01 2.632739043000840116e+06 2.000000000000000000e+00
5.413360302965375404e-01 2.683906927276009228e+06 2.000000000000000000e+00
5.514205739240296555e-01 2.736336778997615911e+06 1.999999999999999778e+00
5.616929824163804374e-01 2.790060712246777024e+06 1.999999999999999778e+00
5.721567555063246102e-01 2.845112447948579211e+06 2.000000000000000000e+00
5.828154581230839959e-01 2.901527522216880694e+06 2.000000000000000000e+00
5.936727216069119795e-01 2.959343523763740435e+06 1.999999999999999778e+00
6.047322449462643190e-01 3.018600244420695119e+06 2.000000000000000000e+00
6.159977960380161877e-01 3.079335873014509678e+06 1.999999999999999778e+00
6.274732129711574347e-01 3.141585361114825122e+06 2.000000000000000000e+00
6.391624053343999412e-01 3.205384671199060045e+06 1.999999999999999778e+00
6.510693555481454897e-01 3.270771227495953906e+06 2.000000000000000000e+00
6.631981202212668958e-01 3.337784113280342892e+06 2.000000000000000444e+00
6.755528315331639222e-01 3.406464298104128800e+06 2.000000000000000000e+00
6.881376986415662644e-01 3.476854898772201501e+06 2.000000000000000000e+00
7.009570091165617800e-01 3.549001477832056582e+06 2.000000000000000444e+00
7.140151304013395706e-01 3.622950867802126799e+06 2.000000000000000444e+00
7.273165113001454074e-01 3.698747666538341902e+06 2.000000000000000444e+00
7.408656834939559843e-01 3.776437657141949050e+06 2.000000000000000444e+00
7.546672630843886953e-01 3.856068988630571403e+06 2.000000000000000444e+00
7.687259521663728501e-01 3.937692516294851899e+06 2.000000000000000444e+00
7.830465404301183430e-01 4.021362191629817709e+06 2.000000000000000000e+00
7.976339067929273385e-01 4.107135507997939363e+06 2.000000000000000444e+00
8.124930210614047521e-01 4.195072498796707019e+06 2.000000000000000000e+00
8.276289456246344045e-01 4.285227181316083297e+06 2.000000000000000000e+00
8.430468371788967241e-01 4.377652072933597490e+06 2.000000000000000000e+00
8.587519484845170803e-01 4.472402069030438550e+06 1.999999999999999778e+00
8.747496301554414933e-01 4.569534812617982738e+06 2.000000000000000444e+00
8.910453324821513421e-01 4.669111109185456298e+06 1.999999999999999778e+00
9.076446072885356875e-01 4.771195312488064170e+06 1.999999999999999778e+00
9.245531098233570333e-01 4.875853235788132995e+06 2.000000000000000000e+00
9.417766006869519035e-01 4.983151758614656515e+06 1.999999999999999778e+00
9.593209477938241525e-01 5.093161814957937226e+06 2.000000000000000000e+00
9.771921283717996953e-01 5.205959171916864812e+06 2.000000000000000444e+00
9.953962309984233370e-01 5.321625155578130856e+06 2.000000000000000000e+00
1.013939457675291811e+00 5.440245446534832940e+06 2.000000000000000000e+00
1.032828125941028574e+00 5.561894043634100817e+06 2.000000000000000444e+00
1.052068671023622892e+00 5.686638988970156759e+06 2.000000000000000000e+00
1.071667648032863296e+00 5.814550902894355357e+06 2.000000000000000000e+00
1.091631734193614811e+00 5.945703493048934266e+06 2.000000000000000444e+00
1.111967731120699021e+00 6.080174064222630113e+06 2.000000000000000000e+00
1.132682567136153784e+00 6.218044110100990161e+06 2.000000000000000444e+00
1.153783299629660863e+00 6.359399997435401194e+06 2.000000000000000444e+00
1.175277117462945276e+00 6.504333754358660430e+06 2.000000000000000000e+00
1.197171343418965694e+00 6.652943975921799429e+06 2.000000000000000000e+00
1.219473436696737023e+00 6.805336861446388997e+06 1.999999999999999778e+00
1.242190995452616242e+00 6.961627400002990849e+06 2.000000000000000444e+00
1.265331759388941713e+00 7.121938545617433265e+06 2.000000000000000444e+00
1.288903612390891462e+00 7.286377256307163276e+06 2.000000000000000444e+00
1.312914585212463958e+00 7.455038947712151334e+06 2.000000000000000444e+00
1.337372858212495075e+00 7.628023142059588805e+06 2.000000000000000444e+00
1.362286764141645401e+00 7.805434492330892012e+06 2.000000000000000444e+00
1.387664790981307128e+00 7.987383644689259119e+06 1.999999999999999778e+00
1.413515584835394190e+00 8.173988235651895404e+06 2.000000000000000000e+00
1.439847952876006643e+00 8.365374041122212075e+06 2.000000000000000000e+00
1.466670866343967150e+00 8.561676296384979039e+06 2.000000000000000444e+00
1.493993463605256311e+00 8.763041208406722173e+06 2.000000000000000444e+00
1.521825053264385552e+00 8.969623243940031156e+06 2.000000000000000444e+00
1.550175117335768737e+00 9.181554074406189844e+06 2.000000000000000444e+00
1.579053314474174297e+00 9.398955440374521539e+06 2.000000000000000444e+00
1.608469483265355215e+00 9.621954652735732496e+06 2.000000000000000444e+00
1.638433645577983100e+00 9.850685686794105917e+06 2.000000000000000000e+00
1.668956009978023181e+00 1.008529034946724959e+07 2.000000000000000000e+00
1.700046975206716438e+00 1.032591963110324368e+07 2.000000000000000444e+00
1.731717133723352786e+00 1.057273526542326994e+07 2.000000000000000000e+00
1.763977275314043469e+00 1.082591105025358498e+07 2.000000000000000000e+00
1.796838390767719229e+00 1.108561902518856712e+07 2.000000000000000000e+00
1.830311675620611256e+00 1.135202412831849046e+07 2.000000000000000000e+00
1.864408533970485227e+00 1.162530125946862996e+07 2.000000000000000000e+00
1.899140582361933616e+00 1.190563818300548568e+07 2.000000000000000444e+00
1.934519653744044332e+00 1.219323767492207512e+07 2.000000000000000000e+00
1.970557801501798378e+00 1.248831998423500918e+07 2.000000000000000444e+00
2.007267303562568106e+00 1.279112551827689074e+07 2.000000000000000444e+00
2.044660666579115826e+00 1.310188789702634513e+07 2.000000000000000000e+00
2.082750630190514318e+00 1.342078961287428997e+07 2.000000000000000000e+00
2.121550171362450055e+00 1.374801140605252236e+07 2.000000000000000444e+00
2.161072508808376647e+00 1.408374195301313512e+07 2.000000000000000000e+00
2.201331107493030181e+00 1.442817936527723819e+07 2.000000000000000000e+00
2.242339683219845003e+00 1.478153294112882018e+07 2.000000000000000000e+00
2.284112207303823361e+00 1.514402520313256048e+07 2.000000000000000444e+00
2.326662911331458083e+00 1.551589425823022611e+07 2.000000000000000444e+00
2.370006292009327886e+00 1.589739652142222971e+07 2.000000000000000000e+00
2.414157116103017753e+00 1.628880984884133749e+07 2.000000000000000444e+00
2.459130425468043946e+00 1.669043713147605211e+07 2.000000000000000000e+00
2.504941542174502267e+00 1.710261037808642909e+07 1.999999999999999778e+00
2.551606073727183954e+00 1.752566178397321701e+07 2.000000000000000444e+00
2.599139918382932901e+00 1.795985227990840003e+07 2.000000000000000000e+00
2.647559270567066747e+00 1.840543791007576510e+07 2.000000000000000000e+00
2.696880626390692370e+00 1.886268790341694653e+07 2.000000000000000000e+00
2.747120789270811603e+00 1.933188712350649014e+07 2.000000000000000000e+00
2.798296875655115645e+00 1.981333891759430245e+07 2.000000000000000000e+00
2.850426320853434614e+00 2.030736841622732952e+07 2.000000000000000444e+00
2.903526884977813971e+00 2.081432634084941074e+07 2.000000000000000444e+00
2.957616658993253544e+00 2.133459338354980201e+07 2.000000000000000000e+00
3.012714070881164385e+00 2.186858491791688278e+07 2.000000000000000000e+00
3.068837891917642224e+00 2.241670740105825290e+07 2.000000000000000000e+00
3.126007243068700259e+00 2.297929626539096981e+07 2.000000000000000444e+00
3.184241601504649744e+00 2.355669215511861816e+07 2.000000000000000000e+00
3.243560807235807975e+00 2.414925535127766803e+07 2.000000000000000000e+00
3.303985069871854918e+00 2.475736939988145232e+07 2.000000000000000444e+00
3.365534975507090909e+00 2.538144531844807789e+07 2.000000000000000000e+00
3.428231493733967294e+00 2.602192645482840389e+07 2.000000000000000444e+00
3.492095984787267682e+00 2.667929408098242059e+07 2.000000000000000000e+00
3.557150206821382277e+00 2.735405670350845158e+07 2.000000000000000000e+00
3.623416323323146226e+00 2.804666628728924319e+07 1.999999999999999778e+00
3.690916910662774608e+00 2.875756833118030429e+07 2.000000000000000000e+00
3.759674965785463563e+00 2.948723855124425516e+07 2.000000000000000444e+00
3.829713914046277257e+00 3.023618832856309786e+07 2.000000000000000444e+00
3.901057617190989202e+00 3.100497094196905941e+07 2.000000000000000000e+00
3.973730381485604202e+00 3.179418873482247069e+07 2.000000000000000444e+00
4.047756965997318268e+00 3.260448948948381096e+07 2.000000000000000444e+00
4.123162591029748469e+00 3.343642671080123261e+07 2.000000000000000000e+00
4.199972946715301525e+00 3.429047906995747238e+07 2.000000000000000000e+00
4.278214201767612579e+00 3.516714460244079679e+07 2.000000000000000444e+00
4.357913012397025554e+00 3.606694693463381380e+07 2.000000000000000000e+00
4.439096531392166867e+00 3.699044033017740399e+07 2.000000000000000000e+00
4.521792417370697592e+00 3.793821557587219030e+07 2.000000000000000000e+00
4.606028844202397998e+00 3.891090681577678770e+07 2.000000000000000000e+00
4.691834510607794329e+00 3.990919945479852706e+07 1.999999999999999778e+00
4.779238649935595440e+00 4.093383926738736778e+07 1.999999999999999778e+00
4.868271040122278848e+00 4.198564286324312538e+07 1.999999999999999778e+00
4.958962013837211913e+00 4.306550968062908202e+07 2.000000000000000000e+00
5.051342468816761411e+00 4.417442251258353144e+07 1.999999999999999778e+00
5.145443878390924652e+00 4.531322158624342084e+07 1.999999999999999778e+00
5.241298302206056192e+00 4.648258759868901223e+07 1.999999999999999778e+00
5.338938397147350301e+00 4.768322579569359869e+07 2.000000000000000000e+00
5.438397428464796235e+00 4.891587868546088040e+07 2.000000000000000000e+00
5.539709281106400596e+00 5.018133323953064531e+07 1.999999999999999778e+00
5.642908471262536807e+00 5.148042928403918445e+07 2.000000000000000000e+00
5.748030158125351008e+00 5.281406923569387197e+07 2.000000000000000000e+00
5.855110155867238042e+00 5.418322935492376238e+07 1.999999999999999778e+00
5.964184945842459840e+00 5.558897270922206342e+07 1.999999999999999778e+00
6.075291689016070862e+00 5.703244294217452407e+07 2.000000000000000000e+00
6.188468238624382778e+00 5.851464705410574377e+07 2.000000000000000000e+00
6.303753153071275150e+00 6.003650318242456019e+07 1.999999999999999778e+00
6.421185709064758385e+00 6.159898135639613122e+07 1.999999999999999778e+00
6.540805914998252923e+00 6.320311602023962885e+07 2.000000000000000444e+00
6.662654524581149929e+00 6.485001800309424102e+07 2.000000000000000444e+00
6.786773050723295064e+00 6.654088836546176672e+07 2.000000000000000000e+00
6.913203779678127603e+00 6.827703436135616899e+07 2.000000000000000000e+00
7.041989785449288775e+00 7.005988488491874933e+07 2.000000000000000444e+00
7.173174944465612768e+00 7.189081728596286476e+07 2.000000000000000000e+00
7.306803950529499936e+00 7.377100505008488894e+07 1.999999999999999778e+00
7.442922330043757917e+00 7.570166465002143383e+07 2.000000000000000000e+00
7.581576457522110069e+00 7.768409336773866415e+07 2.000000000000000000e+00
7.722813571388642551e+00 7.971968423480373621e+07 2.000000000000000000e+00
7.866681790071582192e+00 8.180994331586949527e+07 1.999999999999999778e+00
8.013230128396878982e+00 8.395650956741192937e+07 2.000000000000000444e+00
8.162508514287219796e+00 8.616105010425010324e+07 2.000000000000000000e+00
8.314567805772055564e+00 8.842497307483485341e+07 2.000000000000000444e+00
8.469459808314576676e+00 9.074969194260959327e+07 2.000000000000000000e+00
8.627237292461440887e+00 9.313670681696431339e+07 2.000000000000000000e+00
8.787954011821311084e+00 9.558762105765892565e+07 2.000000000000000000e+00
8.951664721378293166e+00 9.810416054968905449e+07 2.000000000000000444e+00
9.118425196146562328e+00 1.006881959917201549e+08 2.000000000000000000e+00
9.288292250172489162e+00 1.033417685823045075e+08 2.000000000000000444e+00
9.461323755890759912e+00 1.060671195350653678e+08 2.000000000000000000e+00
9.637578663841079418e+00 1.088667239080987275e+08 2.000000000000000000e+00
9.817117022752183786e+00 1.117433292952845246e+08 2.000000000000000444e+00
1.000000000000000000e+01 1.147000000000001043e+08 2.000000000000000000e+00
