# Source: PRIMAT compilation, https://doi.org/10.1016/j.physrep.2018.04.005
1.000000000000000021e-03 1.000000000000000008e-35 1.000000000000000000e+00
1.018628990244687619e-03 5.396307788986530804e-36 9.969642611706011071e-01
1.037605019766911670e-03 2.970304513837612322e-36 9.940370192737144617e-01
1.056934553557988335e-03 1.669520191729400956e-36 9.912227476445921726e-01
1.076624177045493267e-03 9.593070229949035630e-37 9.885259973003963641e-01
1.096680598336868600e-03 5.641533184373522256e-37 9.859513958737142758e-01
1.117110650504824203e-03 3.399520185038635472e-37 9.835036462377571009e-01
1.137921293915315117e-03 2.101526866529928368e-37 9.811875247748932383e-01
1.159119618598885779e-03 1.334359657031456052e-37 9.790078792334595548e-01
1.180712846666190276e-03 8.712895056676199427e-38 9.769696261102672752e-01
1.202708334768511989e-03 5.857888354046745833e-38 9.750777474877834194e-01
1.225113576604118949e-03 4.060239562932526512e-38 9.733372872455279268e-01
1.247936205471311460e-03 2.904970108731934286e-38 9.717533465546654980e-01
1.271183996869028896e-03 2.148137339586451398e-38 9.703310785529839499e-01
1.294864871145904933e-03 1.643864214682036002e-38 9.690756820843005048e-01
1.318986896198670470e-03 1.303489069118086789e-38 9.679923943716863821e-01
1.343558290220826226e-03 1.072358077470510934e-38 9.670864824776084223e-01
1.368587424502519176e-03 9.164619218418601289e-39 9.663632333859805135e-01
1.394082826282578647e-03 8.146636273147922126e-39 9.658279425210427593e-01
1.420053181653683095e-03 7.541759150306246751e-39 9.654859004957501156e-01
1.446507338521647217e-03 7.279983259251468756e-39 9.653423778577733261e-01
1.473454309619835756e-03 7.336246705291057301e-39 9.654026075741019008e-01
1.500903275579736594e-03 7.727030826226561220e-39 9.656717649653786539e-01
1.528863588058731147e-03 8.516085090306681613e-39 9.661549447683065450e-01
1.557344772926135207e-03 9.831742666626251693e-39 9.668571349685439742e-01
1.586356533508589657e-03 1.190245321076934317e-38 9.677831870072560738e-01
1.615908753895919101e-03 1.512461847320325733e-38 9.689377819217720456e-01
1.646011502308549748e-03 2.019161902251541564e-38 9.703253919344401179e-01
1.676675034527699143e-03 2.834389560168866566e-38 9.719502369537256214e-01
1.707909797389426916e-03 4.186721669193528063e-38 9.738162353977779517e-01
1.739726432343800767e-03 6.511723006774818281e-38 9.759269486932007354e-01
1.772135779080358372e-03 1.066982990653445867e-37 9.782855187407089037e-01
1.805148879221108154e-03 1.842624847077027627e-37 9.808945975750695823e-01
1.838776980082326793e-03 3.354685105033738855e-37 9.837562683796660101e-01
1.873031538506436536e-03 6.439503551616980720e-37 9.868719569469021069e-01
1.907924224765265072e-03 1.303211335829707730e-36 9.902423326054617947e-01
1.943466926536020246e-03 2.779925546932099043e-36 9.938671975655037905e-01
1.979671752951332481e-03 6.247568873527312499e-36 9.977453635649740082e-01
2.016551038724746607e-03 1.478267542348635696e-35 1.001874514636669877e+00
2.054117348353064112e-03 3.679212929214683065e-35 1.006251054759445207e+00
2.092383480396977150e-03 9.620408242337242478e-35 1.010869939111720850e+00
2.131362471841437810e-03 2.638855449370613692e-34 1.015724487615923044e+00
2.171067602537264923e-03 7.579250639270474588e-34 1.020806179454346596e+00
2.211512399725488933e-03 2.274448657954920444e-33 1.026104427257266583e+00
2.252710642645980484e-03 7.112919283130650542e-33 1.031606329721406867e+00
2.294676367231936100e-03 2.311222222445353184e-32 1.037296401521385247e+00
2.337423870891814758e-03 7.776063939031558232e-32 1.043156279540643716e+00
2.380967717380358135e-03 2.698297510654143756e-31 1.049164404686084406e+00
2.425322741760352948e-03 9.613619652786688629e-31 1.055295678878943599e+00
2.470504055456825433e-03 3.499088485747696630e-30 1.061521097252836610e+00
2.516527051405391836e-03 1.293676994657500517e-29 1.067807356160634713e+00
2.563407409296514835e-03 4.827678259908066490e-29 1.074116438319989708e+00
2.611161100917459583e-03 1.805569609693739391e-28 1.080405177340818756e+00
2.659804395593758260e-03 6.714815195236236951e-28 1.086624805007327277e+00
2.709353865732051433e-03 2.461559437960066665e-27 1.092720486064659324e+00
2.759826392466180594e-03 8.809664247637988921e-27 1.098630846919636417e+00
2.811239171408464344e-03 3.045587936969163794e-26 1.104287506639685779e+00
2.863609718508115885e-03 1.005257122644645419e-25 1.109614620955260866e+00
2.916955876018795853e-03 3.127634834586928297e-25 1.114528452665190184e+00
2.971295818577334054e-03 9.044759056507169232e-25 1.118936984929356671e+00
3.026648059395692196e-03 2.395018679158220919e-24 1.122741750150170637e+00
3.083031456568277075e-03 5.763922955986412030e-24 1.125892131167075094e+00
3.140465219496752208e-03 1.262976453931991307e-23 1.128397082793367590e+00
3.198968915434537586e-03 2.526872959904907617e-23 1.130274254266547596e+00
3.258562476153226226e-03 4.632769854015848853e-23 1.131547690714502119e+00
3.319266204733189573e-03 7.817525622314988739e-23 1.132248211375106450e+00
3.381100782480685445e-03 1.220524667850734903e-22 1.132413785265830919e+00
3.444087275973823411e-03 1.774020693112626673e-22 1.132089907963672815e+00
3.508247144239792347e-03 2.417890602617940019e-22 1.131329985105999247e+00
3.573602246065788347e-03 3.115980277003099454e-22 1.130195730573994028e+00
3.640174847446141400e-03 3.833289164295933945e-22 1.128757590138392164e+00
3.707987629168172684e-03 4.550662988106532385e-22 1.127095204715891308e+00
3.777063694539364597e-03 5.277487722097850014e-22 1.125297931412418517e+00
3.847426577258505898e-03 6.062041499235601342e-22 1.123465445358215131e+00
3.919100249433401899e-03 7.004219790984491121e-22 1.121708451157247044e+00
3.992109129748053209e-03 8.282053987535194716e-22 1.120149539829702778e+00
4.066478091781853925e-03 1.018811025810522486e-21 1.118904643650701969e+00
4.142232472483897525e-03 1.307336245891241953e-21 1.117990545462813179e+00
4.219398080805024202e-03 1.745273181602403640e-21 1.117385743032184076e+00
4.298001206490798497e-03 2.416380727082256805e-21 1.117065335710677454e+00
4.378068629038166758e-03 3.457166353063445864e-21 1.117000679749906578e+00
4.459627626819095622e-03 5.090032318742258990e-21 1.117158980228382781e+00
4.542705986374042521e-03 7.675452418109509923e-21 1.117502852804306279e+00
4.627332011878692967e-03 1.179051324770859570e-20 1.117989856611787181e+00
4.713534534786906725e-03 1.833877949471697433e-20 1.118572000780669429e+00
4.801342923653449841e-03 2.868522238217083115e-20 1.119195228524082042e+00
4.890787094139589959e-03 4.478046963175438882e-20 1.119798884553557583e+00
4.981897519205159656e-03 6.917959972288093293e-20 1.120315173801844644e+00
5.074705239490466188e-03 1.048749778574951043e-19 1.120676965291658389e+00
5.169241873891598608e-03 1.557382119823892976e-19 1.120872572567459535e+00
5.265539630332755246e-03 2.268902284414823104e-19 1.120918300803539047e+00
5.363631316739239652e-03 3.248824491754220575e-19 1.120833173482396417e+00
5.463550352214875498e-03 4.581925692844896571e-19 1.120639006083163691e+00
5.565330778427646403e-03 6.380324340783364791e-19 1.120360612543767509e+00
5.669007271207434327e-03 8.796786511086189813e-19 1.120026028266493556e+00
5.774615152359819509e-03 1.204676554620086342e-18 1.119666752675208432e+00
5.882190401699956099e-03 1.644519686268156827e-18 1.119318015011579570e+00
5.991769669310619169e-03 2.246881875019784066e-18 1.119019067873268991e+00
6.103390288028621123e-03 3.084079900776986519e-18 1.118806288521271286e+00
6.217090286163826779e-03 4.254126904815200648e-18 1.118682790565724394e+00
6.332908400455114321e-03 5.891720748027650033e-18 1.118639793143553218e+00
6.450884089267692675e-03 8.184284952747110109e-18 1.118667184249490854e+00
6.571057546036270826e-03 1.139029950652916562e-17 1.118753403099229882e+00
6.693469712958660493e-03 1.586204835343574154e-17 1.118885310467263139e+00
6.818162294944479437e-03 2.207230742545227875e-17 1.119048050527401639e+00
6.945177773823696388e-03 3.064300316136635716e-17 1.119224904193376391e+00
7.074559422819878297e-03 4.237420802595197357e-17 1.119397870516622762e+00
7.206351321293052656e-03 5.832879065376186764e-17 1.119559434909931150e+00
7.340598369757212090e-03 7.994799920520243590e-17 1.119711914359447391e+00
7.477346305177588227e-03 1.091563562116823985e-16 1.119858268853680228e+00
7.616641716552892058e-03 1.485296777062953639e-16 1.120001837511381382e+00
7.758532060787835978e-03 2.015308517577282459e-16 1.120146369489383176e+00
7.903065678861348128e-03 2.728435662764857199e-16 1.120296057142949442e+00
8.050291812295981564e-03 3.688488818594343666e-16 1.120455461449328283e+00
8.200260619934130954e-03 4.981249881507262191e-16 1.120623143664800647e+00
8.353023195026778799e-03 6.719499157468490512e-16 1.120787272811719637e+00
8.508631582640582489e-03 9.052662154694206617e-16 1.120933764033314572e+00
8.667138797389234081e-03 1.217834042757716294e-15 1.121046952396909546e+00
8.828598841495149604e-03 1.635699311831534119e-15 1.121109472300229948e+00
8.993066723187623582e-03 2.193074547577187995e-15 1.121102131646152467e+00
9.160598475443709407e-03 2.934787587312864590e-15 1.121009949275509676e+00
9.331251175078249249e-03 3.919668946748441804e-15 1.120845295525633167e+00
9.505082962189511861e-03 5.224728601900706171e-15 1.120630648557364273e+00
9.682153059967075343e-03 6.950553603744391641e-15 1.120391297746484494e+00
9.862521794868784469e-03 9.228356803170838755e-15 1.120155560866237243e+00
1.004625061717340749e-02 1.222913807266493396e-14 1.119954865585276016e+00
1.023340212191641702e-02 1.617530201857792715e-14 1.119804602964111551e+00
1.042404007021556327e-02 2.135528320598105227e-14 1.119682728813957251e+00
1.061822941099384125e-02 2.814318403282697768e-14 1.119559906091309953e+00
1.081603630310709954e-02 3.702411940777716461e-14 1.119403376199614053e+00
1.101752813788386791e-02 4.862723974212164312e-14 1.119176704437462755e+00
1.122277356208507652e-02 6.376576853308307574e-14 1.118862294202136676e+00
1.143184250129149725e-02 8.347924236536101547e-14 1.118513337449548617e+00
1.164480618372686072e-02 1.090968200793193850e-13 1.118203672392366066e+00
1.186173716452478509e-02 1.423151355930177336e-13 1.118015533205808820e+00
1.208270935044776506e-02 1.852942948601449847e-13 1.118038531005445257e+00
1.230779802506665188e-02 2.407887728477421101e-13 1.118289538451045395e+00
1.253707987440920262e-02 3.123213087957302482e-13 1.118668022380395088e+00
1.277063301308643990e-02 4.043891085421950716e-13 1.119052016982531983e+00
1.300853701090571267e-02 5.227371348031359561e-13 1.119305098049519609e+00
1.325087291997953214e-02 6.746888707720122902e-13 1.119323258628339923e+00
1.349772330233941706e-02 8.694817767060392749e-13 1.119168611904916899e+00
1.374917225806419029e-02 1.118786515715893366e-12 1.118952228864853904e+00
1.400530545393219653e-02 1.437351688335142523e-12 1.118798363054792633e+00
1.426621015260736910e-02 1.843794856520942786e-12 1.118808359817050180e+00
1.453197524236895383e-02 2.361576699421903174e-12 1.118951183422024709e+00
1.480269126739508674e-02 3.020256055488937131e-12 1.119156958167326410e+00
1.507845045861051086e-02 3.857075107622050058e-12 1.119347656013238934e+00
1.535934676510897039e-02 4.918694538577132653e-12 1.119464552465112783e+00
1.564547588616095955e-02 6.263051601003204657e-12 1.119494257837349904e+00
1.593693530381774456e-02 7.962173163894954070e-12 1.119427674446794141e+00
1.623382431612278159e-02 1.010547206251184966e-11 1.119258563625435521e+00
1.653624407094180307e-02 1.280411776601872827e-11 1.119008337990017754e+00
1.684429760042315330e-02 1.619617819179100500e-11 1.118714615401124712e+00
1.715808985610004986e-02 2.045286997908703262e-11 1.118419620207458554e+00
1.747772774464680795e-02 2.578646163284701747e-11 1.118170467436105486e+00
1.780332016430113962e-02 3.246017053616199872e-11 1.118019558638116528e+00
1.813497804196495186e-02 4.080057242333275354e-11 1.118023832236355819e+00
1.847281437099634188e-02 5.121063721924454071e-11 1.118199784082598347e+00
1.881694424970555696e-02 6.418487743847095169e-11 1.118503835478816821e+00
1.916748492056815148e-02 8.033195458453211619e-11 1.118882661527267786e+00
1.952455581016860828e-02 1.004010763770435777e-10 1.119276348015883826e+00
1.988827856988809734e-02 1.253146247106236378e-10 1.119617831298571398e+00
2.025877711735016989e-02 1.562076461008111581e-10 1.119837600036505121e+00
2.063617767863858837e-02 1.944618953986384561e-10 1.119915038923375850e+00
2.102060883130158278e-02 2.417547969927929454e-10 1.119862369084481335e+00
2.141220154815729262e-02 3.001261131550752720e-10 1.119694281178143180e+00
2.181108924191518805e-02 3.720524027259892311e-10 1.119427666604510652e+00
2.221740781062883641e-02 4.605363711686659517e-10 1.119081783091342652e+00
2.263129568399528321e-02 5.692144477895947466e-10 1.118678432766761155e+00
2.305289387051707301e-02 7.024867110047489378e-10 1.118242154693619650e+00
2.348234600554275145e-02 8.656744352627434548e-10 1.117800434268363619e+00
2.391979840020238418e-02 1.065212074609667867e-09 1.117383932400388469e+00
2.436540009125464853e-02 1.308882569705365095e-09 1.117026738002342201e+00
2.481930289186254010e-02 1.606107662982635722e-09 1.116766648057592404e+00
2.528166144331499277e-02 1.968298380133722573e-09 1.116643255907614707e+00
2.575263326771199887e-02 2.409117529963911773e-09 1.116666981287724791e+00
2.623237882163122203e-02 2.944858745148740098e-09 1.116823068630729665e+00
2.672106155079433804e-02 3.595031842747092529e-09 1.117093897933029378e+00
2.721884794575178332e-02 4.382985138539889569e-09 1.117459354493046453e+00
2.772590759860482645e-02 5.336651036320925476e-09 1.117896596569347478e+00
2.824241326078434297e-02 6.489447219587147730e-09 1.118379808713647616e+00
2.876854090190592711e-02 7.881372523181588622e-09 1.118879941498106989e+00
2.930446976972142861e-02 9.560348592114847400e-09 1.119364438841984111e+00
2.985038245118730796e-02 1.158387462122037506e-08 1.119796954740694295e+00
3.040646493467067182e-02 1.402092539028759729e-08 1.120140074616114312e+00
3.097290667331408301e-02 1.695268840755174500e-08 1.120381278184181761e+00
3.154990064958086704e-02 2.047453858338369002e-08 1.120523234272922330e+00
3.213764344100276948e-02 2.469902635499269605e-08 1.120569529223728544e+00
3.273633528715245988e-02 2.975875552021359935e-08 1.120524582314555762e+00
3.334618015786364187e-02 3.580971484974538087e-08 1.120393715492608244e+00
3.396738582272208068e-02 4.303515247088856802e-08 1.120183227524988334e+00
3.460016392185108480e-02 5.165009599832963789e-08 1.119900472938035740e+00
3.524473003801584237e-02 6.190664856073653241e-08 1.119553946178261317e+00
3.590130377007068330e-02 7.410022690794435146e-08 1.119153371502177752e+00
3.657010880777489259e-02 8.857695562296685374e-08 1.118709799191163867e+00
3.725137300800209633e-02 1.057424950102784971e-07 1.118235708793318128e+00
3.794532847236938011e-02 1.260726646967395161e-07 1.117745120220147159e+00
3.865221162631261864e-02 1.501263373631183479e-07 1.117253713675439020e+00
3.937226329963479377e-02 1.785612268017867294e-07 1.116778959571081975e+00
4.010572880855495931e-02 2.121533776603706803e-07 1.116340248165905491e+00
4.085285803928561527e-02 2.518109985834600607e-07 1.115953000338462786e+00
4.161390553316707264e-02 2.985727879417333528e-07 1.115617892795419897e+00
4.238913057338778573e-02 3.536394232803980880e-07 1.115332757251510376e+00
4.317879727332021161e-02 4.184013827789280290e-07 1.115094976199013210e+00
4.398317466650223523e-02 4.944676716569207718e-07 1.114901440856845616e+00
4.480253679829489938e-02 5.836992319671218725e-07 1.114748505943391255e+00
4.563716281924758839e-02 6.882480470602426193e-07 1.114631941095036716e+00
4.648733708020256344e-02 8.106032433401434745e-07 1.114546878754214543e+00
4.735334922917116413e-02 9.536458748948079691e-07 1.114487758355612756e+00
4.823549431001467047e-02 1.120714579943305198e-06 1.114448266647778851e+00
4.913407286296361809e-02 1.315684960041498929e-06 1.114421274000483519e+00
5.004939102700953213e-02 1.543066399881979912e-06 1.114398766736103275e+00
5.098176064420424647e-02 1.808074104064806677e-06 1.114373103939541476e+00
5.193149936590212012e-02 2.116592378902419875e-06 1.114340419614887834e+00
5.289893076098151070e-02 2.475327550229914842e-06 1.114297441425453616e+00
5.388438442608223938e-02 2.891946669734248385e-06 1.114240553773494513e+00
5.488819609789671872e-02 3.375209629224516231e-06 1.114165771827619666e+00
5.591070776755290017e-02 3.935121712323730710e-06 1.114068713977913960e+00
5.695226779712821846e-02 4.583111078419714946e-06 1.113944572664227861e+00
5.801323103833375128e-02 5.332236977147404214e-06 1.113788083528281181e+00
5.909395895340967958e-02 6.197436188461974028e-06 1.113593492847090749e+00
6.019481973827271043e-02 7.195816908002827949e-06 1.113354539399822318e+00
6.131618844795772016e-02 8.346843579105797878e-06 1.113069327166315015e+00
6.245844712439614643e-02 9.672323668894728958e-06 1.112748007478163936e+00
6.362198492657485105e-02 1.119690752936919709e-05 1.112403856956959425e+00
6.480719826311967524e-02 1.294851103230037481e-05 1.112051766155109256e+00
6.601449092734885948e-02 1.495875943689588013e-05 1.111708366197252440e+00
6.724427423484245769e-02 1.726350965660818686e-05 1.111392166266690795e+00
6.849696716357443760e-02 1.990347082712775570e-05 1.111123703451540212e+00
6.977299649665534564e-02 2.292494888612509933e-05 1.110925706742650343e+00
7.107279696773415034e-02 2.638052600679306571e-05 1.110819270058396091e+00
7.239681140910873836e-02 3.032842331645864664e-05 1.110799399093173268e+00
7.374549090259549522e-02 3.483339225517623330e-05 1.110848047254248128e+00
7.511929493320965157e-02 3.996797702945823172e-05 1.110944753565425991e+00
7.651869154570821452e-02 4.581344554619954046e-05 1.111066473287085632e+00
7.794415750404946885e-02 5.246086606726108872e-05 1.111187359532583629e+00
7.939617845382279659e-02 6.001236850767603491e-05 1.111278534797738970e+00
8.087524908770453436e-02 6.858264006619558997e-05 1.111309265728080975e+00
8.238187331399605962e-02 7.830074602444087799e-05 1.111268114048248323e+00
8.391656442830157381e-02 8.931231214033041649e-05 1.111161023482335031e+00
8.547984528840409102e-02 1.017821621678744614e-04 1.110995418974167537e+00
8.707224849239916797e-02 1.158975809521675492e-04 1.110779824654319015e+00
8.869431656014709064e-02 1.318723575449096954e-04 1.110523951119793518e+00
9.034660211810524588e-02 1.499517760611697014e-04 1.110238802430527194e+00
9.202966808760409956e-02 1.704079833997938038e-04 1.109939397392727178e+00
9.374408787662991127e-02 1.935236133758209975e-04 1.109648439866615988e+00
9.549044557518077125e-02 2.196037434157481960e-04 1.109392021111082371e+00
9.726933615426168467e-02 2.489784120731739370e-04 1.109199118876126988e+00
9.908136566858666283e-02 2.820022831302902645e-04 1.109101834864178793e+00
1.009271514630570854e-01 3.190548872741610833e-04 1.109133201405176239e+00
1.028073223830864719e-01 3.605721355942788364e-04 1.109271539482526769e+00
1.047225189888434382e-01 4.070709116178599122e-04 1.109432479330783261e+00
1.066733937734857113e-01 4.591413437340721715e-04 1.109518973258358354e+00
1.086606113854596822e-01 5.174610348845821864e-04 1.109422888669397977e+00
1.106848488549412035e-01 5.828134836506239499e-04 1.109026127044539844e+00
1.127467958244946084e-01 6.560409154837374161e-04 1.108310886967289299e+00
1.148471547840289042e-01 7.379738927864060594e-04 1.107436652933081689e+00
1.169866413101306873e-01 8.294896151316028671e-04 1.106597287024489118e+00
1.191659843098558796e-01 9.315144479380053043e-04 1.106008568546773541e+00
1.213859262690627772e-01 1.045027502673278024e-03 1.105891008902613049e+00
1.236472235053715091e-01 1.171214610663910563e-03 1.106218674046262729e+00
1.259506464258357550e-01 1.311531081224027399e-03 1.106759110717527417e+00
1.282969797894147612e-01 1.467670567769757770e-03 1.107246891946267464e+00
1.306870229743346268e-01 1.641618099474621319e-03 1.107387372711550189e+00
1.331215902504307713e-01 1.835447187337879834e-03 1.107040747641644840e+00
1.356015110565633452e-01 2.050962786671676075e-03 1.106393690424196663e+00
1.381276302832009362e-01 2.289922486561404239e-03 1.105691379597888435e+00
1.407008085602685088e-01 2.554019783069137999e-03 1.105205740378814472e+00
1.433219225503573890e-01 2.845245937519688770e-03 1.105080194918329095e+00
1.459918652473978506e-01 3.166531250848509272e-03 1.105173460312474987e+00
1.487115462808953625e-01 3.521429052163846992e-03 1.105293907477898685e+00
1.514818922258345801e-01 3.914162051998722712e-03 1.105235827031598950e+00
1.543038469183564687e-01 4.348921742515568512e-03 1.104943594104582427e+00
1.571783717773162781e-01 4.829547143713700669e-03 1.104519794602978111e+00
1.601064461318317811e-01 5.360026727732137945e-03 1.104085671838098692e+00
1.630890675549332702e-01 5.944578165215879013e-03 1.103744520082697411e+00
1.661272522034293042e-01 6.587933361973892510e-03 1.103493207714739244e+00
1.692220351641037235e-01 7.295220636446851648e-03 1.103300687138954794e+00
1.723744708063619790e-01 8.071929251266974498e-03 1.103132076209313306e+00
1.755856331414468730e-01 8.923934229294484127e-03 1.102948335739162067e+00
1.788566161883461958e-01 9.857526176940134555e-03 1.102705936942975251e+00
1.821885343465165230e-01 1.087946626161616012e-02 1.102360177022422283e+00
1.855825227755517060e-01 1.199727747603613302e-02 1.101907191113729922e+00
1.890397377819219571e-01 1.321937716190340478e-02 1.101374302009874739e+00
1.925613572129196704e-01 1.455510782556814105e-02 1.100792863306819136e+00
1.961485808579429280e-01 1.601491423821573348e-02 1.100198000045208735e+00
1.998026308572548593e-01 1.761056784994977087e-02 1.099628897284689266e+00
2.035247521183575770e-01 1.935505837787322020e-02 1.099122013071887949e+00
2.073162127401229071e-01 2.126106847878236547e-02 1.098683437284733166e+00
2.111783044448242164e-01 2.334166079320317347e-02 1.098309350827596509e+00
2.151123430182164953e-01 2.561073810664840633e-02 1.097995241591588789e+00
2.191196687578147451e-01 2.808309023668160986e-02 1.097735841501280785e+00
2.232016469295232397e-01 3.077444908207426985e-02 1.097525057525490011e+00
2.273596682327715113e-01 3.370155475491164176e-02 1.097355897678506054e+00
2.315951492743152096e-01 3.688223637906826169e-02 1.097220391808235274e+00
2.359095330508633737e-01 4.033551199902019740e-02 1.097109506994461414e+00
2.403042894406967056e-01 4.408171306291672198e-02 1.097013057416941217e+00
2.447809157044440187e-01 4.814264015279649117e-02 1.096919608601305551e+00
2.493409369951877785e-01 5.254175807080018606e-02 1.096816376012916150e+00
2.539859068780723761e-01 5.730433804296115874e-02 1.096690486353670835e+00
2.587174078595921300e-01 6.245710965555682781e-02 1.096536335565315490e+00
2.635370519267393186e-01 6.802869297851324437e-02 1.096351177528540388e+00
2.684464810961962322e-01 7.405011448954493258e-02 1.096132070590817076e+00
2.734473679737579599e-01 8.055521361781499412e-02 1.095875858722877849e+00
2.785414163241766161e-01 8.758114792273363758e-02 1.095579158206833714e+00
2.837303616516211324e-01 9.516901971970970209e-02 1.095238343651537827e+00
2.890159717909508430e-01 1.033646513703283809e-01 1.094849533319116164e+00
2.944000475100033709e-01 1.122195425002067287e-01 1.094408573749081404e+00
2.998844231231027613e-01 1.217920500573592413e-01 1.093911023669543070e+00
3.054709671159968054e-01 1.321455701953211659e-01 1.093354383093875448e+00
3.111615827824359970e-01 1.433365499563008516e-01 1.092745906635447239e+00
3.169582088726115021e-01 1.554200249016138569e-01 1.092096550119653120e+00
3.228628202536730218e-01 1.684522444557214338e-01 1.091418659292176629e+00
3.288774285825510346e-01 1.824902312518985881e-01 1.090726076828082425e+00
3.350040829913132900e-01 1.975912441620130966e-01 1.090034257889544111e+00
3.412448707852889229e-01 2.138121354949394093e-01 1.089360395335742693e+00
3.476019181541977754e-01 2.312085932661936682e-01 1.088723555914509866e+00
3.540773908965269556e-01 2.498352957174448663e-01 1.088143569846083514e+00
3.606734951574028236e-01 2.697597772774867897e-01 1.087624913547816874e+00
3.673924781802074269e-01 2.910649770297061290e-01 1.087159535079668560e+00
3.742366290721980682e-01 3.138431490717237260e-01 1.086737957003135246e+00
3.812082795843887983e-01 3.381977849778206036e-01 1.086349430724049769e+00
3.883098049059605095e-01 3.642462245684715549e-01 1.085981827922985143e+00
3.955436244734701345e-01 3.921228629316188541e-01 1.085621525332634674e+00
4.029122027951347884e-01 4.219824361170541605e-01 1.085253323100090483e+00
4.104180502904709038e-01 4.539763128300597916e-01 1.084861954806292328e+00
4.180637241455757991e-01 4.882326786246603545e-01 1.084432742343445000e+00
4.258518291843414461e-01 5.248816113340198930e-01 1.083949607636934154e+00
4.337850187558989212e-01 5.640570275062475325e-01 1.083394816847599973e+00
4.418659956385941334e-01 6.058964707446952147e-01 1.082748864632299579e+00
4.500975129608046355e-01 6.505408984522449423e-01 1.081990355086404287e+00
4.584823751389096036e-01 6.981394734042628558e-01 1.081105455982716457e+00
4.670234388327330621e-01 7.488677177319905676e-01 1.080117228201230795e+00
4.757236139187884794e-01 8.029210043635707228e-01 1.079061134842123071e+00
4.845858644816490868e-01 8.605138902056713723e-01 1.077976866831874103e+00
4.936132098237911991e-01 9.218839768938588142e-01 1.076908655134841242e+00
5.028087254942474882e-01 9.872962673708647330e-01 1.075905326835193021e+00
5.121755443364236493e-01 1.057019934512445358e+00 1.074998328037159334e+00
5.217168575554343990e-01 1.131298768742589056e+00 1.074183263603099681e+00
5.314359158053235666e-01 1.210383255134130920e+00 1.073451056318886820e+00
5.413360302965375404e-01 1.294535305454052931e+00 1.072791279291097188e+00
5.514205739240296555e-01 1.384029371534156283e+00 1.072192033764517882e+00
5.616929824163804374e-01 1.479153868227722324e+00 1.071639818625772733e+00
5.721567555063246102e-01 1.580212978131077861e+00 1.071119391527707299e+00
5.828154581230839959e-01 1.687528922986812896e+00 1.070613621699338935e+00
5.936727216069119795e-01 1.801444801462631196e+00 1.070103334670647000e+00
6.047322449462643190e-01 1.922327978632059953e+00 1.069567462996460883e+00
6.159977960380161877e-01 2.050569661572618330e+00 1.068993419361727426e+00
6.274732129711574347e-01 2.186586733722643228e+00 1.068380803428813364e+00
6.391624053343999412e-01 2.330831344247461523e+00 1.067730132362524342e+00
6.510693555481454897e-01 2.483797947961012831e+00 1.067042105954489895e+00
6.631981202212668958e-01 2.646031497259942356e+00 1.066317622852169578e+00
6.755528315331639222e-01 2.818137357018281719e+00 1.065557797867861423e+00
6.881376986415662644e-01 3.000793272401015788e+00 1.064763980436366664e+00
7.009570091165617800e-01 3.194763767922736974e+00 1.063937774571402706e+00
7.140151304013395706e-01 3.400855661801235108e+00 1.063081923231236514e+00
7.273165113001454074e-01 3.619760313897095294e+00 1.062202407280518512e+00
7.408656834939559843e-01 3.852160686230617248e+00 1.061306527849481096e+00
7.546672630843886953e-01 4.098764923493542156e+00 1.060402442264219314e+00
7.687259521663728501e-01 4.360306958803520594e+00 1.059499229705155532e+00
7.830465404301183430e-01 4.637547341063564588e+00 1.058606961916098488e+00
7.976339067929273385e-01 4.931274363406502381e+00 1.057736779528401172e+00
8.124930210614047521e-01 5.242319248483573446e+00 1.056898856593692315e+00
8.276289456246344045e-01 5.571646919403920428e+00 1.056090187612557463e+00
8.430468371788967241e-01 5.920341174166250831e+00 1.055301448203649572e+00
8.587519484845170803e-01 6.289590950173868045e+00 1.054522135489857959e+00
8.747496301554414933e-01 6.680709517947521547e+00 1.053740487878287890e+00
8.910453324821513421e-01 7.095157628626817647e+00 1.052943385131230425e+00
9.076446072885356875e-01 7.534559491585856250e+00 1.052116617722523184e+00
9.245531098233570333e-01 8.000380809901207257e+00 1.051255301469712800e+00
9.417766006869519035e-01 8.493755585075055237e+00 1.050366535130110801e+00
9.593209477938241525e-01 9.015756023838727984e+00 1.049458964132795602e+00
9.771921283717996953e-01 9.567390478808208698e+00 1.048542250587106928e+00
9.953962309984233370e-01 1.014958052751573803e+01 1.047627151155725134e+00
1.013939457675291811e+00 1.076317033174461812e+01 1.046724878622839805e+00
1.032828125941028574e+00 1.140921155158530453e+01 1.045841376492925967e+00
1.052068671023622892e+00 1.208890524720020743e+01 1.044979744883223427e+00
1.071667648032863296e+00 1.280347284618284043e+01 1.044143295579705866e+00
1.091631734193614811e+00 1.355416019286633045e+01 1.043335594287147838e+00
1.111967731120699021e+00 1.434224504128191491e+01 1.042560477983974332e+00
1.132682567136153784e+00 1.516904724284027317e+01 1.041822073528218429e+00
1.153783299629660863e+00 1.603594215090510744e+01 1.041124817622345544e+00
1.175277117462945276e+00 1.694437783503670047e+01 1.040473478256213058e+00
1.197171343418965694e+00 1.789589677804701040e+01 1.039873177760409551e+00
1.219473436696737023e+00 1.889216282171071626e+01 1.039329417616818629e+00
1.242190995452616242e+00 1.993499423550926508e+01 1.038848105189735360e+00
1.265331759388941713e+00 2.102635732396917945e+01 1.038434942710396491e+00
1.288903612390891462e+00 2.216784536833538510e+01 1.038088207370958305e+00
1.312914585212463958e+00 2.336070636756319985e+01 1.037800450476551672e+00
1.337372858212495075e+00 2.460614551508145809e+01 1.037563037942107025e+00
1.362286764141645401e+00 2.590533483239542889e+01 1.037366136974411823e+00
1.387664790981307128e+00 2.725942005648522937e+01 1.037198611602468512e+00
1.413515584835394190e+00 2.866953122119101849e+01 1.037047911543596657e+00
1.439847952876006643e+00 3.013679760245771178e+01 1.036899954399405077e+00
1.466670866343967150e+00 3.166236776832271005e+01 1.036739001283963013e+00
1.493993463605256311e+00 3.324743555197964184e+01 1.036547526121412766e+00
1.521825053264385552e+00 3.489322268887653422e+01 1.036308465369360166e+00
1.550175117335768737e+00 3.660063091598106411e+01 1.036022131641710198e+00
1.579053314474174297e+00 3.837036514470764814e+01 1.035698325444327050e+00
1.608469483265355215e+00 4.020311312124675140e+01 1.035348174795205800e+00
1.638433645577983100e+00 4.209957568982930098e+01 1.034984185347103791e+00
1.668956009978023181e+00 4.406050373481365767e+01 1.034620348186261474e+00
1.700046975206716438e+00 4.608674382868584019e+01 1.034272256567658754e+00
1.731717133723352786e+00 4.817929371463324628e+01 1.033957232785634117e+00
1.763977275314043469e+00 5.033935534802121481e+01 1.033694097203311957e+00
1.796838390767719229e+00 5.256795021755939956e+01 1.033491269142846170e+00
1.830311675620611256e+00 5.486573819862140766e+01 1.033342675999415539e+00
1.864408533970485227e+00 5.723349533682171142e+01 1.033240406073606010e+00
1.899140582361933616e+00 5.967221162192011974e+01 1.033175445598245590e+00
1.934519653744044332e+00 6.218317242380656040e+01 1.033137582771699758e+00
1.970557801501798378e+00 6.476805406736949067e+01 1.033115305605707190e+00
2.007267303562568106e+00 6.742903119801751188e+01 1.033095714205139570e+00
2.044660666579115826e+00 7.016794340410281450e+01 1.033069097510686207e+00
2.082750630190514318e+00 7.298481463696614924e+01 1.033035544292863817e+00
2.121550171362450055e+00 7.587932470837856158e+01 1.032996714521037918e+00
2.161072508808376647e+00 7.885110229450845054e+01 1.032954481794561508e+00
2.201331107493030181e+00 8.189976634133469702e+01 1.032910950666855232e+00
2.242339683219845003e+00 8.502497681961391152e+01 1.032868475198638780e+00
2.284112207303823361e+00 8.822649588076683358e+01 1.032829678833292908e+00
2.326662911331458083e+00 9.150426054252720576e+01 1.032797475696430878e+00
2.370006292009327886e+00 9.485846812569978681e+01 1.032775093432011460e+00
2.414157116103017753e+00 9.828967577752618467e+01 1.032766097698945451e+00
2.459130425468043946e+00 1.017989155616533736e+02 1.032774418465280508e+00
2.504941542174502267e+00 1.053878262720803036e+02 1.032804376759462794e+00
2.551606073727183954e+00 1.090582078969036957e+02 1.032859022474969191e+00
2.599139918382932901e+00 1.128107900077181824e+02 1.032936598190225208e+00
2.647559270567066747e+00 1.166464316646735284e+02 1.033034109605469153e+00
2.696880626390692370e+00 1.205665176988388652e+02 1.033148135779543564e+00
2.747120789270811603e+00 1.245730943042953527e+02 1.033274792648672280e+00
2.798296875655115645e+00 1.286690238523519554e+02 1.033409694051660166e+00
2.850426320853434614e+00 1.328581611861397391e+02 1.033547910152443405e+00
2.903526884977813971e+00 1.371455540650384819e+02 1.033683923157653783e+00
2.957616658993253544e+00 1.415376709589378379e+02 1.033811580236549288e+00
3.012714070881164385e+00 1.460426381324531917e+02 1.033924061091984870e+00
3.068837891917642224e+00 1.506670511850584262e+02 1.034016519710860837e+00
3.126007243068700259e+00 1.554113245086273309e+02 1.034089358399091774e+00
3.184241601504649744e+00 1.602747351829034699e+02 1.034143835052927729e+00
3.243560807235807975e+00 1.652561921559446318e+02 1.034181431975705889e+00
3.303985069871854918e+00 1.703542193865487775e+02 1.034203875227755365e+00
3.365534975507090909e+00 1.755669412733749368e+02 1.034213155338868040e+00
3.428231493733967294e+00 1.808920709100638362e+02 1.034211549481983905e+00
3.492095984787267682e+00 1.863269017537528498e+02 1.034201645216263454e+00
3.557150206821382277e+00 1.918691513539050391e+02 1.034186344518365441e+00
3.623416323323146226e+00 1.975215133187093954e+02 1.034168782520979768e+00
3.690916910662774608e+00 2.032896786694099944e+02 1.034152422514696523e+00
3.759674965785463563e+00 2.091810269903018593e+02 1.034141127648786185e+00
3.829713914046277257e+00 2.152049222572584313e+02 1.034139192758545045e+00
3.901057617190989202e+00 2.213730502301556271e+02 1.034151378490170359e+00
3.973730381485604202e+00 2.276998012878386248e+02 1.034182947987334789e+00
4.047756965997318268e+00 2.342019436110924460e+02 1.034239398383187236e+00
4.123162591029748469e+00 2.408894801194344097e+02 1.034322760078137948e+00
4.199972946715301525e+00 2.477666274301390956e+02 1.034432362312391662e+00
4.278214201767612579e+00 2.548376404946160392e+02 1.034567299358391868e+00
4.357913012397025554e+00 2.621069738019691044e+02 1.034726464385378630e+00
4.439096531392166867e+00 2.695793262834402526e+02 1.034908530752551625e+00
4.521792417370697592e+00 2.772596942835644995e+02 1.035111931905761340e+00
4.606028844202397998e+00 2.851534336784011998e+02 1.035334839791538508e+00
4.691834510607794329e+00 2.932663323478993220e+02 1.035575141699565993e+00
4.779238649935595440e+00 3.016046943532451792e+02 1.035830415442458019e+00
4.868271040122278848e+00 3.101754373342351414e+02 1.036097902780037439e+00
4.958962013837211913e+00 3.189862048305287772e+02 1.036374480994386227e+00
5.051342468816761411e+00 3.280454147034367907e+02 1.036656694281543611e+00
5.145443878390924652e+00 3.373609233351927514e+02 1.036941816914039194e+00
5.241298302206056192e+00 3.469399614785357358e+02 1.037227829166140758e+00
5.338938397147350301e+00 3.567903168950112445e+02 1.037512515660786505e+00
5.438397428464796235e+00 3.669204828194669972e+02 1.037793415951527409e+00
5.539709281106400596e+00 3.773397829631405216e+02 1.038067805471140082e+00
5.642908471262536807e+00 3.880585153114399759e+02 1.038332675262286786e+00
5.748030158125351008e+00 3.990881171635095939e+02 1.038584710435378922e+00
5.855110155867238042e+00 4.104413541944359167e+02 1.038820267299974454e+00
5.964184945842459840e+00 4.221325367134196540e+02 1.039035349118061280e+00
6.075291689016070862e+00 4.341774611923851239e+02 1.039225853274786449e+00
6.188468238624382778e+00 4.465902905184681231e+02 1.039390460034151475e+00
6.303753153071275150e+00 4.593842391868811319e+02 1.039529852599732074e+00
6.421185709064758385e+00 4.725736224297461945e+02 1.039644936775977691e+00
6.540805914998252923e+00 4.861740608623038611e+02 1.039736829267424278e+00
6.662654524581149929e+00 5.002026783213718204e+02 1.039806876582595629e+00
6.786773050723295064e+00 5.146783282677882880e+02 1.039856675265118824e+00
6.913203779678127603e+00 5.296218526351074161e+02 1.039888093544502956e+00
7.041989785449288775e+00 5.450562780485508938e+02 1.039903293642973070e+00
7.173174944465612768e+00 5.610004648817723591e+02 1.039904700250143588e+00
7.306803950529499936e+00 5.774632945758446567e+02 1.039894984430344671e+00
7.442922330043757917e+00 5.944514977486829821e+02 1.039877165750857202e+00
7.581576457522110069e+00 6.119702771870486231e+02 1.039854648951234362e+00
7.722813571388642551e+00 6.300230518132277666e+02 1.039831255066313132e+00
7.866681790071582192e+00 6.486111741915235598e+02 1.039811254811416230e+00
8.013230128396878982e+00 6.677336223702587858e+02 1.039799403270431855e+00
8.162508514287219796e+00 6.873911531877874950e+02 1.039798850195439606e+00
8.314567805772055564e+00 7.075970647088190617e+02 1.039806361988284911e+00
8.469459808314576676e+00 7.283687220760186847e+02 1.039816978471352682e+00
8.627237292461440887e+00 7.497255336763198557e+02 1.039825146492853847e+00
8.787954011821311084e+00 7.716893227707236065e+02 1.039824672480700762e+00
8.951664721378293166e+00 7.942847538108090930e+02 1.039808672103119669e+00
9.118425196146562328e+00 8.175398206390294717e+02 1.039769516974980545e+00
9.288292250172489162e+00 8.414864048445455182e+02 1.039698778371670906e+00
9.461323755890759912e+00 8.661609138355219102e+02 1.039587167941106838e+00
9.637578663841079418e+00 8.916050097436971100e+02 1.039424475440127393e+00
9.817117022752183786e+00 9.178664421609045121e+02 1.039199503565167992e+00
1.000000000000000000e+01 9.450000000000002274e+02 1.038899999999999935e+00
