# Source: PRIMAT compilation, https://doi.org/10.1016/j.physrep.2018.04.005
1.000000000000000021e-03 1.000000000000000008e-35 1.000000000000000000e+02
1.018628990244687619e-03 1.062621261807600966e-35 1.000000000000000000e+02
1.037605019766911670e-03 1.131033903781549203e-35 1.000000000000000995e+02
1.056934553557988335e-03 1.205902347710020926e-35 1.000000000000000000e+02
1.076624177045493267e-03 1.287980910059513234e-35 1.000000000000000000e+02
1.096680598336868600e-03 1.378127717142470391e-35 1.000000000000000000e+02
1.117110650504824203e-03 1.477321036002713235e-35 1.000000000000000000e+02
1.137921293915315117e-03 1.586678484718903410e-35 1.000000000000000000e+02
1.159119618598885779e-03 1.707479683195056293e-35 1.000000000000000000e+02
1.180712846666190276e-03 1.841193025055128589e-35 1.000000000000000995e+02
1.202708334768511989e-03 1.989507398431356031e-35 1.000000000000000995e+02
1.225113576604118949e-03 2.154369865107039128e-35 1.000000000000000995e+02
1.247936205471311460e-03 2.338030532356422383e-35 1.000000000000000000e+02
1.271183996869028896e-03 2.543096130978255453e-35 1.000000000000001990e+02
1.294864871145904933e-03 2.772594160545331531e-35 1.000000000000000995e+02
1.318986896198670470e-03 3.030049896809316311e-35 1.000000000000001990e+02
1.343558290220826226e-03 3.319579099605664174e-35 1.000000000000000995e+02
1.368587424502519176e-03 3.645999942209498966e-35 1.000000000000000995e+02
1.394082826282578647e-03 4.014968543236082520e-35 1.000000000000000995e+02
1.420053181653683095e-03 4.433143569469870366e-35 1.000000000000000995e+02
1.446507338521647217e-03 4.908386756915786257e-35 1.000000000000000995e+02
1.473454309619835756e-03 5.450007951867971609e-35 1.000000000000000995e+02
1.500903275579736594e-03 6.069065513764131229e-35 1.000000000000000995e+02
1.528863588058731147e-03 6.778735791186726050e-35 1.000000000000000000e+02
1.557344772926135207e-03 7.594769071512378291e-35 1.000000000000000995e+02
1.586356533508589657e-03 8.536054164445558549e-35 1.000000000000000995e+02
1.615908753895919101e-03 9.625319943151608179e-35 1.000000000000000995e+02
1.646011502308549748e-03 1.089001017771726167e-34 1.000000000000000995e+02
1.676675034527699143e-03 1.236337844764862517e-34 1.000000000000000995e+02
1.707909797389426916e-03 1.408586360979063156e-34 1.000000000000001990e+02
1.739726432343800767e-03 1.610682429941112629e-34 1.000000000000000000e+02
1.772135779080358372e-03 1.848673470891915509e-34 1.000000000000000995e+02
1.805148879221108154e-03 2.129997539663613698e-34 1.000000000000000995e+02
1.838776980082326793e-03 2.463839482443795717e-34 1.000000000000000000e+02
1.873031538506436536e-03 2.861587340576019672e-34 1.000000000000001990e+02
1.907924224765265072e-03 3.337419715666959737e-34 1.000000000000000995e+02
1.943466926536020246e-03 3.909064962687343536e-34 1.000000000000000995e+02
1.979671752951332481e-03 4.598786843427046920e-34 1.000000000000000995e+02
2.016551038724746607e-03 5.434670010474082065e-34 1.000000000000000000e+02
2.054117348353064112e-03 6.452304320497775242e-34 1.000000000000001990e+02
2.092383480396977150e-03 7.697002198486617748e-34 1.000000000000000995e+02
2.131362471841437810e-03 9.226731922002744552e-34 1.000000000000000995e+02
2.171067602537264923e-03 1.111601722059022570e-33 1.000000000000000995e+02
2.211512399725488933e-03 1.346114779676495970e-33 1.000000000000000000e+02
2.252710642645980484e-03 1.638717750365458547e-33 1.000000000000000000e+02
2.294676367231936100e-03 2.005737320776185807e-33 1.000000000000000995e+02
2.337423870891814758e-03 2.468604145324957090e-33 1.000000000000000995e+02
2.380967717380358135e-03 3.055603648359459440e-33 1.000000000000000000e+02
2.425322741760352948e-03 3.804279278939925597e-33 1.000000000000000000e+02
2.470504055456825433e-03 4.764750330886781765e-33 1.000000000000000000e+02
2.516527051405391836e-03 6.004319254513688401e-33 1.000000000000000995e+02
2.563407409296514835e-03 7.613907955134350382e-33 1.000000000000000000e+02
2.611161100917459583e-03 9.717104096068632661e-33 1.000000000000000000e+02
2.659804395593758260e-03 1.248295507298621366e-32 1.000000000000000995e+02
2.709353865732051433e-03 1.614417728774650467e-32 1.000000000000000000e+02
2.759826392466180594e-03 2.102324087694468470e-32 1.000000000000000995e+02
2.811239171408464344e-03 2.756998293414590831e-32 1.000000000000000000e+02
2.863609718508115885e-03 3.641620961916961436e-32 1.000000000000000000e+02
2.916955876018795853e-03 4.845550429259343774e-32 9.999999999999994316e+01
2.971295818577334054e-03 6.496069236078671688e-32 1.000000000000000000e+02
3.026648059395692196e-03 8.775858992600592653e-32 1.000000000000000995e+02
3.083031456568277075e-03 1.195127637867854114e-31 1.000000000000000000e+02
3.140465219496752208e-03 1.641635652565430477e-31 9.999999999999994316e+01
3.198968915434537586e-03 2.275903074633145027e-31 9.999999999999994316e+01
3.258562476153226226e-03 3.186720647331808277e-31 1.000000000000000000e+02
3.319266204733189573e-03 4.509930562180032383e-31 1.000000000000000995e+02
3.381100782480685445e-03 6.456230716507346352e-31 1.000000000000000000e+02
3.444087275973823411e-03 9.357209212380646608e-31 9.999999999999994316e+01
3.508247144239792347e-03 1.374280926897594030e-30 1.000000000000000000e+02
3.573602246065788347e-03 2.047393640194640952e-30 9.999999999999994316e+01
3.640174847446141400e-03 3.097360449013636440e-30 9.999999999999994316e+01
3.707987629168172684e-03 4.763762067714378267e-30 1.000000000000000000e+02
3.777063694539364597e-03 7.457916204798703127e-30 1.000000000000000000e+02
3.847426577258505898e-03 1.190078797945207336e-29 9.999999999999994316e+01
3.919100249433401899e-03 1.938427553667768492e-29 1.000000000000000995e+02
3.992109129748053209e-03 3.227825524987054228e-29 1.000000000000000995e+02
4.066478091781853925e-03 5.501534080989251062e-29 1.000000000000000000e+02
4.142232472483897525e-03 9.585803917276564078e-29 1.000000000000000000e+02
4.219398080805024202e-03 1.703419676007194166e-28 1.000000000000000995e+02
4.298001206490798497e-03 3.078905590910162169e-28 1.000000000000000995e+02
4.378068629038166758e-03 5.643260592186662736e-28 1.000000000000000995e+02
4.459627626819095622e-03 1.045277893339181650e-27 1.000000000000000995e+02
4.542705986374042521e-03 1.949073085679755082e-27 1.000000000000000995e+02
4.627332011878692967e-03 3.642916921760987333e-27 1.000000000000000995e+02
4.713534534786906725e-03 6.792240335941590722e-27 1.000000000000000995e+02
4.801342923653449841e-03 1.256633021791252441e-26 1.000000000000000000e+02
4.890787094139589959e-03 2.293390328667246953e-26 1.000000000000000000e+02
4.981897519205159656e-03 4.102026961492483484e-26 1.000000000000000000e+02
5.074705239490466188e-03 7.145715764778008252e-26 1.000000000000000000e+02
5.169241873891598608e-03 1.212048888871203279e-25 1.000000000000000000e+02
5.265539630332755246e-03 2.007630443216000855e-25 1.000000000000000000e+02
5.363631316739239652e-03 3.258385107042087221e-25 1.000000000000000995e+02
5.463550352214875498e-03 5.201841234315948072e-25 1.000000000000000995e+02
5.565330778427646403e-03 8.204693251966920990e-25 1.000000000000000000e+02
5.669007271207434327e-03 1.284948500659504685e-24 1.000000000000000000e+02
5.774615152359819509e-03 2.009410372522923577e-24 1.000000000000000000e+02
5.882190401699956099e-03 3.157539133409404360e-24 1.000000000000000000e+02
5.991769669310619169e-03 5.020925207555932693e-24 1.000000000000000000e+02
6.103390288028621123e-03 8.132421918259106481e-24 1.000000000000000995e+02
6.217090286163826779e-03 1.342602688548844294e-23 1.000000000000000000e+02
6.332908400455114321e-03 2.256041455136665674e-23 1.000000000000000000e+02
6.450884089267692675e-03 3.852163037179242170e-23 1.000000000000000000e+02
6.571057546036270826e-03 6.671204980047434889e-23 1.000000000000000000e+02
6.693469712958660493e-03 1.169282545982463307e-22 1.000000000000000000e+02
6.818162294944479437e-03 2.069208111206337449e-22 1.000000000000000995e+02
6.945177773823696388e-03 3.687084998839797671e-22 1.000000000000000000e+02
7.074559422819878297e-03 6.596146168940051870e-22 1.000000000000000995e+02
7.206351321293052656e-03 1.183166750927641376e-21 1.000000000000000000e+02
7.340598369757212090e-03 2.128202400313622762e-21 1.000000000000000000e+02
7.477346305177588227e-03 3.839619733515960537e-21 1.000000000000000000e+02
7.616641716552892058e-03 6.950006631370233425e-21 9.999999999999990052e+01
7.758532060787835978e-03 1.262511205462110294e-20 1.000000000000000995e+02
7.903065678861348128e-03 2.302444212301561247e-20 1.000000000000000000e+02
8.050291812295981564e-03 4.217191649267269108e-20 1.000000000000000995e+02
8.200260619934130954e-03 7.765978665829035655e-20 9.999999999999994316e+01
8.353023195026778799e-03 1.440872313614379187e-19 1.000000000000000995e+02
8.508631582640582489e-03 2.700034219543834603e-19 1.000000000000000995e+02
8.667138797389234081e-03 5.123929351266624173e-19 1.000000000000000995e+02
8.828598841495149604e-03 9.877104055454754945e-19 1.000000000000000000e+02
8.993066723187623582e-03 1.940386106020288315e-18 1.000000000000000000e+02
9.160598475443709407e-03 3.889639524929722213e-18 1.000000000000000000e+02
9.331251175078249249e-03 7.876605659108055119e-18 1.000000000000000000e+02
9.505082962189511861e-03 1.588085854409841181e-17 1.000000000000000000e+02
9.682153059967075343e-03 3.136836997934361808e-17 9.999999999999994316e+01
9.862521794868784469e-03 5.962054532579458251e-17 9.999999999999994316e+01
1.004625061717340749e-02 1.069044370146950380e-16 9.999999999999994316e+01
1.023340212191641702e-02 1.790887790790431676e-16 9.999999999999994316e+01
1.042404007021556327e-02 2.841387292384059242e-16 9.999999999999990052e+01
1.061822941099384125e-02 4.348449508471919704e-16 9.999999999999994316e+01
1.081603630310709954e-02 6.552906062736781863e-16 9.999999999999984368e+01
1.101752813788386791e-02 9.950923568317649335e-16 1.000000000000000995e+02
1.122277356208507652e-02 1.551448979694018587e-15 1.000000000000000000e+02
1.143184250129149725e-02 2.478901614934037240e-15 9.999999999999994316e+01
1.164480618372686072e-02 4.032340351647149755e-15 9.999999999999990052e+01
1.186173716452478509e-02 6.628278640252616875e-15 1.000000000000000000e+02
1.208270935044776506e-02 1.091978861655604879e-14 9.999999999999990052e+01
1.230779802506665188e-02 1.794818412122276018e-14 1.000000000000000000e+02
1.253707987440920262e-02 2.947925887567766575e-14 9.999999999999994316e+01
1.277063301308643990e-02 4.849670516101229314e-14 1.000000000000000000e+02
1.300853701090571267e-02 8.012010204034616878e-14 9.999999999999994316e+01
1.325087291997953214e-02 1.332156872047370841e-13 1.000000000000000000e+02
1.349772330233941706e-02 2.228648822605278531e-13 1.000000000000000000e+02
1.374917225806419029e-02 3.748024573441549552e-13 9.999999999999994316e+01
1.400530545393219653e-02 6.329847011056553095e-13 1.000000000000000000e+02
1.426621015260736910e-02 1.072556942866585927e-12 1.000000000000000000e+02
1.453197524236895383e-02 1.823218521786695274e-12 9.999999999999994316e+01
1.480269126739508674e-02 3.109539393112944861e-12 1.000000000000000000e+02
1.507845045861051086e-02 5.321677749105349149e-12 9.999999999999994316e+01
1.535934676510897039e-02 9.139052585277905096e-12 1.000000000000000995e+02
1.564547588616095955e-02 1.574530083674093501e-11 1.000000000000000995e+02
1.593693530381774456e-02 2.720664586645544302e-11 1.000000000000000000e+02
1.623382431612278159e-02 4.713500402274883331e-11 1.000000000000000000e+02
1.653624407094180307e-02 8.185436690054764944e-11 1.000000000000000000e+02
1.684429760042315330e-02 1.424489628065256461e-10 9.999999999999994316e+01
1.715808985610004986e-02 2.483580743984077378e-10 1.000000000000000995e+02
1.747772774464680795e-02 4.336845211535432954e-10 1.000000000000000000e+02
1.780332016430113962e-02 7.582521121364712785e-10 1.000000000000000000e+02
1.813497804196495186e-02 1.326957838426030215e-09 1.000000000000000000e+02
1.847281437099634188e-02 2.323634717162855392e-09 1.000000000000000000e+02
1.881694424970555696e-02 4.070219625267038218e-09 1.000000000000000000e+02
1.916748492056815148e-02 7.129750712204634620e-09 1.000000000000000000e+02
1.952455581016860828e-02 1.248529356312794766e-08 1.000000000000000000e+02
1.988827856988809734e-02 2.184975039283839958e-08 1.000000000000000995e+02
2.025877711735016989e-02 3.819989558937760242e-08 1.000000000000000995e+02
2.063617767863858837e-02 6.668595355503353957e-08 1.000000000000000000e+02
2.102060883130158278e-02 1.161739622049940961e-07 1.000000000000000000e+02
2.141220154815729262e-02 2.018432536024189716e-07 1.000000000000000000e+02
2.181108924191518805e-02 3.495118361499126032e-07 1.000000000000000995e+02
2.221740781062883641e-02 6.027600462162500396e-07 1.000000000000000000e+02
2.263129568399528321e-02 1.034511056691999961e-06 1.000000000000000000e+02
2.305289387051707301e-02 1.765576450785960176e-06 1.000000000000000000e+02
2.348234600554275145e-02 2.993846442413273035e-06 1.000000000000000000e+02
2.391979840020238418e-02 5.039322029649456104e-06 1.000000000000000000e+02
2.436540009125464853e-02 8.411978439277379915e-06 9.999999999999990052e+01
2.481930289186254010e-02 1.391124594165415041e-05 1.000000000000000000e+02
2.528166144331499277e-02 2.276782929643152804e-05 1.000000000000000000e+02
2.575263326771199887e-02 3.685519103785496068e-05 9.999999999999994316e+01
2.623237882163122203e-02 5.899208408096460999e-05 1.000000000000000000e+02
2.672106155079433804e-02 9.335189540151796693e-05 9.999999999999994316e+01
2.721884794575178332e-02 1.460229393642322523e-04 9.999999999999990052e+01
2.772590759860482645e-02 2.257573377778178013e-04 9.999999999999990052e+01
2.824241326078434297e-02 3.449548186521728707e-04 9.999999999999994316e+01
2.876854090190592711e-02 5.209352484162828095e-04 9.999999999999990052e+01
2.930446976972142861e-02 7.775632583272559578e-04 9.999999999999984368e+01
2.985038245118730796e-02 1.147302656082704224e-03 9.999999999999994316e+01
3.040646493467067182e-02 1.673479674838265849e-03 9.999999999999994316e+01
3.097290667331408301e-02 2.408783492174325445e-03 9.999999999999990052e+01
3.154990064958086704e-02 3.411413733816781070e-03 9.999999999999994316e+01
3.213764344100276948e-02 4.738433248848259935e-03 9.999999999999994316e+01
3.273633528715245988e-02 6.432490888917357166e-03 9.999999999999994316e+01
3.334618015786364187e-02 8.501878412955155354e-03 9.999999999999994316e+01
3.396738582272208068e-02 1.089548729083361124e-02 1.000000000000000000e+02
3.460016392185108480e-02 1.347803800713370630e-02 1.000000000000000000e+02
3.524473003801584237e-02 1.601562314374630272e-02 1.000000000000000000e+02
3.590130377007068330e-02 1.818495957642018296e-02 1.000000000000000000e+02
3.657010880777489259e-02 1.961821583046274159e-02 9.999999999999994316e+01
3.725137300800209633e-02 1.998540269599332134e-02 1.000000000000000000e+02
3.794532847236938011e-02 1.909794156782417679e-02 1.000000000000000000e+02
3.865221162631261864e-02 1.699676878200384600e-02 9.999999999999994316e+01
3.937226329963479377e-02 1.397959256585180020e-02 1.000000000000000000e+02
4.010572880855495931e-02 1.053796873283804371e-02 1.000000000000000000e+02
4.085285803928561527e-02 7.249610699446315185e-03 1.000000000000000995e+02
4.161390553316707264e-02 4.589867871909168208e-03 9.999999999999994316e+01
4.238913057338778573e-02 2.706003715376163916e-03 1.000000000000000000e+02
4.317879727332021161e-02 1.505661784680750433e-03 1.000000000000000000e+02
4.398317466650223523e-02 8.027824565064897678e-04 1.000000000000000000e+02
4.480253679829489938e-02 4.172306272213097632e-04 1.000000000000000000e+02
4.563716281924758839e-02 2.154777970656862910e-04 9.999999999999994316e+01
4.648733708020256344e-02 1.129778546787004519e-04 1.000000000000000000e+02
4.735334922917116413e-02 6.159120640093470114e-05 1.000000000000000995e+02
4.823549431001467047e-02 3.584968464599856724e-05 1.000000000000000000e+02
4.913407286296361809e-02 2.294165724380098495e-05 1.000000000000000000e+02
5.004939102700953213e-02 1.667198912141052683e-05 1.000000000000000000e+02
5.098176064420424647e-02 1.412086543998341232e-05 1.000000000000000000e+02
5.193149936590212012e-02 1.386539448462056276e-05 1.000000000000000995e+02
5.289893076098151070e-02 1.556508331653752488e-05 1.000000000000000995e+02
5.388438442608223938e-02 1.965768387805465144e-05 1.000000000000000000e+02
5.488819609789671872e-02 2.742018659619152658e-05 1.000000000000000000e+02
5.591070776755290017e-02 4.136734153068995831e-05 1.000000000000000000e+02
5.695226779712821846e-02 6.591599988073259457e-05 1.000000000000000000e+02
5.801323103833375128e-02 1.080124684899857600e-04 1.000000000000000995e+02
5.909395895340967958e-02 1.766496073168793448e-04 1.000000000000000000e+02
6.019481973827271043e-02 2.788819830929510418e-04 9.999999999999990052e+01
6.131618844795772016e-02 4.144911843674497056e-04 9.999999999999994316e+01
6.245844712439614643e-02 5.810419793776584220e-04 1.000000000000000000e+02
6.362198492657485105e-02 7.734670255284655307e-04 9.999999999999994316e+01
6.480719826311967524e-02 9.853763256227076640e-04 9.999999999999994316e+01
6.601449092734885948e-02 1.212129052978384207e-03 9.999999999999990052e+01
6.724427423484245769e-02 1.454315604683668666e-03 1.000000000000000000e+02
6.849696716357443760e-02 1.721341516359743088e-03 1.000000000000000000e+02
6.977299649665534564e-02 2.035700711898387558e-03 1.000000000000000000e+02
7.107279696773415034e-02 2.435810124588666265e-03 9.999999999999994316e+01
7.239681140910873836e-02 2.954258240224409780e-03 9.999999999999994316e+01
7.374549090259549522e-02 3.620133973380835774e-03 1.000000000000000000e+02
7.511929493320965157e-02 4.465611738273283192e-03 1.000000000000000000e+02
7.651869154570821452e-02 5.522455376536892710e-03 1.000000000000000000e+02
7.794415750404946885e-02 6.815276311689613675e-03 1.000000000000000000e+02
7.939617845382279659e-02 8.350517283666796658e-03 1.000000000000000000e+02
8.087524908770453436e-02 1.010238359166333935e-02 1.000000000000000995e+02
8.238187331399605962e-02 1.202383579839758423e-02 9.999999999999994316e+01
8.391656442830157381e-02 1.405161657654654429e-02 1.000000000000000995e+02
8.547984528840409102e-02 1.609122488043134708e-02 1.000000000000000000e+02
8.707224849239916797e-02 1.801693240968556611e-02 1.000000000000000000e+02
8.869431656014709064e-02 1.967797639575436311e-02 1.000000000000000000e+02
9.034660211810524588e-02 2.091222278974627299e-02 1.000000000000000995e+02
9.202966808760409956e-02 2.164941594040049877e-02 9.999999999999994316e+01
9.374408787662991127e-02 2.205357586791453078e-02 1.000000000000000000e+02
9.549044557518077125e-02 2.238237185111926000e-02 9.999999999999994316e+01
9.726933615426168467e-02 2.294958173055758333e-02 1.000000000000000000e+02
9.908136566858666283e-02 2.414478262468129285e-02 1.000000000000000000e+02
1.009271514630570854e-01 2.650152356025231581e-02 9.999999999999994316e+01
1.028073223830864719e-01 3.046865132516984875e-02 1.000000000000000995e+02
1.047225189888434382e-01 3.630772542368698730e-02 1.000000000000000995e+02
1.066733937734857113e-01 4.428483539829339982e-02 1.000000000000000000e+02
1.086606113854596822e-01 5.451205007726615120e-02 1.000000000000000000e+02
1.106848488549412035e-01 6.666713224002845939e-02 1.000000000000000000e+02
1.127467958244946084e-01 8.025902558311648338e-02 1.000000000000000000e+02
1.148471547840289042e-01 9.537010516084222511e-02 9.999999999999994316e+01
1.169866413101306873e-01 1.123300906215376205e-01 1.000000000000000000e+02
1.191659843098558796e-01 1.317670878189736994e-01 9.999999999999990052e+01
1.213859262690627772e-01 1.547142796962380218e-01 9.999999999999994316e+01
1.236472235053715091e-01 1.821020667251415925e-01 9.999999999999990052e+01
1.259506464258357550e-01 2.145575527806159177e-01 9.999999999999984368e+01
1.282969797894147612e-01 2.526379226968105685e-01 1.000000000000000000e+02
1.306870229743346268e-01 2.967444516254546527e-01 9.999999999999990052e+01
1.331215902504307713e-01 3.471608091560708376e-01 1.000000000000000000e+02
1.356015110565633452e-01 4.042063281005917053e-01 9.999999999999990052e+01
1.381276302832009362e-01 4.680287488929514295e-01 9.999999999999994316e+01
1.407008085602685088e-01 5.385072482144984685e-01 9.999999999999990052e+01
1.433219225503573890e-01 6.160482922887264845e-01 9.999999999999984368e+01
1.459918652473978506e-01 7.031155430985660537e-01 9.999999999999990052e+01
1.487115462808953625e-01 8.039388898929062943e-01 1.000000000000000000e+02
1.514818922258345801e-01 9.249616668357308891e-01 9.999999999999990052e+01
1.543038469183564687e-01 1.071836785732982689e+00 9.999999999999994316e+01
1.571783717773162781e-01 1.247484092545462886e+00 1.000000000000000000e+02
1.601064461318317811e-01 1.453555685178422818e+00 1.000000000000000000e+02
1.630890675549332702e-01 1.690675799057379525e+00 9.999999999999994316e+01
1.661272522034293042e-01 1.961971853029979229e+00 1.000000000000000000e+02
1.692220351641037235e-01 2.271699282140060117e+00 1.000000000000000000e+02
1.723744708063619790e-01 2.624613609242063550e+00 1.000000000000000000e+02
1.755856331414468730e-01 3.026056864704275817e+00 1.000000000000000000e+02
1.788566161883461958e-01 3.482070012743274656e+00 1.000000000000000000e+02
1.821885343465165230e-01 3.999541058674125349e+00 1.000000000000000000e+02
1.855825227755517060e-01 4.586416331171342620e+00 1.000000000000000000e+02
1.890397377819219571e-01 5.251961428460043102e+00 1.000000000000000995e+02
1.925613572129196704e-01 6.007091382897124632e+00 1.000000000000000995e+02
1.961485808579429280e-01 6.864813467514709444e+00 1.000000000000000000e+02
1.998026308572548593e-01 7.840808998001266517e+00 1.000000000000000995e+02
2.035247521183575770e-01 8.953583601656896818e+00 1.000000000000000000e+02
2.073162127401229071e-01 1.022226918080484026e+01 1.000000000000000000e+02
2.111783044448242164e-01 1.166763877008627937e+01 1.000000000000000000e+02
2.151123430182164953e-01 1.331294220713942345e+01 9.999999999999994316e+01
2.191196687578147451e-01 1.518413523969664247e+01 9.999999999999994316e+01
2.232016469295232397e-01 1.731011554117034024e+01 1.000000000000000000e+02
2.273596682327715113e-01 1.972296267533319281e+01 1.000000000000000000e+02
2.315951492743152096e-01 2.245817817438896924e+01 1.000000000000000995e+02
2.359095330508633737e-01 2.555492105299962802e+01 1.000000000000000995e+02
2.403042894406967056e-01 2.905623319998789711e+01 9.999999999999994316e+01
2.447809157044440187e-01 3.300924819955167067e+01 1.000000000000000000e+02
2.493409369951877785e-01 3.746537627533577819e+01 1.000000000000000000e+02
2.539859068780723761e-01 4.248077448580073678e+01 9.999999999999990052e+01
2.587174078595921300e-01 4.811863165255120123e+01 1.000000000000000995e+02
2.635370519267393186e-01 5.444953462768646091e+01 9.999999999999994316e+01
2.684464810961962322e-01 6.155180192404195338e+01 9.999999999999990052e+01
2.734473679737579599e-01 6.951254903734701429e+01 1.000000000000000995e+02
2.785414163241766161e-01 7.842899211372417767e+01 1.000000000000000000e+02
2.837303616516211324e-01 8.841005358456907004e+01 1.000000000000000000e+02
2.890159717909508430e-01 9.957835206023011665e+01 1.000000000000000000e+02
2.944000475100033709e-01 1.120726809467865053e+02 1.000000000000000000e+02
2.998844231231027613e-01 1.260511087127281371e+02 9.999999999999994316e+01
3.054709671159968054e-01 1.416908927173825816e+02 9.999999999999994316e+01
3.111615827824359970e-01 1.591753193362615946e+02 9.999999999999994316e+01
3.169582088726115021e-01 1.787003973865393505e+02 9.999999999999994316e+01
3.228628202536730218e-01 2.004791751435500089e+02 9.999999999999994316e+01
3.288774285825510346e-01 2.247426877028098886e+02 1.000000000000000000e+02
3.350040829913132900e-01 2.517409112045160384e+02 9.999999999999994316e+01
3.412448707852889229e-01 2.817437311286590784e+02 1.000000000000000000e+02
3.476019181541977754e-01 3.150419380714475892e+02 1.000000000000000000e+02
3.540773908965269556e-01 3.519492786909380015e+02 9.999999999999994316e+01
3.606734951574028236e-01 3.928186937479647440e+02 1.000000000000000995e+02
3.673924781802074269e-01 4.380500979329022471e+02 1.000000000000000995e+02
3.742366290721980682e-01 4.880902428209847130e+02 1.000000000000000995e+02
3.812082795843887983e-01 5.434411933465189577e+02 1.000000000000000995e+02
3.883098049059605095e-01 6.046711806157314868e+02 1.000000000000000995e+02
3.955436244734701345e-01 6.724282205072061060e+02 1.000000000000000995e+02
4.029122027951347884e-01 7.474553051360491054e+02 1.000000000000000995e+02
4.104180502904709038e-01 8.305238645130430086e+02 9.999999999999994316e+01
4.180637241455757991e-01 9.223645052509112929e+02 1.000000000000000000e+02
4.258518291843414461e-01 1.023730572397821675e+03 1.000000000000000995e+02
4.337850187558989212e-01 1.135395948807317836e+03 1.000000000000000000e+02
4.418659956385941334e-01 1.258143787541893062e+03 1.000000000000000000e+02
4.500975129608046355e-01 1.392751881927315708e+03 1.000000000000000995e+02
4.584823751389096036e-01 1.540036102037403907e+03 1.000000000000000000e+02
4.670234388327330621e-01 1.701070760336076319e+03 9.999999999999994316e+01
4.757236139187884794e-01 1.877120036539682587e+03 9.999999999999994316e+01
4.845858644816490868e-01 2.069627943358476841e+03 1.000000000000000000e+02
4.936132098237911991e-01 2.280262043125672790e+03 1.000000000000000000e+02
5.028087254942474882e-01 2.510965863088809328e+03 1.000000000000000000e+02
5.121755443364236493e-01 2.763795091200367096e+03 1.000000000000000000e+02
5.217168575554343990e-01 3.040670347385855621e+03 1.000000000000000000e+02
5.314359158053235666e-01 3.343611006453649225e+03 1.000000000000000000e+02
5.413360302965375404e-01 3.674770279149562157e+03 1.000000000000000000e+02
5.514205739240296555e-01 4.036441258831211599e+03 9.999999999999994316e+01
5.616929824163804374e-01 4.431063579054137335e+03 9.999999999999994316e+01
5.721567555063246102e-01 4.861230961233020025e+03 1.000000000000000000e+02
5.828154581230839959e-01 5.329700016609522208e+03 1.000000000000000000e+02
5.936727216069119795e-01 5.839400768971787329e+03 9.999999999999994316e+01
6.047322449462643190e-01 6.393449573092141691e+03 1.000000000000000000e+02
6.159977960380161877e-01 6.995168214218429966e+03 9.999999999999990052e+01
6.274732129711574347e-01 7.648106560770598662e+03 9.999999999999994316e+01
6.391624053343999412e-01 8.356065980184528598e+03 9.999999999999994316e+01
6.510693555481454897e-01 9.123131716200863593e+03 1.000000000000000000e+02
6.631981202212668958e-01 9.953713776241669621e+03 9.999999999999994316e+01
6.755528315331639222e-01 1.085259817183679115e+04 9.999999999999994316e+01
6.881376986415662644e-01 1.182501096765061811e+04 9.999999999999990052e+01
7.009570091165617800e-01 1.287669804888739418e+04 1.000000000000000995e+02
7.140151304013395706e-01 1.401381538925670975e+04 1.000000000000000000e+02
7.273165113001454074e-01 1.524241241078570238e+04 1.000000000000000995e+02
7.408656834939559843e-01 1.656878430238510919e+04 1.000000000000000995e+02
7.546672630843886953e-01 1.799961374694671395e+04 1.000000000000001990e+02
7.687259521663728501e-01 1.954201468185400518e+04 1.000000000000000995e+02
7.830465404301183430e-01 2.120358748726815975e+04 1.000000000000000995e+02
7.976339067929273385e-01 2.299248840662871953e+04 1.000000000000000995e+02
8.124930210614047521e-01 2.491744478877956499e+04 1.000000000000000995e+02
8.276289456246344045e-01 2.698738175060650246e+04 9.999999999999994316e+01
8.430468371788967241e-01 2.921160135998910482e+04 1.000000000000000000e+02
8.587519484845170803e-01 3.160000284592842581e+04 9.999999999999994316e+01
8.747496301554414933e-01 3.416317156161017920e+04 1.000000000000000000e+02
8.910453324821513421e-01 3.691249050903825992e+04 9.999999999999994316e+01
9.076446072885356875e-01 3.986025874140810629e+04 9.999999999999990052e+01
9.245531098233570333e-01 4.301921055112679460e+04 9.999999999999990052e+01
9.417766006869519035e-01 4.640227966267100419e+04 9.999999999999994316e+01
9.593209477938241525e-01 5.002320473921032681e+04 1.000000000000000000e+02
9.771921283717996953e-01 5.389669549053167430e+04 1.000000000000000000e+02
9.953962309984233370e-01 5.803860130270420632e+04 9.999999999999994316e+01
1.013939457675291811e+00 6.246592099212489848e+04 1.000000000000000995e+02
1.032828125941028574e+00 6.719524917739813100e+04 1.000000000000000000e+02
1.052068671023622892e+00 7.224309215583997138e+04 1.000000000000000000e+02
1.071667648032863296e+00 7.762665735513274558e+04 1.000000000000000000e+02
1.091631734193614811e+00 8.336394849873642670e+04 1.000000000000000995e+02
1.111967731120699021e+00 8.947388275972771225e+04 1.000000000000000000e+02
1.132682567136153784e+00 9.597644329353987996e+04 1.000000000000000995e+02
1.153783299629660863e+00 1.028928749749847921e+05 1.000000000000000995e+02
1.175277117462945276e+00 1.102459324965726264e+05 1.000000000000000995e+02
1.197171343418965694e+00 1.180601915513323911e+05 1.000000000000000995e+02
1.219473436696737023e+00 1.263624356870853808e+05 1.000000000000000000e+02
1.242190995452616242e+00 1.351821336648170836e+05 1.000000000000000000e+02
1.265331759388941713e+00 1.445516642168757389e+05 1.000000000000000995e+02
1.288903612390891462e+00 1.545025354547811148e+05 1.000000000000000995e+02
1.312914585212463958e+00 1.650656769067061541e+05 1.000000000000000995e+02
1.337372858212495075e+00 1.762740048062551359e+05 1.000000000000000000e+02
1.362286764141645401e+00 1.881628399299118028e+05 1.000000000000000995e+02
1.387664790981307128e+00 2.007703694028030732e+05 9.999999999999994316e+01
1.413515584835394190e+00 2.141382142736915848e+05 1.000000000000000000e+02
1.439847952876006643e+00 2.283121231629149115e+05 1.000000000000000000e+02
1.466670866343967150e+00 2.433428160209236958e+05 1.000000000000000000e+02
1.493993463605256311e+00 2.592870066242216271e+05 1.000000000000000000e+02
1.521825053264385552e+00 2.762060059926520917e+05 1.000000000000000995e+02
1.550175117335768737e+00 2.941463118388419389e+05 1.000000000000000995e+02
1.579053314474174297e+00 3.131435452905939310e+05 1.000000000000000995e+02
1.608469483265355215e+00 3.332294824797924375e+05 1.000000000000000995e+02
1.638433645577983100e+00 3.544309974414213211e+05 1.000000000000000995e+02
1.668956009978023181e+00 3.767688061046674266e+05 1.000000000000000000e+02
1.700046975206716438e+00 4.002560565936720814e+05 1.000000000000000995e+02
1.731717133723352786e+00 4.248967623319306877e+05 1.000000000000000000e+02
1.763977275314043469e+00 4.506849744480161462e+05 9.999999999999994316e+01
1.796838390767719229e+00 4.776341670669106534e+05 1.000000000000000000e+02
1.830311675620611256e+00 5.057962495389341493e+05 9.999999999999994316e+01
1.864408533970485227e+00 5.352374218064813176e+05 1.000000000000000000e+02
1.899140582361933616e+00 5.660395307069149567e+05 1.000000000000000000e+02
1.934519653744044332e+00 5.983039218230964616e+05 1.000000000000000000e+02
1.970557801501798378e+00 6.321560093380116159e+05 1.000000000000000995e+02
2.007267303562568106e+00 6.677505462316650664e+05 1.000000000000000000e+02
2.044660666579115826e+00 7.052390030501632718e+05 1.000000000000000000e+02
2.082750630190514318e+00 7.447071290583729278e+05 1.000000000000000000e+02
2.121550171362450055e+00 7.862300323313563131e+05 1.000000000000000995e+02
2.161072508808376647e+00 8.298819871539011365e+05 1.000000000000000000e+02
2.201331107493030181e+00 8.757359547739938134e+05 9.999999999999994316e+01
2.242339683219845003e+00 9.238630722876500804e+05 1.000000000000000000e+02
2.284112207303823361e+00 9.743321139333599713e+05 1.000000000000000000e+02
2.326662911331458083e+00 1.027208930504129501e+06 9.999999999999994316e+01
2.370006292009327886e+00 1.082555874185940716e+06 1.000000000000000000e+02
2.414157116103017753e+00 1.140431217901843600e+06 1.000000000000000000e+02
2.459130425468043946e+00 1.200888580174948554e+06 9.999999999999994316e+01
2.504941542174502267e+00 1.263976373766779900e+06 1.000000000000000000e+02
2.551606073727183954e+00 1.329743435232665157e+06 1.000000000000000000e+02
2.599139918382932901e+00 1.398253773085440975e+06 1.000000000000000000e+02
2.647559270567066747e+00 1.469577213328886544e+06 1.000000000000000000e+02
2.696880626390692370e+00 1.543788108936621342e+06 1.000000000000000000e+02
2.747120789270811603e+00 1.620967172288520960e+06 1.000000000000000000e+02
2.798296875655115645e+00 1.701203711848516250e+06 1.000000000000000000e+02
2.850426320853434614e+00 1.784598332384289475e+06 1.000000000000000000e+02
2.903526884977813971e+00 1.871266166203950299e+06 1.000000000000000995e+02
2.957616658993253544e+00 1.961340712915632175e+06 1.000000000000000000e+02
3.012714070881164385e+00 2.054978138153244276e+06 1.000000000000000000e+02
3.068837891917642224e+00 2.152323991463386919e+06 1.000000000000000000e+02
3.126007243068700259e+00 2.253460457915836480e+06 1.000000000000000995e+02
3.184241601504649744e+00 2.358459808397201356e+06 1.000000000000000000e+02
3.243560807235807975e+00 2.467393590949194971e+06 1.000000000000000995e+02
3.303985069871854918e+00 2.580333614177600946e+06 1.000000000000000000e+02
3.365534975507090909e+00 2.697353234892524779e+06 1.000000000000000000e+02
3.428231493733967294e+00 2.818528996776462533e+06 1.000000000000000000e+02
3.492095984787267682e+00 2.943942671773483977e+06 1.000000000000000000e+02
3.557150206821382277e+00 3.073680113909324631e+06 1.000000000000000000e+02
3.623416323323146226e+00 3.207814185075955000e+06 1.000000000000000000e+02
3.690916910662774608e+00 3.346415532842568122e+06 1.000000000000000000e+02
3.759674965785463563e+00 3.489561759635302238e+06 1.000000000000000995e+02
3.829713914046277257e+00 3.637340566932845395e+06 1.000000000000001990e+02
3.901057617190989202e+00 3.789853504951643292e+06 1.000000000000000995e+02
3.973730381485604202e+00 3.947220416821888648e+06 1.000000000000000995e+02
4.047756965997318268e+00 4.109578366317010950e+06 1.000000000000000000e+02
4.123162591029748469e+00 4.277006777619932778e+06 1.000000000000000000e+02
4.199972946715301525e+00 4.449533053308670409e+06 1.000000000000000000e+02
4.278214201767612579e+00 4.627180660194705240e+06 1.000000000000000000e+02
4.357913012397025554e+00 4.809972005165114999e+06 1.000000000000000000e+02
4.439096531392166867e+00 4.997930779420956038e+06 1.000000000000000000e+02
4.521792417370697592e+00 5.191084838901524432e+06 1.000000000000000000e+02
4.606028844202397998e+00 5.389469686517927796e+06 1.000000000000000000e+02
4.691834510607794329e+00 5.593132627650134265e+06 9.999999999999994316e+01
4.779238649935595440e+00 5.802137677202834748e+06 9.999999999999994316e+01
4.868271040122278848e+00 6.016571304741583765e+06 9.999999999999994316e+01
4.958962013837211913e+00 6.236549114336576313e+06 9.999999999999994316e+01
5.051342468816761411e+00 6.462217263981287368e+06 1.000000000000000000e+02
5.145443878390924652e+00 6.693644429072162136e+06 1.000000000000000000e+02
5.241298302206056192e+00 6.930809284466943704e+06 9.999999999999994316e+01
5.338938397147350301e+00 7.173686715680710040e+06 1.000000000000000995e+02
5.438397428464796235e+00 7.422254112693233415e+06 1.000000000000000000e+02
5.539709281106400596e+00 7.676495198034737259e+06 1.000000000000000000e+02
5.642908471262536807e+00 7.936404566323480569e+06 1.000000000000000000e+02
5.748030158125351008e+00 8.201993011225757189e+06 1.000000000000000000e+02
5.855110155867238042e+00 8.473293722654927522e+06 9.999999999999994316e+01
5.964184945842459840e+00 8.750369445392211899e+06 1.000000000000000000e+02
6.075291689016070862e+00 9.033309590465649962e+06 1.000000000000000000e+02
6.188468238624382778e+00 9.322115352842358872e+06 1.000000000000000995e+02
6.303753153071275150e+00 9.616721800821086392e+06 9.999999999999994316e+01
6.421185709064758385e+00 9.917070790425473824e+06 1.000000000000000995e+02
6.540805914998252923e+00 1.022311732659137063e+07 1.000000000000000995e+02
6.662654524581149929e+00 1.053483560661202297e+07 1.000000000000000000e+02
6.786773050723295064e+00 1.085222598649418540e+07 1.000000000000000000e+02
6.913203779678127603e+00 1.117532296046508476e+07 1.000000000000000000e+02
7.041989785449288775e+00 1.150420289783608541e+07 1.000000000000000995e+02
7.173174944465612768e+00 1.183890324667132087e+07 1.000000000000000995e+02
7.306803950529499936e+00 1.217935009552366845e+07 1.000000000000000995e+02
7.442922330043757917e+00 1.252547310087698512e+07 1.000000000000000995e+02
7.581576457522110069e+00 1.287722356839393638e+07 1.000000000000000995e+02
7.722813571388642551e+00 1.323458183639073372e+07 1.000000000000000995e+02
7.866681790071582192e+00 1.359756568430500105e+07 1.000000000000000000e+02
8.013230128396878982e+00 1.396623983208849840e+07 1.000000000000000000e+02
8.162508514287219796e+00 1.434066670665461197e+07 1.000000000000000000e+02
8.314567805772055564e+00 1.472077115080043487e+07 1.000000000000000995e+02
8.469459808314576676e+00 1.510646441603033245e+07 1.000000000000000995e+02
8.627237292461440887e+00 1.549768248835604824e+07 1.000000000000000000e+02
8.787954011821311084e+00 1.589439386885563843e+07 1.000000000000000000e+02
8.951664721378293166e+00 1.629660838733594678e+07 1.000000000000000995e+02
9.118425196146562328e+00 1.670438714467396028e+07 1.000000000000000000e+02
9.288292250172489162e+00 1.711785369132660702e+07 1.000000000000000995e+02
9.461323755890759912e+00 1.753720656468521804e+07 1.000000000000000000e+02
9.637578663841079418e+00 1.796273332736069709e+07 1.000000000000000000e+02
9.817117022752183786e+00 1.839482627326738089e+07 1.000000000000000000e+02
1.000000000000000000e+01 1.883399999999999627e+07 1.000000000000000000e+02
