# Source: PRIMAT compilation, https://doi.org/10.1016/j.physrep.2018.04.005
1.000000000000000021e-03 1.000000000000000008e-35 1.000000000000000000e+02
1.018628990244687619e-03 1.074276275207800928e-35 1.000000000000000000e+02
1.037605019766911670e-03 1.156289069904059730e-35 1.000000000000000995e+02
1.056934553557988335e-03 1.247024526518703613e-35 1.000000000000000000e+02
1.076624177045493267e-03 1.347615703680654922e-35 1.000000000000000000e+02
1.096680598336868600e-03 1.459367463885312294e-35 1.000000000000000000e+02
1.117110650504824203e-03 1.583786067967675521e-35 1.000000000000000000e+02
1.137921293915315117e-03 1.722614457158949396e-35 1.000000000000000000e+02
1.159119618598885779e-03 1.877874426442386528e-35 1.000000000000000000e+02
1.180712846666190276e-03 2.051917170702148056e-35 1.000000000000000995e+02
1.202708334768511989e-03 2.247484032295473581e-35 1.000000000000000995e+02
1.225113576604118949e-03 2.467779713785015220e-35 1.000000000000000995e+02
1.247936205471311460e-03 2.716560766608506450e-35 1.000000000000000000e+02
1.271183996869028896e-03 2.998242856378408581e-35 1.000000000000001990e+02
1.294864871145904933e-03 3.318031178375125590e-35 1.000000000000000995e+02
1.318986896198670470e-03 3.682079504724248465e-35 1.000000000000001990e+02
1.343558290220826226e-03 4.097684755688654871e-35 1.000000000000000995e+02
1.368587424502519176e-03 4.573525790379144282e-35 1.000000000000000995e+02
1.394082826282578647e-03 5.119957423823680233e-35 1.000000000000000995e+02
1.420053181653683095e-03 5.749373651677944874e-35 1.000000000000000995e+02
1.446507338521647217e-03 6.476657904638885207e-35 1.000000000000000995e+02
1.473454309619835756e-03 7.319743132325880444e-35 1.000000000000000995e+02
1.500903275579736594e-03 8.300310991641714542e-35 1.000000000000000995e+02
1.528863588058731147e-03 9.444667869949569566e-35 1.000000000000000000e+02
1.557344772926135207e-03 1.078484655717017959e-34 1.000000000000000995e+02
1.586356533508589657e-03 1.235999696764762138e-34 1.000000000000000995e+02
1.615908753895919101e-03 1.421814858698147366e-34 1.000000000000000995e+02
1.646011502308549748e-03 1.641845289227627745e-34 1.000000000000000995e+02
1.676675034527699143e-03 1.903404806746173513e-34 1.000000000000000995e+02
1.707909797389426916e-03 2.215573392821833304e-34 1.000000000000001990e+02
1.739726432343800767e-03 2.589670624501179866e-34 1.000000000000000000e+02
1.772135779080358372e-03 3.039868236832284920e-34 1.000000000000000995e+02
1.805148879221108154e-03 3.583986222834254513e-34 1.000000000000000995e+02
1.838776980082326793e-03 4.244532159521571526e-34 1.000000000000000000e+02
1.873031538506436536e-03 5.050064365900296432e-34 1.000000000000001990e+02
1.907924224765265072e-03 6.036988268872549997e-34 1.000000000000000995e+02
1.943466926536020246e-03 7.251935118514256414e-34 1.000000000000000995e+02
1.979671752951332481e-03 8.754927433455359492e-34 1.000000000000000995e+02
2.016551038724746607e-03 1.062361268397717885e-33 1.000000000000000000e+02
2.054117348353064112e-03 1.295895496948765579e-33 1.000000000000001990e+02
2.092383480396977150e-03 1.589292718475237946e-33 1.000000000000000995e+02
2.131362471841437810e-03 1.959896284837984140e-33 1.000000000000000995e+02
2.171067602537264923e-03 2.430623585443479091e-33 1.000000000000000995e+02
2.211512399725488933e-03 3.031927979654308238e-33 1.000000000000000000e+02
2.252710642645980484e-03 3.804509820825140545e-33 1.000000000000000000e+02
2.294676367231936100e-03 4.803084537130071863e-33 1.000000000000000995e+02
2.337423870891814758e-03 6.101651250105055336e-33 1.000000000000000995e+02
2.380967717380358135e-03 7.800904439281542834e-33 1.000000000000000000e+02
2.425322741760352948e-03 1.003872527082115921e-32 1.000000000000000000e+02
2.470504055456825433e-03 1.300512655480980599e-32 1.000000000000000000e+02
2.516527051405391836e-03 1.696367979828937602e-32 1.000000000000000995e+02
2.563407409296514835e-03 2.228243867642065735e-32 1.000000000000000000e+02
2.611161100917459583e-03 2.947886803228818863e-32 1.000000000000000000e+02
2.659804395593758260e-03 3.928556921589266102e-32 1.000000000000000995e+02
2.709353865732051433e-03 5.274709926458766938e-32 1.000000000000000000e+02
2.759826392466180594e-03 7.136360823147783158e-32 1.000000000000000995e+02
2.811239171408464344e-03 9.730547653046012282e-32 1.000000000000000000e+02
2.863609718508115885e-03 1.337364095499787058e-31 1.000000000000000000e+02
2.916955876018795853e-03 1.853034359652541014e-31 9.999999999999994316e+01
2.971295818577334054e-03 2.588856860710448284e-31 1.000000000000000000e+02
3.026648059395692196e-03 3.647507222972853814e-31 1.000000000000000995e+02
3.083031456568277075e-03 5.184677656599357688e-31 1.000000000000000000e+02
3.140465219496752208e-03 7.440118520839184383e-31 9.999999999999994316e+01
3.198968915434537586e-03 1.078686428719623151e-30 9.999999999999994316e+01
3.258562476153226226e-03 1.581318445637633316e-30 1.000000000000000000e+02
3.319266204733189573e-03 2.346023484317435169e-30 1.000000000000000995e+02
3.381100782480685445e-03 3.525697870709966964e-30 1.000000000000000000e+02
3.444087275973823411e-03 5.372807059063191512e-30 9.999999999999994316e+01
3.508247144239792347e-03 8.311505522987155442e-30 1.000000000000000000e+02
3.573602246065788347e-03 1.306763536848183860e-29 9.999999999999994316e+01
3.640174847446141400e-03 2.090788172086962906e-29 9.999999999999994316e+01
3.707987629168172684e-03 3.408935214469574565e-29 1.000000000000000000e+02
3.777063694539364597e-03 5.672430873610182706e-29 1.000000000000000000e+02
3.847426577258505898e-03 9.648432589000055414e-29 9.999999999999994316e+01
3.919100249433401899e-03 1.680464751387320277e-28 1.000000000000000995e+02
3.992109129748053209e-03 3.002557847471659782e-28 1.000000000000000995e+02
4.066478091781853925e-03 5.511457678455568757e-28 1.000000000000000000e+02
4.142232472483897525e-03 1.037645182875611521e-27 1.000000000000000000e+02
4.219398080805024202e-03 1.997720328438087352e-27 1.000000000000000995e+02
4.298001206490798497e-03 3.919580551170049912e-27 1.000000000000000995e+02
4.378068629038166758e-03 7.807003581986461977e-27 1.000000000000000995e+02
4.459627626819095622e-03 1.571734086956816246e-26 1.000000000000000995e+02
4.542705986374042521e-03 3.182775255421928067e-26 1.000000000000000995e+02
4.627332011878692967e-03 6.447650876351401288e-26 1.000000000000000995e+02
4.713534534786906725e-03 1.298783862398938198e-25 1.000000000000000995e+02
4.801342923653449841e-03 2.584028737361427568e-25 1.000000000000000000e+02
4.890787094139589959e-03 5.040343170100462003e-25 1.000000000000000000e+02
4.981897519205159656e-03 9.560284123810947064e-25 1.000000000000000000e+02
5.074705239490466188e-03 1.749450512621605723e-24 1.000000000000000000e+02
5.169241873891598608e-03 3.087651630497452009e-24 1.000000000000000000e+02
5.265539630332755246e-03 5.275230583055206723e-24 1.000000000000000000e+02
5.363631316739239652e-03 8.761759481771671311e-24 1.000000000000000995e+02
5.463550352214875498e-03 1.421681913573725542e-23 1.000000000000000995e+02
5.565330778427646403e-03 2.266192746559028963e-23 1.000000000000000000e+02
5.669007271207434327e-03 3.571240228510396896e-23 1.000000000000000000e+02
5.774615152359819509e-03 5.603542954866200035e-23 1.000000000000000000e+02
5.882190401699956099e-03 8.824679705346027339e-23 1.000000000000000000e+02
5.991769669310619169e-03 1.407365907672022603e-22 1.000000000000000000e+02
6.103390288028621123e-03 2.291889276089993014e-22 1.000000000000000995e+02
6.217090286163826779e-03 3.814097836778034036e-22 1.000000000000000000e+02
6.332908400455114321e-03 6.473930166492976777e-22 1.000000000000000000e+02
6.450884089267692675e-03 1.118318610203008643e-21 1.000000000000000000e+02
6.571057546036270826e-03 1.961078235089933210e-21 1.000000000000000000e+02
6.693469712958660493e-03 3.481149718668142654e-21 1.000000000000000000e+02
6.818162294944479437e-03 6.235336338973650291e-21 1.000000000000000995e+02
6.945177773823696388e-03 1.122921285601635902e-20 1.000000000000000000e+02
7.074559422819878297e-03 2.025433604642380568e-20 1.000000000000000995e+02
7.206351321293052656e-03 3.652811683973727719e-20 1.000000000000000000e+02
7.340598369757212090e-03 6.588910759284259703e-20 1.000000000000000000e+02
7.477346305177588227e-03 1.189237537856035014e-19 1.000000000000000000e+02
7.616641716552892058e-03 2.148896010460125746e-19 9.999999999999990052e+01
7.758532060787835978e-03 3.889659521920361496e-19 1.000000000000000995e+02
7.903065678861348128e-03 7.057521724944175446e-19 1.000000000000000000e+02
8.050291812295981564e-03 1.284619445118356141e-18 1.000000000000000995e+02
8.200260619934130954e-03 2.348246001274510557e-18 9.999999999999994316e+01
8.353023195026778799e-03 4.317311879605069053e-18 1.000000000000000995e+02
8.508631582640582489e-03 7.996987030014413400e-18 1.000000000000000995e+02
8.667138797389234081e-03 1.495235538317175224e-17 1.000000000000000995e+02
8.828598841495149604e-03 2.828014873469719383e-17 1.000000000000000000e+02
8.993066723187623582e-03 5.423254547262256713e-17 1.000000000000000000e+02
9.160598475443709407e-03 1.055181584624171929e-16 1.000000000000000000e+02
9.331251175078249249e-03 2.065685437077397480e-16 1.000000000000000000e+02
9.505082962189511861e-03 4.020563332918495926e-16 1.000000000000000000e+02
9.682153059967075343e-03 7.677603740752169875e-16 9.999999999999994316e+01
9.862521794868784469e-03 1.417357407483195777e-15 9.999999999999994316e+01
1.004625061717340749e-02 2.488866418177504517e-15 9.999999999999994316e+01
1.023340212191641702e-02 4.124905285437694216e-15 9.999999999999994316e+01
1.042404007021556327e-02 6.528760639708390361e-15 9.999999999999990052e+01
1.061822941099384125e-02 1.002511897852959569e-14 9.999999999999994316e+01
1.081603630310709954e-02 1.520157489803620150e-14 9.999999999999984368e+01
1.101752813788386791e-02 2.321963172179534751e-14 1.000000000000000995e+02
1.122277356208507652e-02 3.630495209144747497e-14 1.000000000000000000e+02
1.143184250129149725e-02 5.801385777380732196e-14 9.999999999999994316e+01
1.164480618372686072e-02 9.420629027057831452e-14 9.999999999999990052e+01
1.186173716452478509e-02 1.544643463011605806e-13 1.000000000000000000e+02
1.208270935044776506e-02 2.539201936408734538e-13 9.999999999999990052e+01
1.230779802506665188e-02 4.168522498701706326e-13 1.000000000000000000e+02
1.253707987440920262e-02 6.843497195875795878e-13 9.999999999999994316e+01
1.277063301308643990e-02 1.125768088714445598e-12 1.000000000000000000e+02
1.300853701090571267e-02 1.859793936174105356e-12 9.999999999999994316e+01
1.325087291997953214e-02 3.091278229968270837e-12 1.000000000000000000e+02
1.349772330233941706e-02 5.168516679798879410e-12 1.000000000000000000e+02
1.374917225806419029e-02 8.685588369656290278e-12 9.999999999999994316e+01
1.400530545393219653e-02 1.465710925872345109e-11 1.000000000000000000e+02
1.426621015260736910e-02 2.481797115423495610e-11 1.000000000000000000e+02
1.453197524236895383e-02 4.216032207405144256e-11 9.999999999999994316e+01
1.480269126739508674e-02 7.186059726920908404e-11 1.000000000000000000e+02
1.507845045861051086e-02 1.229031236356310799e-10 9.999999999999994316e+01
1.535934676510897039e-02 2.109175525014735830e-10 1.000000000000000995e+02
1.564547588616095955e-02 3.631132841383554791e-10 1.000000000000000995e+02
1.593693530381774456e-02 6.269539515511281633e-10 1.000000000000000000e+02
1.623382431612278159e-02 1.085352872594438700e-09 1.000000000000000000e+02
1.653624407094180307e-02 1.883367326523922966e-09 1.000000000000000000e+02
1.684429760042315330e-02 3.275034831711294226e-09 9.999999999999994316e+01
1.715808985610004986e-02 5.705511350347878762e-09 1.000000000000000995e+02
1.747772774464680795e-02 9.955072280718890114e-09 1.000000000000000000e+02
1.780332016430113962e-02 1.739125957917200913e-08 1.000000000000000000e+02
1.813497804196495186e-02 3.040970016266277384e-08 1.000000000000000000e+02
1.847281437099634188e-02 5.320470449052027765e-08 1.000000000000000000e+02
1.881694424970555696e-02 9.311442215280466895e-08 1.000000000000000000e+02
1.916748492056815148e-02 1.629598064546271823e-07 1.000000000000000000e+02
1.952455581016860828e-02 2.851034634616832958e-07 1.000000000000000000e+02
1.988827856988809734e-02 4.984697590352022281e-07 1.000000000000000995e+02
2.025877711735016989e-02 8.706320410378104392e-07 1.000000000000000995e+02
2.063617767863858837e-02 1.518373252757762558e-06 1.000000000000000000e+02
2.102060883130158278e-02 2.642506052698663310e-06 1.000000000000000000e+02
2.141220154815729262e-02 4.586437139325271641e-06 1.000000000000000000e+02
2.181108924191518805e-02 7.933554549519594498e-06 1.000000000000000995e+02
2.221740781062883641e-02 1.366738636502964889e-05 1.000000000000000000e+02
2.263129568399528321e-02 2.343156347875295566e-05 1.000000000000000000e+02
2.305289387051707301e-02 3.994546111418426863e-05 1.000000000000000000e+02
2.348234600554275145e-02 6.765727309698382199e-05 1.000000000000000000e+02
2.391979840020238418e-02 1.137496339140799719e-04 1.000000000000000000e+02
2.436540009125464853e-02 1.896519932648524918e-04 9.999999999999990052e+01
2.481930289186254010e-02 3.132525653300879476e-04 1.000000000000000000e+02
2.528166144331499277e-02 5.120437797074267735e-04 1.000000000000000000e+02
2.575263326771199887e-02 8.278053787270079050e-04 9.999999999999994316e+01
2.623237882163122203e-02 1.323288642147177601e-03 1.000000000000000000e+02
2.672106155079433804e-02 2.091232631295565896e-03 9.999999999999994316e+01
2.721884794575178332e-02 3.266673281514716372e-03 9.999999999999990052e+01
2.772590759860482645e-02 5.043347798221924430e-03 9.999999999999990052e+01
2.824241326078434297e-02 7.695178755388589788e-03 9.999999999999994316e+01
2.876854090190592711e-02 1.160397394760322685e-02 9.999999999999990052e+01
2.930446976972142861e-02 1.729467255623341748e-02 9.999999999999984368e+01
2.985038245118730796e-02 2.547976521967589697e-02 9.999999999999994316e+01
3.040646493467067182e-02 3.710786246302794772e-02 9.999999999999994316e+01
3.097290667331408301e-02 5.332834742369272490e-02 9.999999999999990052e+01
3.154990064958086704e-02 7.540420804405277566e-02 9.999999999999994316e+01
3.213764344100276948e-02 1.045639205595424032e-01 9.999999999999994316e+01
3.273633528715245988e-02 1.417086225243483766e-01 9.999999999999994316e+01
3.334618015786364187e-02 1.869756480794960984e-01 9.999999999999994316e+01
3.396738582272208068e-02 2.391948358198609792e-01 1.000000000000000000e+02
3.460016392185108480e-02 2.953571568407717396e-01 1.000000000000000000e+02
3.524473003801584237e-02 3.503157963805205166e-01 1.000000000000000000e+02
3.590130377007068330e-02 3.970097999224494467e-01 1.000000000000000000e+02
3.657010880777489259e-02 4.274622951136880511e-01 9.999999999999994316e+01
3.725137300800209633e-02 4.345856460119126297e-01 1.000000000000000000e+02
3.794532847236938011e-02 4.144252109528559491e-01 1.000000000000000000e+02
3.865221162631261864e-02 3.680392557121077712e-01 9.999999999999994316e+01
3.937226329963479377e-02 3.020364981484192635e-01 1.000000000000000000e+02
4.010572880855495931e-02 2.271567724123111087e-01 1.000000000000000000e+02
4.085285803928561527e-02 1.559024641709848835e-01 1.000000000000000995e+02
4.161390553316707264e-02 9.846366514173093831e-02 9.999999999999994316e+01
4.238913057338778573e-02 5.790459778073894781e-02 1.000000000000000000e+02
4.317879727332021161e-02 3.213631220499340441e-02 1.000000000000000000e+02
4.398317466650223523e-02 1.708951778813774455e-02 1.000000000000000000e+02
4.480253679829489938e-02 8.858406932111016069e-03 1.000000000000000000e+02
4.563716281924758839e-02 4.562670003748510623e-03 9.999999999999994316e+01
4.648733708020256344e-02 2.385846701382124749e-03 1.000000000000000000e+02
4.735334922917116413e-02 1.297187892229538292e-03 1.000000000000000995e+02
4.823549431001467047e-02 7.530333050956410914e-04 1.000000000000000000e+02
4.913407286296361809e-02 4.806359053797202327e-04 1.000000000000000000e+02
5.004939102700953213e-02 3.483921657349265365e-04 1.000000000000000000e+02
5.098176064420424647e-02 2.943513190918324259e-04 1.000000000000000000e+02
5.193149936590212012e-02 2.883321337130425677e-04 1.000000000000000995e+02
5.289893076098151070e-02 3.229212521058989760e-04 1.000000000000000995e+02
5.388438442608223938e-02 4.068977079611765845e-04 1.000000000000000000e+02
5.488819609789671872e-02 5.663029360407056392e-04 1.000000000000000000e+02
5.591070776755290017e-02 8.524580106297949527e-04 1.000000000000000000e+02
5.695226779712821846e-02 1.355337707800107882e-03 1.000000000000000000e+02
5.801323103833375128e-02 2.215991721030699611e-03 1.000000000000000995e+02
5.909395895340967958e-02 3.616027686122335553e-03 1.000000000000000000e+02
6.019481973827271043e-02 5.695627532331823568e-03 9.999999999999990052e+01
6.131618844795772016e-02 8.445166623956740920e-03 9.999999999999994316e+01
6.245844712439614643e-02 1.180980659345697188e-02 1.000000000000000000e+02
6.362198492657485105e-02 1.568166989269432349e-02 9.999999999999994316e+01
6.480719826311967524e-02 1.992706806414391504e-02 9.999999999999994316e+01
6.601449092734885948e-02 2.444890982388162395e-02 9.999999999999990052e+01
6.724427423484245769e-02 2.925638551027777076e-02 1.000000000000000000e+02
6.849696716357443760e-02 3.453554267188616717e-02 1.000000000000000000e+02
6.977299649665534564e-02 4.073245538632078860e-02 1.000000000000000000e+02
7.107279696773415034e-02 4.860622938352452543e-02 9.999999999999994316e+01
7.239681140910873836e-02 5.879140053879539085e-02 9.999999999999994316e+01
7.374549090259549522e-02 7.184568994069853720e-02 1.000000000000000000e+02
7.511929493320965157e-02 8.838129129172470067e-02 1.000000000000000000e+02
7.651869154570821452e-02 1.089948591537928807e-01 1.000000000000000000e+02
7.794415750404946885e-02 1.341347009798940504e-01 1.000000000000000000e+02
7.939617845382279659e-02 1.638862597956712575e-01 1.000000000000000000e+02
8.087524908770453436e-02 1.977015970473213480e-01 1.000000000000000995e+02
8.238187331399605962e-02 2.346238237057594600e-01 9.999999999999994316e+01
8.391656442830157381e-02 2.733916901091638096e-01 1.000000000000000995e+02
8.547984528840409102e-02 3.121527129124141431e-01 1.000000000000000000e+02
8.707224849239916797e-02 3.484728479751188490e-01 1.000000000000000000e+02
8.869431656014709064e-02 3.794652311994976546e-01 1.000000000000000000e+02
9.034660211810524588e-02 4.020602067577978000e-01 1.000000000000000995e+02
9.202966808760409956e-02 4.149857613086659902e-01 9.999999999999994316e+01
9.374408787662991127e-02 4.214593424327398030e-01 1.000000000000000000e+02
9.549044557518077125e-02 4.264437536278159468e-01 9.999999999999994316e+01
9.726933615426168467e-02 4.359071793990946797e-01 1.000000000000000000e+02
9.908136566858666283e-02 4.571781831520337902e-01 1.000000000000000000e+02
1.009271514630570854e-01 5.002068974453708350e-01 9.999999999999994316e+01
1.028073223830864719e-01 5.732186817084118369e-01 1.000000000000000995e+02
1.047225189888434382e-01 6.808135147079902305e-01 1.000000000000000995e+02
1.066733937734857113e-01 8.276039120629602452e-01 1.000000000000000000e+02
1.086606113854596822e-01 1.015260963467749633e+00 1.000000000000000000e+02
1.106848488549412035e-01 1.237363234412922397e+00 1.000000000000000000e+02
1.127467958244946084e-01 1.484446183818963982e+00 1.000000000000000000e+02
1.148471547840289042e-01 1.757734245968117781e+00 9.999999999999994316e+01
1.169866413101306873e-01 2.062969846777997773e+00 1.000000000000000000e+02
1.191659843098558796e-01 2.411266438282848590e+00 9.999999999999990052e+01
1.213859262690627772e-01 2.820954192906376168e+00 9.999999999999994316e+01
1.236472235053715091e-01 3.308216163400846455e+00 9.999999999999990052e+01
1.259506464258357550e-01 3.883489578422930855e+00 9.999999999999984368e+01
1.282969797894147612e-01 4.555773592196104893e+00 1.000000000000000000e+02
1.306870229743346268e-01 5.331106073714039439e+00 9.999999999999990052e+01
1.331215902504307713e-01 6.213304723507465432e+00 1.000000000000000000e+02
1.356015110565633452e-01 7.206746941730216349e+00 9.999999999999990052e+01
1.381276302832009362e-01 8.312675648278984752e+00 9.999999999999994316e+01
1.407008085602685088e-01 9.527544759500234051e+00 9.999999999999990052e+01
1.433219225503573890e-01 1.085710256910608607e+01 9.999999999999984368e+01
1.459918652473978506e-01 1.234300184142148105e+01 9.999999999999990052e+01
1.487115462808953625e-01 1.405701346159986009e+01 1.000000000000000000e+02
1.514818922258345801e-01 1.610817187829334785e+01 9.999999999999990052e+01
1.543038469183564687e-01 1.858999433315263872e+01 9.999999999999994316e+01
1.571783717773162781e-01 2.154725406794031528e+01 1.000000000000000000e+02
1.601064461318317811e-01 2.500208745268960797e+01 1.000000000000000000e+02
1.630890675549332702e-01 2.895854729586866938e+01 9.999999999999994316e+01
1.661272522034293042e-01 3.346306798995180287e+01 1.000000000000000000e+02
1.692220351641037235e-01 3.858025432787168540e+01 1.000000000000000000e+02
1.723744708063619790e-01 4.438186961728597169e+01 1.000000000000000000e+02
1.755856331414468730e-01 5.094809642724693077e+01 1.000000000000000000e+02
1.788566161883461958e-01 5.836919300656625609e+01 1.000000000000000000e+02
1.821885343465165230e-01 6.674769009254166008e+01 1.000000000000000000e+02
1.855825227755517060e-01 7.620153352607964337e+01 1.000000000000000000e+02
1.890397377819219571e-01 8.686796873845683820e+01 1.000000000000000995e+02
1.925613572129196704e-01 9.890845870913868509e+01 1.000000000000000995e+02
1.961485808579429280e-01 1.125152721882467972e+02 1.000000000000000000e+02
1.998026308572548593e-01 1.279201226329025189e+02 1.000000000000000995e+02
2.035247521183575770e-01 1.453955654028087281e+02 1.000000000000000000e+02
2.073162127401229071e-01 1.652185591265399012e+02 1.000000000000000000e+02
2.111783044448242164e-01 1.876864371011687069e+02 1.000000000000000000e+02
2.151123430182164953e-01 2.131295627062633002e+02 9.999999999999994316e+01
2.191196687578147451e-01 2.419139853267501223e+02 9.999999999999994316e+01
2.232016469295232397e-01 2.744440956415763821e+02 1.000000000000000000e+02
2.273596682327715113e-01 3.111652300525373107e+02 1.000000000000000000e+02
2.315951492743152096e-01 3.525661623109899097e+02 1.000000000000000995e+02
2.359095330508633737e-01 3.991814098673944500e+02 1.000000000000000995e+02
2.403042894406967056e-01 4.515932719561250792e+02 9.999999999999994316e+01
2.447809157044440187e-01 5.104335064290658011e+02 1.000000000000000000e+02
2.493409369951877785e-01 5.763845434900154032e+02 1.000000000000000000e+02
2.539859068780723761e-01 6.501849398781317859e+02 9.999999999999990052e+01
2.587174078595921300e-01 7.326620010654884254e+02 1.000000000000000995e+02
2.635370519267393186e-01 8.247345201726930100e+02 9.999999999999994316e+01
2.684464810961962322e-01 9.274148548712157663e+02 9.999999999999990052e+01
2.734473679737579599e-01 1.041821716819370977e+03 1.000000000000000995e+02
2.785414163241766161e-01 1.169195980511883590e+03 1.000000000000000000e+02
2.837303616516211324e-01 1.310920314915952304e+03 1.000000000000000000e+02
2.890159717909508430e-01 1.468543673578405560e+03 1.000000000000000000e+02
2.944000475100033709e-01 1.643811948618147426e+03 1.000000000000000000e+02
2.998844231231027613e-01 1.838706438570221962e+03 9.999999999999994316e+01
3.054709671159968054e-01 2.055434926143395387e+03 9.999999999999994316e+01
3.111615827824359970e-01 2.296235520575820829e+03 9.999999999999994316e+01
3.169582088726115021e-01 2.563469621894293141e+03 9.999999999999994316e+01
3.228628202536730218e-01 2.859678026387133286e+03 9.999999999999994316e+01
3.288774285825510346e-01 3.187587508267140493e+03 1.000000000000000000e+02
3.350040829913132900e-01 3.550117049700546431e+03 9.999999999999994316e+01
3.412448707852889229e-01 3.950383815439305181e+03 1.000000000000000000e+02
3.476019181541977754e-01 4.391709048821231590e+03 1.000000000000000000e+02
3.540773908965269556e-01 4.877638066113894638e+03 9.999999999999994316e+01
3.606734951574028236e-01 5.412154075312436362e+03 1.000000000000000995e+02
3.673924781802074269e-01 5.999768641505703272e+03 1.000000000000000995e+02
3.742366290721980682e-01 6.645500924724666220e+03 1.000000000000000995e+02
3.812082795843887983e-01 7.354973148781021337e+03 1.000000000000000995e+02
3.883098049059605095e-01 8.134533777623681999e+03 1.000000000000000995e+02
3.955436244734701345e-01 8.991412223554654702e+03 1.000000000000000995e+02
4.029122027951347884e-01 9.933887823471464799e+03 1.000000000000000995e+02
4.104180502904709038e-01 1.097038118462287275e+04 9.999999999999994316e+01
4.180637241455757991e-01 1.210854243574625252e+04 1.000000000000000000e+02
4.258518291843414461e-01 1.335609135137996964e+04 1.000000000000000995e+02
4.337850187558989212e-01 1.472078149777397448e+04 1.000000000000000000e+02
4.418659956385941334e-01 1.621024975216233543e+04 1.000000000000000000e+02
4.500975129608046355e-01 1.783182868654153935e+04 1.000000000000000995e+02
4.584823751389096036e-01 1.959309756120239763e+04 1.000000000000000000e+02
4.670234388327330621e-01 2.150462739604807575e+04 9.999999999999994316e+01
4.757236139187884794e-01 2.357902649210351956e+04 9.999999999999994316e+01
4.845858644816490868e-01 2.583074273154007824e+04 1.000000000000000000e+02
4.936132098237911991e-01 2.827653103035716049e+04 1.000000000000000000e+02
5.028087254942474882e-01 3.093600638065513340e+04 1.000000000000000000e+02
5.121755443364236493e-01 3.382955522699017456e+04 1.000000000000000000e+02
5.217168575554343990e-01 3.697532192344125360e+04 1.000000000000000000e+02
5.314359158053235666e-01 4.039205947896526777e+04 1.000000000000000000e+02
5.413360302965375404e-01 4.409951091123814695e+04 1.000000000000000000e+02
5.514205739240296555e-01 4.811843190639378736e+04 9.999999999999994316e+01
5.616929824163804374e-01 5.247061794088908209e+04 9.999999999999994316e+01
5.721567555063246102e-01 5.717893871551117627e+04 1.000000000000000000e+02
5.828154581230839959e-01 6.226738354310141585e+04 1.000000000000000000e+02
5.936727216069119795e-01 6.776112225896154996e+04 9.999999999999994316e+01
6.047322449462643190e-01 7.368658869125619822e+04 1.000000000000000000e+02
6.159977960380161877e-01 8.007164215867682651e+04 9.999999999999990052e+01
6.274732129711574347e-01 8.694575704385375138e+04 9.999999999999994316e+01
6.391624053343999412e-01 9.434018953312207304e+04 9.999999999999994316e+01
6.510693555481454897e-01 1.022882436995224853e+05 1.000000000000000000e+02
6.631981202212668958e-01 1.108256169240676973e+05 9.999999999999994316e+01
6.755528315331639222e-01 1.199908392152894667e+05 9.999999999999994316e+01
6.881376986415662644e-01 1.298258273815011780e+05 9.999999999999990052e+01
7.009570091165617800e-01 1.403765783982146822e+05 1.000000000000000995e+02
7.140151304013395706e-01 1.516918290825764125e+05 1.000000000000000000e+02
7.273165113001454074e-01 1.638175047174819338e+05 1.000000000000000995e+02
7.408656834939559843e-01 1.768004372479886515e+05 1.000000000000000995e+02
7.546672630843886953e-01 1.906897512107247312e+05 1.000000000000001990e+02
7.687259521663728501e-01 2.055371828312260623e+05 1.000000000000000995e+02
7.830465404301183430e-01 2.213974968763648940e+05 1.000000000000000995e+02
7.976339067929273385e-01 2.383290237633049546e+05 1.000000000000000995e+02
8.124930210614047521e-01 2.563935964488179598e+05 1.000000000000000995e+02
8.276289456246344045e-01 2.756524604518396663e+05 9.999999999999994316e+01
8.430468371788967241e-01 2.961680135162620572e+05 1.000000000000000000e+02
8.587519484845170803e-01 3.180058712021672982e+05 9.999999999999994316e+01
8.747496301554414933e-01 3.412354949071314768e+05 1.000000000000000000e+02
8.910453324821513421e-01 3.659309925712076365e+05 9.999999999999994316e+01
9.076446072885356875e-01 3.921719389180814032e+05 9.999999999999990052e+01
9.245531098233570333e-01 4.200387169478660217e+05 9.999999999999990052e+01
9.417766006869519035e-01 4.496102686968801427e+05 9.999999999999994316e+01
9.593209477938241525e-01 4.809694610874741920e+05 1.000000000000000000e+02
9.771921283717996953e-01 5.142043135415628203e+05 1.000000000000000000e+02
9.953962309984233370e-01 5.494091869434944820e+05 9.999999999999994316e+01
1.013939457675291811e+00 5.866844925281485775e+05 1.000000000000000995e+02
1.032828125941028574e+00 6.261226081968608778e+05 1.000000000000000000e+02
1.052068671023622892e+00 6.678108163682575105e+05 1.000000000000000000e+02
1.071667648032863296e+00 7.118382251556685660e+05 1.000000000000000000e+02
1.091631734193614811e+00 7.582963841715871822e+05 1.000000000000000995e+02
1.111967731120699021e+00 8.072800557210888946e+05 1.000000000000000000e+02
1.132682567136153784e+00 8.588882454632790759e+05 1.000000000000000995e+02
1.153783299629660863e+00 9.132255426320463885e+05 1.000000000000000995e+02
1.175277117462945276e+00 9.704038269523370545e+05 1.000000000000000995e+02
1.197171343418965694e+00 1.030544407598986058e+06 1.000000000000000995e+02
1.219473436696737023e+00 1.093780669285912532e+06 1.000000000000000000e+02
1.242190995452616242e+00 1.160261312336726813e+06 1.000000000000000000e+02
1.265331759388941713e+00 1.230151301613535034e+06 1.000000000000000995e+02
1.288903612390891462e+00 1.303599842825762928e+06 1.000000000000000995e+02
1.312914585212463958e+00 1.380743110513590509e+06 1.000000000000000995e+02
1.337372858212495075e+00 1.461725190070632845e+06 1.000000000000000000e+02
1.362286764141645401e+00 1.546700758104788372e+06 1.000000000000000995e+02
1.387664790981307128e+00 1.635837935686829733e+06 9.999999999999994316e+01
1.413515584835394190e+00 1.729321778823436704e+06 1.000000000000000000e+02
1.439847952876006643e+00 1.827358512708644615e+06 1.000000000000000000e+02
1.466670866343967150e+00 1.930180633896701271e+06 1.000000000000000000e+02
1.493993463605256311e+00 2.038053026306491112e+06 1.000000000000000000e+02
1.521825053264385552e+00 2.151260756419961341e+06 1.000000000000000995e+02
1.550175117335768737e+00 2.269965185733029153e+06 1.000000000000000995e+02
1.579053314474174297e+00 2.394237883936502971e+06 1.000000000000000995e+02
1.608469483265355215e+00 2.524115240090029314e+06 1.000000000000000995e+02
1.638433645577983100e+00 2.659592459988073446e+06 1.000000000000000995e+02
1.668956009978023181e+00 2.800616587300265674e+06 1.000000000000000000e+02
1.700046975206716438e+00 2.947078949807482772e+06 1.000000000000000995e+02
1.731717133723352786e+00 3.098807066388338339e+06 1.000000000000000000e+02
1.763977275314043469e+00 3.255562281402255408e+06 9.999999999999994316e+01
1.796838390767719229e+00 3.417244931811980903e+06 1.000000000000000000e+02
1.830311675620611256e+00 3.584017403396323789e+06 9.999999999999994316e+01
1.864408533970485227e+00 3.756129518645277712e+06 1.000000000000000000e+02
1.899140582361933616e+00 3.933923533467920497e+06 1.000000000000000000e+02
1.934519653744044332e+00 4.117855212757286616e+06 1.000000000000000000e+02
1.970557801501798378e+00 4.308518267359732650e+06 1.000000000000000995e+02
2.007267303562568106e+00 4.506671746168402024e+06 1.000000000000000000e+02
2.044660666579115826e+00 4.713019894546858966e+06 1.000000000000000000e+02
2.082750630190514318e+00 4.927813282380413264e+06 1.000000000000000000e+02
2.121550171362450055e+00 5.151220702367992140e+06 1.000000000000000995e+02
2.161072508808376647e+00 5.383394968936153688e+06 1.000000000000000000e+02
2.201331107493030181e+00 5.624470901168490760e+06 9.999999999999994316e+01
2.242339683219845003e+00 5.874563306430911645e+06 1.000000000000000000e+02
2.284112207303823361e+00 6.133764998251712881e+06 1.000000000000000000e+02
2.326662911331458083e+00 6.402144887532339431e+06 9.999999999999994316e+01
2.370006292009327886e+00 6.679746191967826337e+06 1.000000000000000000e+02
2.414157116103017753e+00 6.966584814583986066e+06 1.000000000000000000e+02
2.459130425468043946e+00 7.262647948478281498e+06 9.999999999999994316e+01
2.504941542174502267e+00 7.567892999477232806e+06 1.000000000000000000e+02
2.551606073727183954e+00 7.882280371138557792e+06 1.000000000000000000e+02
2.599139918382932901e+00 8.205853610139553435e+06 1.000000000000000000e+02
2.647559270567066747e+00 8.538686071912929416e+06 1.000000000000000000e+02
2.696880626390692370e+00 8.880873404083207250e+06 1.000000000000000000e+02
2.747120789270811603e+00 9.232542895740386099e+06 1.000000000000000000e+02
2.798296875655115645e+00 9.593864451515125111e+06 1.000000000000000000e+02
2.850426320853434614e+00 9.965063381087731570e+06 1.000000000000000000e+02
2.903526884977813971e+00 1.034643522087733820e+07 1.000000000000000995e+02
2.957616658993253544e+00 1.073836283804071136e+07 1.000000000000000000e+02
3.012714070881164385e+00 1.114133486690608039e+07 1.000000000000000000e+02
3.068837891917642224e+00 1.155576990637023747e+07 1.000000000000000000e+02
3.126007243068700259e+00 1.198175179001486115e+07 1.000000000000000995e+02
3.184241601504649744e+00 1.241931541876515560e+07 1.000000000000000000e+02
3.243560807235807975e+00 1.286849547650096752e+07 1.000000000000000995e+02
3.303985069871854918e+00 1.332933177682255022e+07 1.000000000000000000e+02
3.365534975507090909e+00 1.380187574508731253e+07 1.000000000000000000e+02
3.428231493733967294e+00 1.428619817024908960e+07 1.000000000000000000e+02
3.492095984787267682e+00 1.478239837310556136e+07 1.000000000000000000e+02
3.557150206821382277e+00 1.529059810383745655e+07 1.000000000000000000e+02
3.623416323323146226e+00 1.581086283596071228e+07 1.000000000000000000e+02
3.690916910662774608e+00 1.634325362143270485e+07 1.000000000000000000e+02
3.759674965785463563e+00 1.688786884212297946e+07 1.000000000000000995e+02
3.829713914046277257e+00 1.744485679911383241e+07 1.000000000000001990e+02
3.901057617190989202e+00 1.801443020393511280e+07 1.000000000000000995e+02
3.973730381485604202e+00 1.859688283052701503e+07 1.000000000000000995e+02
4.047756965997318268e+00 1.919258224950627983e+07 1.000000000000000000e+02
4.123162591029748469e+00 1.980165734529074654e+07 1.000000000000000000e+02
4.199972946715301525e+00 2.042403234782522917e+07 1.000000000000000000e+02
4.278214201767612579e+00 2.105963194688961282e+07 1.000000000000000000e+02
4.357913012397025554e+00 2.170839344891672209e+07 1.000000000000000000e+02
4.439096531392166867e+00 2.237027611896196753e+07 1.000000000000000000e+02
4.521792417370697592e+00 2.304527210356293246e+07 1.000000000000000000e+02
4.606028844202397998e+00 2.373341909795808047e+07 1.000000000000000000e+02
4.691834510607794329e+00 2.443481493659262359e+07 9.999999999999994316e+01
4.779238649935595440e+00 2.514963430465939641e+07 9.999999999999994316e+01
4.868271040122278848e+00 2.587814779169774055e+07 9.999999999999994316e+01
4.958962013837211913e+00 2.662074353738620505e+07 9.999999999999994316e+01
5.051342468816761411e+00 2.737792877083383501e+07 1.000000000000000000e+02
5.145443878390924652e+00 2.814993520687380433e+07 1.000000000000000000e+02
5.241298302206056192e+00 2.893668482328911126e+07 9.999999999999994316e+01
5.338938397147350301e+00 2.973810894682724029e+07 1.000000000000000995e+02
5.438397428464796235e+00 3.055417040440377593e+07 1.000000000000000000e+02
5.539709281106400596e+00 3.138487595243818685e+07 1.000000000000000000e+02
5.642908471262536807e+00 3.223029056859297678e+07 1.000000000000000000e+02
5.748030158125351008e+00 3.309055379389665648e+07 1.000000000000000000e+02
5.855110155867238042e+00 3.396589833350179344e+07 9.999999999999994316e+01
5.964184945842459840e+00 3.485667114920022339e+07 1.000000000000000000e+02
6.075291689016070862e+00 3.576332155273602158e+07 1.000000000000000000e+02
6.188468238624382778e+00 3.668603161240256578e+07 1.000000000000000995e+02
6.303753153071275150e+00 3.762479523242308199e+07 9.999999999999994316e+01
6.421185709064758385e+00 3.857965474205129594e+07 1.000000000000000995e+02
6.540805914998252923e+00 3.955071992212181538e+07 1.000000000000000995e+02
6.662654524581149929e+00 4.053818540704207122e+07 1.000000000000000000e+02
6.786773050723295064e+00 4.154235042947635800e+07 1.000000000000000000e+02
6.913203779678127603e+00 4.256364115004569292e+07 1.000000000000000000e+02
7.041989785449288775e+00 4.360263174942560494e+07 1.000000000000000995e+02
7.173174944465612768e+00 4.465979891529285908e+07 1.000000000000000995e+02
7.306803950529499936e+00 4.573530828703323007e+07 1.000000000000000995e+02
7.442922330043757917e+00 4.682936457895938307e+07 1.000000000000000995e+02
7.581576457522110069e+00 4.794226466161803901e+07 1.000000000000000995e+02
7.722813571388642551e+00 4.907441769159691036e+07 1.000000000000000995e+02
7.866681790071582192e+00 5.022636786189699918e+07 1.000000000000000000e+02
8.013230128396878982e+00 5.139881995910897851e+07 1.000000000000000000e+02
8.162508514287219796e+00 5.259248585822190344e+07 1.000000000000000000e+02
8.314567805772055564e+00 5.380767338538811356e+07 1.000000000000000995e+02
8.469459808314576676e+00 5.504466568337568641e+07 1.000000000000000995e+02
8.627237292461440887e+00 5.630383441854947805e+07 1.000000000000000000e+02
8.787954011821311084e+00 5.758565883611945808e+07 1.000000000000000000e+02
8.951664721378293166e+00 5.889074733007406443e+07 1.000000000000000995e+02
9.118425196146562328e+00 6.021986180088387430e+07 1.000000000000000000e+02
9.288292250172489162e+00 6.157394511006669700e+07 1.000000000000000995e+02
9.461323755890759912e+00 6.295415198422840238e+07 1.000000000000000000e+02
9.637578663841079418e+00 6.436188377403515577e+07 1.000000000000000000e+02
9.817117022752183786e+00 6.579882753802067786e+07 1.000000000000000000e+02
1.000000000000000000e+01 6.726700000000001490e+07 1.000000000000000000e+02
