# Source: PRIMAT compilation, https://doi.org/10.1016/j.physrep.2018.04.005
1.000000000000000021e-03 6.910000000000030148e-46 3.000000000000000000e+00
1.018628990244687619e-03 1.415653426971145895e-45 3.000000000000000000e+00
1.037605019766911670e-03 2.912914182019857359e-45 3.000000000000000000e+00
1.056934553557988335e-03 6.018833130895514942e-45 2.999999999999999556e+00
1.076624177045493267e-03 1.248616353953019552e-44 2.999999999999999556e+00
1.096680598336868600e-03 2.600113109678323845e-44 3.000000000000000000e+00
1.117110650504824203e-03 5.433910707279542365e-44 2.999999999999999556e+00
1.137921293915315117e-03 1.139452975849800641e-43 2.999999999999999556e+00
1.159119618598885779e-03 2.396881975490922061e-43 3.000000000000000000e+00
1.180712846666190276e-03 5.056638987357133375e-43 3.000000000000000444e+00
1.202708334768511989e-03 1.069638587185007180e-42 3.000000000000000000e+00
1.225113576604118949e-03 2.268103032780745936e-42 2.999999999999999556e+00
1.247936205471311460e-03 4.819765839287454095e-42 2.999999999999999112e+00
1.271183996869028896e-03 1.026146694925645078e-41 3.000000000000000888e+00
1.294864871145904933e-03 2.188226802715237049e-41 3.000000000000000000e+00
1.318986896198670470e-03 4.672504959919718397e-41 3.000000000000000888e+00
1.343558290220826226e-03 9.987417012048559949e-41 3.000000000000000000e+00
1.368587424502519176e-03 2.136339718082449764e-40 2.999999999999999556e+00
1.394082826282578647e-03 4.571569653239866866e-40 3.000000000000000000e+00
1.420053181653683095e-03 9.783607074932739210e-40 3.000000000000000888e+00
1.446507338521647217e-03 2.093286897826869498e-39 2.999999999999999556e+00
1.473454309619835756e-03 4.476194521969462982e-39 3.000000000000000444e+00
1.500903275579736594e-03 9.562931511080803636e-39 3.000000000000000000e+00
1.528863588058731147e-03 2.040440004896016685e-38 3.000000000000000000e+00
1.557344772926135207e-03 4.346640315053725624e-38 3.000000000000000444e+00
1.586356533508589657e-03 9.241127815746382391e-38 3.000000000000000444e+00
1.615908753895919101e-03 1.960108944291041724e-37 3.000000000000000000e+00
1.646011502308549748e-03 4.146298811689931140e-37 3.000000000000000000e+00
1.676675034527699143e-03 8.743924298807127785e-37 3.000000000000000000e+00
1.707909797389426916e-03 1.837627020267364290e-36 3.000000000000000888e+00
1.739726432343800767e-03 3.847276242158672096e-36 3.000000000000000444e+00
1.772135779080358372e-03 8.021117259759379208e-36 3.000000000000000000e+00
1.805148879221108154e-03 1.664729170390868458e-35 2.999999999999999556e+00
1.838776980082326793e-03 3.438137571679164129e-35 2.999999999999999556e+00
1.873031538506436536e-03 7.063505564045164979e-35 3.000000000000000888e+00
1.907924224765265072e-03 1.443061153299396700e-34 2.999999999999999556e+00
1.943466926536020246e-03 2.930698234711155956e-34 2.999999999999999556e+00
1.979671752951332481e-03 5.914791130065255517e-34 3.000000000000000000e+00
2.016551038724746607e-03 1.185922423305470310e-33 2.999999999999999556e+00
2.054117348353064112e-03 2.361544338554862725e-33 3.000000000000000444e+00
2.092383480396977150e-03 4.669198709520266874e-33 3.000000000000000000e+00
2.131362471841437810e-03 9.164082566158627119e-33 3.000000000000000000e+00
2.171067602537264923e-03 1.785015410433832577e-32 3.000000000000000000e+00
2.211512399725488933e-03 3.450014279811634728e-32 2.999999999999999556e+00
2.252710642645980484e-03 6.615471506998608153e-32 3.000000000000000000e+00
2.294676367231936100e-03 1.258386663252373340e-31 3.000000000000000000e+00
2.337423870891814758e-03 2.374393290636214054e-31 3.000000000000000000e+00
2.380967717380358135e-03 4.443958576212901511e-31 2.999999999999999556e+00
2.425322741760352948e-03 8.250567418411176808e-31 3.000000000000000444e+00
2.470504055456825433e-03 1.519632294745304668e-30 2.999999999999999556e+00
2.516527051405391836e-03 2.777205778058393693e-30 3.000000000000000444e+00
2.563407409296514835e-03 5.037313821763249020e-30 3.000000000000000444e+00
2.611161100917459583e-03 9.070970599639622100e-30 3.000000000000000000e+00
2.659804395593758260e-03 1.622385548895891640e-29 3.000000000000000444e+00
2.709353865732051433e-03 2.883532255926694125e-29 2.999999999999999556e+00
2.759826392466180594e-03 5.096101107578811673e-29 3.000000000000000888e+00
2.811239171408464344e-03 8.962254800438352832e-29 3.000000000000000000e+00
2.863609718508115885e-03 1.569792632216506019e-28 3.000000000000000444e+00
2.916955876018795853e-03 2.741283281347153288e-28 2.999999999999999556e+00
2.971295818577334054e-03 4.778147822724501594e-28 3.000000000000000444e+00
3.026648059395692196e-03 8.323859406131786412e-28 3.000000000000000444e+00
3.083031456568277075e-03 1.450175223765483761e-27 3.000000000000000000e+00
3.140465219496752208e-03 2.526133085772417036e-27 2.999999999999999556e+00
3.198968915434537586e-03 4.398664150702489678e-27 3.000000000000000000e+00
3.258562476153226226e-03 7.654208878947862487e-27 3.000000000000000444e+00
3.319266204733189573e-03 1.330694111489452968e-26 3.000000000000000888e+00
3.381100782480685445e-03 2.310657647416064055e-26 3.000000000000000444e+00
3.444087275973823411e-03 4.006370777305347075e-26 3.000000000000000000e+00
3.508247144239792347e-03 6.934281205319790817e-26 3.000000000000000000e+00
3.573602246065788347e-03 1.197736384081136103e-25 3.000000000000000000e+00
3.640174847446141400e-03 2.063970882251181928e-25 2.999999999999999556e+00
3.707987629168172684e-03 3.547317645214217443e-25 2.999999999999999556e+00
3.777063694539364597e-03 6.078848973025938897e-25 2.999999999999999556e+00
3.847426577258505898e-03 1.038334327016716406e-24 2.999999999999999556e+00
3.919100249433401899e-03 1.767327770102371038e-24 3.000000000000000444e+00
3.992109129748053209e-03 2.996611970622891905e-24 3.000000000000000444e+00
4.066478091781853925e-03 5.060094143449244074e-24 3.000000000000000000e+00
4.142232472483897525e-03 8.508407277097774957e-24 2.999999999999999556e+00
4.219398080805024202e-03 1.424554139756566755e-23 3.000000000000000000e+00
4.298001206490798497e-03 2.374892926351644556e-23 3.000000000000000444e+00
4.378068629038166758e-03 3.942324518851476174e-23 2.999999999999999556e+00
4.459627626819095622e-03 6.516734967115069702e-23 3.000000000000000000e+00
4.542705986374042521e-03 1.072808574990662312e-22 3.000000000000000444e+00
4.627332011878692967e-03 1.759118408476436995e-22 3.000000000000000000e+00
4.713534534786906725e-03 2.873676669963257464e-22 3.000000000000000000e+00
4.801342923653449841e-03 4.678056988238649620e-22 2.999999999999999112e+00
4.890787094139589959e-03 7.591377592305138917e-22 3.000000000000000000e+00
4.981897519205159656e-03 1.228503574691655734e-21 2.999999999999999556e+00
5.074705239490466188e-03 1.983414244866852339e-21 3.000000000000000000e+00
5.169241873891598608e-03 3.194834196065486815e-21 2.999999999999999556e+00
5.265539630332755246e-03 5.133600453894209111e-21 3.000000000000000000e+00
5.363631316739239652e-03 8.227742834852640950e-21 3.000000000000000444e+00
5.463550352214875498e-03 1.315154002716630677e-20 3.000000000000000000e+00
5.565330778427646403e-03 2.096376580845273836e-20 3.000000000000000000e+00
5.669007271207434327e-03 3.332164479087085741e-20 2.999999999999999556e+00
5.774615152359819509e-03 5.281105215162238808e-20 3.000000000000000000e+00
5.882190401699956099e-03 8.345484557723253115e-20 2.999999999999999556e+00
5.991769669310619169e-03 1.314937805920803620e-19 3.000000000000000000e+00
6.103390288028621123e-03 2.065809353321018858e-19 3.000000000000000000e+00
6.217090286163826779e-03 3.235855080386100163e-19 2.999999999999999556e+00
6.332908400455114321e-03 5.053398817888644435e-19 3.000000000000000000e+00
6.450884089267692675e-03 7.868038105901910441e-19 3.000000000000000444e+00
6.571057546036270826e-03 1.221356422365004124e-18 3.000000000000000000e+00
6.693469712958660493e-03 1.890294898210758670e-18 3.000000000000000444e+00
6.818162294944479437e-03 2.917163604061463758e-18 3.000000000000000888e+00
6.945177773823696388e-03 4.489369690190589841e-18 3.000000000000000888e+00
7.074559422819878297e-03 6.890761070172121233e-18 3.000000000000000888e+00
7.206351321293052656e-03 1.054947329445050505e-17 3.000000000000000000e+00
7.340598369757212090e-03 1.610888686211317586e-17 3.000000000000000000e+00
7.477346305177588227e-03 2.453408788688350530e-17 3.000000000000000888e+00
7.616641716552892058e-03 3.726953753420011827e-17 2.999999999999999112e+00
7.758532060787835978e-03 5.647298528510690465e-17 3.000000000000000000e+00
7.903065678861348128e-03 8.536254479699340654e-17 3.000000000000000444e+00
8.050291812295981564e-03 1.287317981316490325e-16 3.000000000000000000e+00
8.200260619934130954e-03 1.936913172265867092e-16 2.999999999999999556e+00
8.353023195026778799e-03 2.907236115949492602e-16 3.000000000000000000e+00
8.508631582640582489e-03 4.352442162681071468e-16 3.000000000000000000e+00
8.667138797389234081e-03 6.498438413585922485e-16 3.000000000000000888e+00
8.828598841495149604e-03 9.675061504455158230e-16 3.000000000000000000e+00
8.993066723187623582e-03 1.436210275597247253e-15 3.000000000000000000e+00
9.160598475443709407e-03 2.125558266946799938e-15 2.999999999999999556e+00
9.331251175078249249e-03 3.136636235516641091e-15 2.999999999999999112e+00
9.505082962189511861e-03 4.616078178208613825e-15 3.000000000000000000e+00
9.682153059967075343e-03 6.776457030981938767e-15 2.999999999999999556e+00
9.862521794868784469e-03 9.926094414898085807e-15 2.999999999999999112e+00
1.004625061717340749e-02 1.451276963015930989e-14 2.999999999999999112e+00
1.023340212191641702e-02 2.118364686976268457e-14 3.000000000000000000e+00
1.042404007021556327e-02 3.086322970777802618e-14 2.999999999999998668e+00
1.061822941099384125e-02 4.487050045587896897e-14 2.999999999999999112e+00
1.081603630310709954e-02 6.507964135573613771e-14 2.999999999999998668e+00
1.101752813788386791e-02 9.414062722636725687e-14 3.000000000000000444e+00
1.122277356208507652e-02 1.357922788656434521e-13 3.000000000000000444e+00
1.143184250129149725e-02 1.953350809592756169e-13 2.999999999999999556e+00
1.164480618372686072e-02 2.802680465432588818e-13 2.999999999999999556e+00
1.186173716452478509e-02 4.011956816880302803e-13 3.000000000000000444e+00
1.208270935044776506e-02 5.731253678918678225e-13 2.999999999999999556e+00
1.230779802506665188e-02 8.171685612184224993e-13 3.000000000000000000e+00
1.253707987440920262e-02 1.162761954312380209e-12 2.999999999999999112e+00
1.277063301308643990e-02 1.650933605517016171e-12 2.999999999999999556e+00
1.300853701090571267e-02 2.338695076332875648e-12 2.999999999999999556e+00
1.325087291997953214e-02 3.305111515570369129e-12 2.999999999999998668e+00
1.349772330233941706e-02 4.660028213177487240e-12 2.999999999999999112e+00
1.374917225806419029e-02 6.555817081246364889e-12 2.999999999999999112e+00
1.400530545393219653e-02 9.203691078516369168e-12 2.999999999999999112e+00
1.426621015260736910e-02 1.289567827198022778e-11 2.999999999999999556e+00
1.453197524236895383e-02 1.803148204991729708e-11 3.000000000000000000e+00
1.480269126739508674e-02 2.515709404934973719e-11 3.000000000000000000e+00
1.507845045861051086e-02 3.501633365250459362e-11 3.000000000000000000e+00
1.535934676510897039e-02 4.862311389143875844e-11 3.000000000000000000e+00
1.564547588616095955e-02 6.736523537853470673e-11 3.000000000000000888e+00
1.593693530381774456e-02 9.313928027966087184e-11 3.000000000000000444e+00
1.623382431612278159e-02 1.285354953934568789e-10 2.999999999999999556e+00
1.653624407094180307e-02 1.770571612154715958e-10 2.999999999999999556e+00
1.684429760042315330e-02 2.434289477668495218e-10 2.999999999999999112e+00
1.715808985610004986e-02 3.340197451590075869e-10 3.000000000000000000e+00
1.747772774464680795e-02 4.573954783758368838e-10 2.999999999999999556e+00
1.780332016430113962e-02 6.250524504500018485e-10 2.999999999999999556e+00
1.813497804196495186e-02 8.523897022954195800e-10 3.000000000000000000e+00
1.847281437099634188e-02 1.159996791158768882e-09 3.000000000000000000e+00
1.881694424970555696e-02 1.575360914868887188e-09 2.999999999999999556e+00
1.916748492056815148e-02 2.135136192902563862e-09 3.000000000000000000e+00
1.952455581016860828e-02 2.888163041702480782e-09 3.000000000000000444e+00
1.988827856988809734e-02 3.899498391777546710e-09 3.000000000000000000e+00
2.025877711735016989e-02 5.255746808959386346e-09 3.000000000000000888e+00
2.063617767863858837e-02 7.071293968092002032e-09 3.000000000000000000e+00
2.102060883130158278e-02 9.496702205207272326e-09 3.000000000000000000e+00
2.141220154815729262e-02 1.273008294097854455e-08 3.000000000000000444e+00
2.181108924191518805e-02 1.703156454857717911e-08 3.000000000000000444e+00
2.221740781062883641e-02 2.274203064929713150e-08 3.000000000000000000e+00
2.263129568399528321e-02 3.030739514796887859e-08 2.999999999999999556e+00
2.305289387051707301e-02 4.031006914639247974e-08 3.000000000000000000e+00
2.348234600554275145e-02 5.350980496492906546e-08 3.000000000000000000e+00
2.391979840020238418e-02 7.089682444460646870e-08 3.000000000000000000e+00
2.436540009125464853e-02 9.376113137049623489e-08 2.999999999999999112e+00
2.481930289186254010e-02 1.237832857140258970e-07 2.999999999999999112e+00
2.528166144331499277e-02 1.631525494565208845e-07 3.000000000000000000e+00
2.575263326771199887e-02 2.146988308419716882e-07 3.000000000000000000e+00
2.623237882163122203e-02 2.820651157684701634e-07 3.000000000000000000e+00
2.672106155079433804e-02 3.699449447806502641e-07 2.999999999999999556e+00
2.721884794575178332e-02 4.843761227687130664e-07 2.999999999999999112e+00
2.772590759860482645e-02 6.331149906095718978e-07 2.999999999999999556e+00
2.824241326078434297e-02 8.261144452321479159e-07 2.999999999999999556e+00
2.876854090190592711e-02 1.076135774943302605e-06 2.999999999999999112e+00
2.930446976972142861e-02 1.399534068276858885e-06 2.999999999999999556e+00
2.985038245118730796e-02 1.817270227942695415e-06 3.000000000000000000e+00
3.040646493467067182e-02 2.356190218299568317e-06 2.999999999999999556e+00
3.097290667331408301e-02 3.050337842809267232e-06 2.999999999999999556e+00
3.154990064958086704e-02 3.942755940356230313e-06 2.999999999999999556e+00
3.213764344100276948e-02 5.087880138458433474e-06 2.999999999999999556e+00
3.273633528715245988e-02 6.554406435295340938e-06 3.000000000000000000e+00
3.334618015786364187e-02 8.428848132173104088e-06 3.000000000000000000e+00
3.396738582272208068e-02 1.081994890222942321e-05 3.000000000000000000e+00
3.460016392185108480e-02 1.386416083661317391e-05 3.000000000000000444e+00
3.524473003801584237e-02 1.773245307770577749e-05 3.000000000000000444e+00
3.590130377007068330e-02 2.263879197272607334e-05 3.000000000000000444e+00
3.657010880777489259e-02 2.885073461079201365e-05 2.999999999999999112e+00
3.725137300800209633e-02 3.670271406526007534e-05 3.000000000000000444e+00
3.794532847236938011e-02 4.661278067070840996e-05 2.999999999999999112e+00
3.865221162631261864e-02 5.910381912308729083e-05 2.999999999999999112e+00
3.937226329963479377e-02 7.483061452274075882e-05 3.000000000000000000e+00
4.010572880855495931e-02 9.461462070616642327e-05 3.000000000000000000e+00
4.085285803928561527e-02 1.194812194916637394e-04 3.000000000000000000e+00
4.161390553316707264e-02 1.506905996501357891e-04 2.999999999999999556e+00
4.238913057338778573e-02 1.897981410097798901e-04 3.000000000000000000e+00
4.317879727332021161e-02 2.387231121183027176e-04 3.000000000000000000e+00
4.398317466650223523e-02 2.998298548529450963e-04 3.000000000000000000e+00
4.480253679829489938e-02 3.760266016355829407e-04 3.000000000000000000e+00
4.563716281924758839e-02 4.708859093541307213e-04 2.999999999999999112e+00
4.648733708020256344e-02 5.887917397250451825e-04 3.000000000000000000e+00
4.735334922917116413e-02 7.351195973986769747e-04 3.000000000000001332e+00
4.823549431001467047e-02 9.164579775722171565e-04 3.000000000000000444e+00
4.913407286296361809e-02 1.140881844553428767e-03 3.000000000000000444e+00
5.004939102700953213e-02 1.418292193615841926e-03 3.000000000000000444e+00
5.098176064420424647e-02 1.760793660379652301e-03 3.000000000000000444e+00
5.193149936590212012e-02 2.183020929808622383e-03 3.000000000000000888e+00
5.289893076098151070e-02 2.702706939604306718e-03 3.000000000000001332e+00
5.388438442608223938e-02 3.341342071790721555e-03 3.000000000000000444e+00
5.488819609789671872e-02 4.124943786737327034e-03 3.000000000000000444e+00
5.591070776755290017e-02 5.084987482873427021e-03 3.000000000000000888e+00
5.695226779712821846e-02 6.259537099396412889e-03 3.000000000000000000e+00
5.801323103833375128e-02 7.694625317460785166e-03 3.000000000000001332e+00
5.909395895340967958e-02 9.445948457077210300e-03 3.000000000000000444e+00
6.019481973827271043e-02 1.158096033304169790e-02 2.999999999999999556e+00
6.131618844795772016e-02 1.418095239938457416e-02 3.000000000000000444e+00
6.245844712439614643e-02 1.734272164837265609e-02 3.000000000000000444e+00
6.362198492657485105e-02 2.118203924689377599e-02 3.000000000000000000e+00
6.480719826311967524e-02 2.583740096364444891e-02 2.999999999999999556e+00
6.601449092734885948e-02 3.147437125907705247e-02 2.999999999999999556e+00
6.724427423484245769e-02 3.829079903317390843e-02 3.000000000000000444e+00
6.849696716357443760e-02 4.652311277955212959e-02 3.000000000000000000e+00
6.977299649665534564e-02 5.645396464875211684e-02 3.000000000000000444e+00
7.107279696773415034e-02 6.842095849638173133e-02 3.000000000000000000e+00
7.239681140910873836e-02 8.282291392641082106e-02 2.999999999999999556e+00
7.374549090259549522e-02 1.001311962707124442e-01 3.000000000000000888e+00
7.511929493320965157e-02 1.209041174719048956e-01 3.000000000000000000e+00
7.651869154570821452e-02 1.458027429688876775e-01 3.000000000000000000e+00
7.794415750404946885e-02 1.756098127197469883e-01 3.000000000000000444e+00
7.939617845382279659e-02 2.112525418997157067e-01 3.000000000000000444e+00
8.087524908770453436e-02 2.538295390157035980e-01 3.000000000000001332e+00
8.238187331399605962e-02 3.046301910065413177e-01 3.000000000000000000e+00
8.391656442830157381e-02 3.651628408878340726e-01 3.000000000000001332e+00
8.547984528840409102e-02 4.371990157203465843e-01 3.000000000000000444e+00
8.707224849239916797e-02 5.228192713976437256e-01 3.000000000000000000e+00
8.869431656014709064e-02 6.244676304909129172e-01 3.000000000000000000e+00
9.034660211810524588e-02 7.450168932512699627e-01 3.000000000000000000e+00
9.202966808760409956e-02 8.878291873079038332e-01 2.999999999999999556e+00
9.374408787662991127e-02 1.056804790379006098e+00 3.000000000000000000e+00
9.549044557518077125e-02 1.256489255451012532e+00 2.999999999999999556e+00
9.726933615426168467e-02 1.492184847549481885e+00 2.999999999999999556e+00
9.908136566858666283e-02 1.770078841477287890e+00 3.000000000000000444e+00
1.009271514630570854e-01 2.097394505812302690e+00 2.999999999999999556e+00
1.028073223830864719e-01 2.482500196190257302e+00 3.000000000000000444e+00
1.047225189888434382e-01 2.935051265464653891e+00 3.000000000000000000e+00
1.066733937734857113e-01 3.466239737518200137e+00 3.000000000000000000e+00
1.086606113854596822e-01 4.089046040371904667e+00 3.000000000000000000e+00
1.106848488549412035e-01 4.818534621234801918e+00 2.999999999999999556e+00
1.127467958244946084e-01 5.672092589262607731e+00 3.000000000000000444e+00
1.148471547840289042e-01 6.669660323311473071e+00 3.000000000000000000e+00
1.169866413101306873e-01 7.834223546544442307e+00 3.000000000000000000e+00
1.191659843098558796e-01 9.192305019631907825e+00 2.999999999999999556e+00
1.213859262690627772e-01 1.077451606155833375e+01 3.000000000000000444e+00
1.236472235053715091e-01 1.261589633329128368e+01 3.000000000000000000e+00
1.259506464258357550e-01 1.475649765358223853e+01 2.999999999999999112e+00
1.282969797894147612e-01 1.724230144824587896e+01 3.000000000000000444e+00
1.306870229743346268e-01 2.012614060737510258e+01 2.999999999999998668e+00
1.331215902504307713e-01 2.346844641560600664e+01 3.000000000000000000e+00
1.356015110565633452e-01 2.733789960177965028e+01 2.999999999999999556e+00
1.381276302832009362e-01 3.181297506182070478e+01 2.999999999999999556e+00
1.407008085602685088e-01 3.698346700907069362e+01 2.999999999999999112e+00
1.433219225503573890e-01 4.295166447470168691e+01 2.999999999999999112e+00
1.459918652473978506e-01 4.983330896381914954e+01 2.999999999999999556e+00
1.487115462808953625e-01 5.776010243207406347e+01 3.000000000000000444e+00
1.514818922258345801e-01 6.688210501896408289e+01 3.000000000000000000e+00
1.543038469183564687e-01 7.736942278851479671e+01 3.000000000000000000e+00
1.571783717773162781e-01 8.941461517318217034e+01 3.000000000000000444e+00
1.601064461318317811e-01 1.032366496376841809e+02 3.000000000000000000e+00
1.630890675549332702e-01 1.190837386947683427e+02 3.000000000000000000e+00
1.661272522034293042e-01 1.372333079465071251e+02 3.000000000000000000e+00
1.692220351641037235e-01 1.579974952131283317e+02 3.000000000000000444e+00
1.723744708063619790e-01 1.817285168822362778e+02 3.000000000000000444e+00
1.755856331414468730e-01 2.088241433969287186e+02 3.000000000000000444e+00
1.788566161883461958e-01 2.397341893791180780e+02 3.000000000000000444e+00
1.821885343465165230e-01 2.749676660645002357e+02 3.000000000000000888e+00
1.855825227755517060e-01 3.150935395269188461e+02 3.000000000000000000e+00
1.890397377819219571e-01 3.607476344465807188e+02 3.000000000000000444e+00
1.925613572129196704e-01 4.126456354269373605e+02 2.999999999999999556e+00
1.961485808579429280e-01 4.715945192139494679e+02 3.000000000000000000e+00
1.998026308572548593e-01 5.385061870314095813e+02 3.000000000000000444e+00
2.035247521183575770e-01 6.144064915370895505e+02 3.000000000000000000e+00
2.073162127401229071e-01 7.004165158219946079e+02 2.999999999999999556e+00
2.111783044448242164e-01 7.977740329067373750e+02 2.999999999999999556e+00
2.151123430182164953e-01 9.078541554231431974e+02 2.999999999999999556e+00
2.191196687578147451e-01 1.032184332391511816e+03 2.999999999999999112e+00
2.232016469295232397e-01 1.172461628921053716e+03 2.999999999999999112e+00
2.273596682327715113e-01 1.330572869360401228e+03 2.999999999999999556e+00
2.315951492743152096e-01 1.508618388620223186e+03 2.999999999999999556e+00
2.359095330508633737e-01 1.708940345151326710e+03 3.000000000000000888e+00
2.403042894406967056e-01 1.934156812501380955e+03 2.999999999999999556e+00
2.447809157044440187e-01 2.187203199204549492e+03 3.000000000000000444e+00
2.493409369951877785e-01 2.471382968437894306e+03 3.000000000000000000e+00
2.539859068780723761e-01 2.790399800796421914e+03 2.999999999999999556e+00
2.587174078595921300e-01 3.148228544823865377e+03 3.000000000000000888e+00
2.635370519267393186e-01 3.549186940937316649e+03 3.000000000000000444e+00
2.684464810961962322e-01 3.998027850390173626e+03 2.999999999999999556e+00
2.734473679737579599e-01 4.499984664299713586e+03 3.000000000000000888e+00
2.785414163241766161e-01 5.060823992566536617e+03 3.000000000000000444e+00
2.837303616516211324e-01 5.686907695312496799e+03 3.000000000000000444e+00
2.890159717909508430e-01 6.385266723735267078e+03 3.000000000000000444e+00
2.944000475100033709e-01 7.163689892941859398e+03 3.000000000000000888e+00
2.998844231231027613e-01 8.030831527697006095e+03 3.000000000000000444e+00
3.054709671159968054e-01 8.996249420902240672e+03 3.000000000000000444e+00
3.111615827824359970e-01 1.007014502689797155e+04 3.000000000000000000e+00
3.169582088726115021e-01 1.126358494535485806e+04 2.999999999999999556e+00
3.228628202536730218e-01 1.258867828821461626e+04 3.000000000000000000e+00
3.288774285825510346e-01 1.405869184876479812e+04 3.000000000000000444e+00
3.350040829913132900e-01 1.568818766689745280e+04 3.000000000000000000e+00
3.412448707852889229e-01 1.749318894420756260e+04 2.999999999999999556e+00
3.476019181541977754e-01 1.949138176999068673e+04 2.999999999999999556e+00
3.540773908965269556e-01 2.170230832436611308e+04 2.999999999999999556e+00
3.606734951574028236e-01 2.414686778128378864e+04 3.000000000000000888e+00
3.673924781802074269e-01 2.684735712300069645e+04 3.000000000000000444e+00
3.742366290721980682e-01 2.982803182195159752e+04 3.000000000000000444e+00
3.812082795843887983e-01 3.311533200285919156e+04 3.000000000000000888e+00
3.883098049059605095e-01 3.673814304687747790e+04 3.000000000000000444e+00
3.955436244734701345e-01 4.072811210503758048e+04 3.000000000000000000e+00
4.029122027951347884e-01 4.512001309480335476e+04 3.000000000000000444e+00
4.104180502904709038e-01 4.995122038411363610e+04 2.999999999999999112e+00
4.180637241455757991e-01 5.526122314245689631e+04 2.999999999999999556e+00
4.258518291843414461e-01 6.109272992464231356e+04 3.000000000000000000e+00
4.337850187558989212e-01 6.749210649764521804e+04 3.000000000000000000e+00
4.418659956385941334e-01 7.450982190373653430e+04 2.999999999999999556e+00
4.500975129608046355e-01 8.220099426002867403e+04 3.000000000000000444e+00
4.584823751389096036e-01 9.062548691690387204e+04 2.999999999999999556e+00
4.670234388327330621e-01 9.984649074105687032e+04 2.999999999999999556e+00
4.757236139187884794e-01 1.099319465400453482e+05 2.999999999999999112e+00
4.845858644816490868e-01 1.209555908809028333e+05 3.000000000000000000e+00
4.936132098237911991e-01 1.329977278340323537e+05 2.999999999999999556e+00
5.028087254942474882e-01 1.461461436540056020e+05 3.000000000000000000e+00
5.121755443364236493e-01 1.604942781498785480e+05 2.999999999999999556e+00
5.217168575554343990e-01 1.761384149980166985e+05 3.000000000000000888e+00
5.314359158053235666e-01 1.931811625289319782e+05 3.000000000000000000e+00
5.413360302965375404e-01 2.117324676284501620e+05 3.000000000000000000e+00
5.514205739240296555e-01 2.319103939725966193e+05 3.000000000000000444e+00
5.616929824163804374e-01 2.538420835731923871e+05 2.999999999999999556e+00
5.721567555063246102e-01 2.776649489456758020e+05 3.000000000000000444e+00
5.828154581230839959e-01 3.035281534983690945e+05 3.000000000000000444e+00
5.936727216069119795e-01 3.315944501618348877e+05 2.999999999999999112e+00
6.047322449462643190e-01 3.620421788770620478e+05 3.000000000000000000e+00
6.159977960380161877e-01 3.950575239901083987e+05 2.999999999999999112e+00
6.274732129711574347e-01 4.308288921232257853e+05 2.999999999999999556e+00
6.391624053343999412e-01 4.695562216496228939e+05 2.999999999999999112e+00
6.510693555481454897e-01 5.114528487847718061e+05 3.000000000000000000e+00
6.631981202212668958e-01 5.567470566126798512e+05 3.000000000000000444e+00
6.755528315331639222e-01 6.056840077349237399e+05 3.000000000000000000e+00
6.881376986415662644e-01 6.585281545359246666e+05 2.999999999999999556e+00
7.009570091165617800e-01 7.155662383315057959e+05 3.000000000000000444e+00
7.140151304013395706e-01 7.771041246467800811e+05 3.000000000000000444e+00
7.273165113001454074e-01 8.434504401283231564e+05 3.000000000000000888e+00
7.408656834939559843e-01 9.149291606328854105e+05 3.000000000000000888e+00
7.546672630843886953e-01 9.918853822761173360e+05 3.000000000000000888e+00
7.687259521663728501e-01 1.074688118852338055e+06 3.000000000000000000e+00
7.830465404301183430e-01 1.163733810286102351e+06 3.000000000000000444e+00
7.976339067929273385e-01 1.259450706721461145e+06 3.000000000000000444e+00
8.124930210614047521e-01 1.362298918755733408e+06 3.000000000000000000e+00
8.276289456246344045e-01 1.472740993388856761e+06 3.000000000000000000e+00
8.430468371788967241e-01 1.591253948903128970e+06 3.000000000000000000e+00
8.587519484845170803e-01 1.718343825053682085e+06 2.999999999999999556e+00
8.747496301554414933e-01 1.854549746002755594e+06 3.000000000000000000e+00
8.910453324821513421e-01 2.000448998411285458e+06 2.999999999999999112e+00
9.076446072885356875e-01 2.156662549271553755e+06 2.999999999999999112e+00
9.245531098233570333e-01 2.323837025558291469e+06 2.999999999999999556e+00
9.417766006869519035e-01 2.502636886919895653e+06 2.999999999999999556e+00
9.593209477938241525e-01 2.693770302354575600e+06 3.000000000000000444e+00
9.771921283717996953e-01 2.897997920317581389e+06 3.000000000000000000e+00
9.953962309984233370e-01 3.116142231670662761e+06 3.000000000000000444e+00
1.013939457675291811e+00 3.349087643409301527e+06 3.000000000000000888e+00
1.032828125941028574e+00 3.597690641163343564e+06 3.000000000000001332e+00
1.052068671023622892e+00 3.862797817349022254e+06 3.000000000000000000e+00
1.071667648032863296e+00 4.145290683676760178e+06 3.000000000000000000e+00
1.091631734193614811e+00 4.446090167664419860e+06 3.000000000000000888e+00
1.111967731120699021e+00 4.766162065805132501e+06 3.000000000000000000e+00
1.132682567136153784e+00 5.106524155399212614e+06 3.000000000000000888e+00
1.153783299629660863e+00 5.468255334466073662e+06 3.000000000000000444e+00
1.175277117462945276e+00 5.852507221690936014e+06 3.000000000000000444e+00
1.197171343418965694e+00 6.260518721540153958e+06 3.000000000000000444e+00
1.219473436696737023e+00 6.693634146234462969e+06 3.000000000000000000e+00
1.242190995452616242e+00 7.153325589858795516e+06 3.000000000000000444e+00
1.265331759388941713e+00 7.641199181193665601e+06 3.000000000000000444e+00
1.288903612390891462e+00 8.158764820765868761e+06 3.000000000000000888e+00
1.312914585212463958e+00 8.707444555536797270e+06 3.000000000000000000e+00
1.337372858212495075e+00 9.288712205699132755e+06 3.000000000000000888e+00
1.362286764141645401e+00 9.904104307776376605e+06 3.000000000000000444e+00
1.387664790981307128e+00 1.055523105047734082e+07 2.999999999999999556e+00
1.413515584835394190e+00 1.124379038206135295e+07 3.000000000000000000e+00
1.439847952876006643e+00 1.197158593484910019e+07 2.999999999999999556e+00
1.466670866343967150e+00 1.274054951514936611e+07 3.000000000000000444e+00
1.493993463605256311e+00 1.355276902714397758e+07 3.000000000000000444e+00
1.521825053264385552e+00 1.441047956716707163e+07 3.000000000000000444e+00
1.550175117335768737e+00 1.531576293638396263e+07 3.000000000000000444e+00
1.579053314474174297e+00 1.627063807316979393e+07 3.000000000000000444e+00
1.608469483265355215e+00 1.727720713436800241e+07 3.000000000000000444e+00
1.638433645577983100e+00 1.833767465651644766e+07 3.000000000000000000e+00
1.668956009978023181e+00 1.945437094876246154e+07 3.000000000000000444e+00
1.700046975206716438e+00 2.062978152644183487e+07 3.000000000000000444e+00
1.731717133723352786e+00 2.186658369123054296e+07 3.000000000000000000e+00
1.763977275314043469e+00 2.316768222065074369e+07 3.000000000000000000e+00
1.796838390767719229e+00 2.453593965217494220e+07 3.000000000000000000e+00
1.830311675620611256e+00 2.597402466700099036e+07 2.999999999999999556e+00
1.864408533970485227e+00 2.748471797555588558e+07 3.000000000000000444e+00
1.899140582361933616e+00 2.907096449991149455e+07 3.000000000000000444e+00
1.934519653744044332e+00 3.073591396137124300e+07 3.000000000000000888e+00
1.970557801501798378e+00 3.248297096560456604e+07 3.000000000000000888e+00
2.007267303562568106e+00 3.431585457300202549e+07 3.000000000000000444e+00
2.044660666579115826e+00 3.623827778466872126e+07 3.000000000000000888e+00
2.082750630190514318e+00 3.825332941495354474e+07 3.000000000000000444e+00
2.121550171362450055e+00 4.036404822682194412e+07 3.000000000000000444e+00
2.161072508808376647e+00 4.257354651307661086e+07 3.000000000000000444e+00
2.201331107493030181e+00 4.488503706457666308e+07 3.000000000000000888e+00
2.242339683219845003e+00 4.730186828603600711e+07 3.000000000000000444e+00
2.284112207303823361e+00 4.982756889812188596e+07 3.000000000000000444e+00
2.326662911331458083e+00 5.246590385324340314e+07 3.000000000000000000e+00
2.370006292009327886e+00 5.522094330969814956e+07 3.000000000000000444e+00
2.414157116103017753e+00 5.809714676278352737e+07 3.000000000000000000e+00
2.459130425468043946e+00 6.109946473278108984e+07 3.000000000000000000e+00
2.504941542174502267e+00 6.423346019585975260e+07 2.999999999999999556e+00
2.551606073727183954e+00 6.750476668500915170e+07 3.000000000000000000e+00
2.599139918382932901e+00 7.091756501060563326e+07 2.999999999999999112e+00
2.647559270567066747e+00 7.447579355127540231e+07 3.000000000000000444e+00
2.696880626390692370e+00 7.818349538607642055e+07 3.000000000000000888e+00
2.747120789270811603e+00 8.204486603056484461e+07 3.000000000000000000e+00
2.798296875655115645e+00 8.606431396082058549e+07 3.000000000000000000e+00
2.850426320853434614e+00 9.024653598820741475e+07 3.000000000000000000e+00
2.903526884977813971e+00 9.459660980540530384e+07 3.000000000000000888e+00
2.957616658993253544e+00 9.912010632303781807e+07 3.000000000000000888e+00
3.012714070881164385e+00 1.038232188256884217e+08 3.000000000000000444e+00
3.068837891917642224e+00 1.087119663781129867e+08 3.000000000000000444e+00
3.126007243068700259e+00 1.137909232436464876e+08 3.000000000000000444e+00
3.184241601504649744e+00 1.190645910662081093e+08 3.000000000000000444e+00
3.243560807235807975e+00 1.245376820689569563e+08 3.000000000000000888e+00
3.303985069871854918e+00 1.302152099187480062e+08 3.000000000000000000e+00
3.365534975507090909e+00 1.361026010818680525e+08 3.000000000000000444e+00
3.428231493733967294e+00 1.422058296588824391e+08 3.000000000000000444e+00
3.492095984787267682e+00 1.485315790619619191e+08 3.000000000000000000e+00
3.557150206821382277e+00 1.550870236310496926e+08 2.999999999999999556e+00
3.623416323323146226e+00 1.618777921510155499e+08 2.999999999999999556e+00
3.690916910662774608e+00 1.689090379892414212e+08 2.999999999999999556e+00
3.759674965785463563e+00 1.761862954351278245e+08 3.000000000000000000e+00
3.829713914046277257e+00 1.837156212476053536e+08 3.000000000000000444e+00
3.901057617190989202e+00 1.915037634083926082e+08 3.000000000000000444e+00
3.973730381485604202e+00 1.995583620207938254e+08 3.000000000000000444e+00
4.047756965997318268e+00 2.078879151913835704e+08 3.000000000000000000e+00
4.123162591029748469e+00 2.164985647961312234e+08 3.000000000000000000e+00
4.199972946715301525e+00 2.253943443853320777e+08 2.999999999999999556e+00
4.278214201767612579e+00 2.345792622013038993e+08 3.000000000000000000e+00
4.357913012397025554e+00 2.440574405398711264e+08 3.000000000000000444e+00
4.439096531392166867e+00 2.538332354110510349e+08 2.999999999999999556e+00
4.521792417370697592e+00 2.639113831447080076e+08 2.999999999999999556e+00
4.606028844202397998e+00 2.742971775305374265e+08 3.000000000000000444e+00
4.691834510607794329e+00 2.849966814632741213e+08 2.999999999999999556e+00
4.779238649935595440e+00 2.960169775098590255e+08 2.999999999999999112e+00
4.868271040122278848e+00 3.073664623456155062e+08 3.000000000000000000e+00
4.958962013837211913e+00 3.190551906477142572e+08 2.999999999999999556e+00
5.051342468816761411e+00 3.310949546333917975e+08 3.000000000000000000e+00
5.145443878390924652e+00 3.434937964503451586e+08 3.000000000000000000e+00
5.241298302206056192e+00 3.562553325443626642e+08 3.000000000000000444e+00
5.338938397147350301e+00 3.693831031304724813e+08 3.000000000000000888e+00
5.438397428464796235e+00 3.828808745989902020e+08 3.000000000000000000e+00
5.539709281106400596e+00 3.967528158125798106e+08 3.000000000000000000e+00
5.642908471262536807e+00 4.110037098382241130e+08 3.000000000000000000e+00
5.748030158125351008e+00 4.256392054938547015e+08 2.999999999999999556e+00
5.855110155867238042e+00 4.406661135475779772e+08 2.999999999999999556e+00
5.964184945842459840e+00 4.560927529483255148e+08 3.000000000000000000e+00
6.075291689016070862e+00 4.719288230388409495e+08 3.000000000000000000e+00
6.188468238624382778e+00 4.881799186946523786e+08 3.000000000000000000e+00
6.303753153071275150e+00 5.048485316681642532e+08 2.999999999999999556e+00
6.421185709064758385e+00 5.219375048695517182e+08 3.000000000000000000e+00
6.540805914998252923e+00 5.394503296269069910e+08 3.000000000000000444e+00
6.662654524581149929e+00 5.573914319274952412e+08 3.000000000000000444e+00
6.786773050723295064e+00 5.757665078920251131e+08 3.000000000000000444e+00
6.913203779678127603e+00 5.945829141322463751e+08 3.000000000000000000e+00
7.041989785449288775e+00 6.138500525654273033e+08 3.000000000000000000e+00
7.173174944465612768e+00 6.335753929060536623e+08 3.000000000000000000e+00
7.306803950529499936e+00 6.537608366355921030e+08 3.000000000000000000e+00
7.442922330043757917e+00 6.744083127286444902e+08 2.999999999999999556e+00
7.581576457522110069e+00 6.955206491557472944e+08 3.000000000000000444e+00
7.722813571388642551e+00 7.171019246806019545e+08 3.000000000000000000e+00
7.866681790071582192e+00 7.391578774138361216e+08 2.999999999999999112e+00
8.013230128396878982e+00 7.616963747642693520e+08 3.000000000000000000e+00
8.162508514287219796e+00 7.847248783701601028e+08 3.000000000000000000e+00
8.314567805772055564e+00 8.082434268680707216e+08 2.999999999999999556e+00
8.469459808314576676e+00 8.322508567674798965e+08 3.000000000000000444e+00
8.627237292461440887e+00 8.567467067990202904e+08 2.999999999999999556e+00
8.787954011821311084e+00 8.817315693620818853e+08 3.000000000000000000e+00
8.951664721378293166e+00 9.072074987634617090e+08 3.000000000000000888e+00
9.118425196146562328e+00 9.331784821929115057e+08 3.000000000000000444e+00
9.288292250172489162e+00 9.596509799907402992e+08 3.000000000000000888e+00
9.461323755890759912e+00 9.866345425021338463e+08 3.000000000000000444e+00
9.637578663841079418e+00 1.014142511722322106e+09 3.000000000000000444e+00
9.817117022752183786e+00 1.042192817065360069e+09 3.000000000000000444e+00
1.000000000000000000e+01 1.070808875999999762e+09 3.000000000000000000e+00
