# Source: PRIMAT compilation, https://doi.org/10.1016/j.physrep.2018.04.005
1.000000000000000021e-03 1.000000000000000008e-35 1.000000000000000000e+02
1.018628990244687619e-03 1.075680627205294769e-35 1.000000000000000000e+02
1.037605019766911670e-03 1.159351289096457242e-35 1.000000000000000995e+02
1.056934553557988335e-03 1.252042712893415230e-35 1.000000000000000000e+02
1.076624177045493267e-03 1.354940880562475156e-35 1.000000000000000000e+02
1.096680598336868600e-03 1.469413601457107954e-35 1.000000000000000000e+02
1.117110650504824203e-03 1.597042159933129702e-35 1.000000000000000000e+02
1.137921293915315117e-03 1.739659105436410174e-35 1.000000000000000000e+02
1.159119618598885779e-03 1.899393497426561817e-35 1.000000000000000000e+02
1.180712846666190276e-03 2.078725223142336344e-35 1.000000000000000995e+02
1.202708334768511989e-03 2.280550388847955347e-35 1.000000000000000995e+02
1.225113576604118949e-03 2.508260265677815327e-35 1.000000000000000995e+02
1.247936205471311460e-03 2.765836876399074472e-35 1.000000000000000000e+02
1.271183996869028896e-03 3.057969074123694890e-35 1.000000000000001990e+02
1.294864871145904933e-03 3.390193933366357176e-35 1.000000000000000995e+02
1.318986896198670470e-03 3.769069506670698713e-35 1.000000000000001990e+02
1.343558290220826226e-03 4.202386573159872738e-35 1.000000000000000995e+02
1.368587424502519176e-03 4.699429019593558304e-35 1.000000000000000995e+02
1.394082826282578647e-03 5.271295082508649424e-35 1.000000000000000995e+02
1.420053181653683095e-03 5.931295017007206392e-35 1.000000000000000995e+02
1.446507338521647217e-03 6.695445076117844008e-35 1.000000000000000995e+02
1.473454309619835756e-03 7.583083293635027919e-35 1.000000000000000995e+02
1.500903275579736594e-03 8.617639876149661262e-35 1.000000000000000995e+02
1.528863588058731147e-03 9.827604580830362228e-35 1.000000000000000000e+02
1.557344772926135207e-03 1.124774603081837021e-34 1.000000000000000995e+02
1.586356533508589657e-03 1.292065450911137020e-34 1.000000000000000995e+02
1.615908753895919101e-03 1.489870174498518488e-34 1.000000000000000995e+02
1.646011502308549748e-03 1.724654043305733999e-34 1.000000000000000995e+02
1.676675034527699143e-03 2.004430526326082531e-34 1.000000000000000995e+02
1.707909797389426916e-03 2.339172961052679933e-34 1.000000000000001990e+02
1.739726432343800767e-03 2.741346259984110796e-34 1.000000000000000000e+02
1.772135779080358372e-03 3.226596677684674306e-34 1.000000000000000995e+02
1.805148879221108154e-03 3.814650649087798691e-34 1.000000000000000995e+02
1.838776980082326793e-03 4.530491452718172465e-34 1.000000000000000000e+02
1.873031538506436536e-03 5.405906807935892111e-34 1.000000000000001990e+02
1.907924224765265072e-03 6.481534110697377514e-34 1.000000000000000995e+02
1.943466926536020246e-03 7.809576583812234429e-34 1.000000000000000995e+02
1.979671752951332481e-03 9.457428504958170847e-34 1.000000000000000995e+02
2.016551038724746607e-03 1.151253854995341165e-33 1.000000000000000000e+02
2.054117348353064112e-03 1.408896822924583341e-33 1.000000000000001990e+02
2.092383480396977150e-03 1.733628348982306901e-33 1.000000000000000995e+02
2.131362471841437810e-03 2.145167529142060964e-33 1.000000000000000995e+02
2.171067602537264923e-03 2.669657383120894227e-33 1.000000000000000995e+02
2.211512399725488933e-03 3.341955200651526380e-33 1.000000000000000000e+02
2.252710642645980484e-03 4.208808229585531470e-33 1.000000000000000000e+02
2.294676367231936100e-03 5.333283048058818613e-33 1.000000000000000995e+02
2.337423870891814758e-03 6.800980930982055112e-33 1.000000000000000995e+02
2.380967717380358135e-03 8.728813205235542434e-33 1.000000000000000000e+02
2.425322741760352948e-03 1.127746904623636941e-32 1.000000000000000000e+02
2.470504055456825433e-03 1.466924319925330376e-32 1.000000000000000000e+02
2.516527051405391836e-03 1.921369485056279571e-32 1.000000000000000995e+02
2.563407409296514835e-03 2.534482422040074643e-32 1.000000000000000000e+02
2.611161100917459583e-03 3.367530347656727517e-32 1.000000000000000000e+02
2.659804395593758260e-03 4.507613386083731890e-32 1.000000000000000995e+02
2.709353865732051433e-03 6.079447622044035686e-32 1.000000000000000000e+02
2.759826392466180594e-03 8.262920129389066443e-32 1.000000000000000995e+02
2.811239171408464344e-03 1.131943472024820593e-31 1.000000000000000000e+02
2.863609718508115885e-03 1.563174460669322048e-31 1.000000000000000000e+02
2.916955876018795853e-03 2.176463187757267753e-31 9.999999999999994316e+01
2.971295818577334054e-03 3.055805503170432810e-31 1.000000000000000000e+02
3.026648059395692196e-03 4.327164943771396304e-31 1.000000000000000995e+02
3.083031456568277075e-03 6.182453163764501186e-31 1.000000000000000000e+02
3.140465219496752208e-03 8.918627406837843292e-31 9.999999999999994316e+01
3.198968915434537586e-03 1.300006593477759500e-30 9.999999999999994316e+01
3.258562476153226226e-03 1.916290129910424159e-30 1.000000000000000000e+02
3.319266204733189573e-03 2.859118861485694586e-30 1.000000000000000995e+02
3.381100782480685445e-03 4.321920753420390424e-30 1.000000000000000000e+02
3.444087275973823411e-03 6.625932301112846796e-30 9.999999999999994316e+01
3.508247144239792347e-03 1.031408484197528336e-29 1.000000000000000000e+02
3.573602246065788347e-03 1.632128275974422887e-29 9.999999999999994316e+01
3.640174847446141400e-03 2.628967994961493248e-29 9.999999999999994316e+01
3.707987629168172684e-03 4.316535314709246447e-29 1.000000000000000000e+02
3.777063694539364597e-03 7.235406560636496755e-29 1.000000000000000000e+02
3.847426577258505898e-03 1.240158540673895743e-28 9.999999999999994316e+01
3.919100249433401899e-03 2.177413363355201727e-28 1.000000000000000995e+02
3.992109129748053209e-03 3.923505037591387641e-28 1.000000000000000995e+02
4.066478091781853925e-03 7.266288684552990473e-28 1.000000000000000000e+02
4.142232472483897525e-03 1.380800000426901769e-27 1.000000000000000000e+02
4.219398080805024202e-03 2.684052476993479330e-27 1.000000000000000995e+02
4.298001206490798497e-03 5.318276736930082891e-27 1.000000000000000995e+02
4.378068629038166758e-03 1.069913350999994544e-26 1.000000000000000995e+02
4.459627626819095622e-03 2.175636034802615459e-26 1.000000000000000995e+02
4.542705986374042521e-03 4.449516902954022880e-26 1.000000000000000995e+02
4.627332011878692967e-03 9.101347916600146815e-26 1.000000000000000995e+02
4.713534534786906725e-03 1.850420665460698274e-25 1.000000000000000995e+02
4.801342923653449841e-03 3.713812742285355082e-25 1.000000000000000000e+02
4.890787094139589959e-03 7.302167591414695688e-25 1.000000000000000000e+02
4.981897519205159656e-03 1.394838089237518565e-24 1.000000000000000000e+02
5.074705239490466188e-03 2.567579651139073105e-24 1.000000000000000000e+02
5.169241873891598608e-03 4.553284404018224992e-24 1.000000000000000000e+02
5.265539630332755246e-03 7.808299874180329437e-24 1.000000000000000000e+02
5.363631316739239652e-03 1.300514818316876231e-23 1.000000000000000995e+02
5.463550352214875498e-03 2.114359712784197036e-23 1.000000000000000995e+02
5.565330778427646403e-03 3.374660299780284615e-23 1.000000000000000000e+02
5.669007271207434327e-03 5.322093610919748006e-23 1.000000000000000000e+02
5.774615152359819509e-03 8.354259433423486758e-23 1.000000000000000000e+02
5.882190401699956099e-03 1.316029054128690480e-22 1.000000000000000000e+02
5.991769669310619169e-03 2.099581382195197585e-22 1.000000000000000000e+02
6.103390288028621123e-03 3.421428619499839919e-22 1.000000000000000995e+02
6.217090286163826779e-03 5.699385148669120628e-22 1.000000000000000000e+02
6.332908400455114321e-03 9.685790599460393337e-22 1.000000000000000000e+02
6.450884089267692675e-03 1.675494661329627575e-21 1.000000000000000000e+02
6.571057546036270826e-03 2.942589494774799186e-21 1.000000000000000000e+02
6.693469712958660493e-03 5.231483492314418617e-21 1.000000000000000000e+02
6.818162294944479437e-03 9.384228170912962417e-21 1.000000000000000995e+02
6.945177773823696388e-03 1.692185456735154585e-20 1.000000000000000000e+02
7.074559422819878297e-03 3.055282878472773042e-20 1.000000000000000995e+02
7.206351321293052656e-03 5.513802790358397673e-20 1.000000000000000000e+02
7.340598369757212090e-03 9.949302914763821400e-20 1.000000000000000000e+02
7.477346305177588227e-03 1.795885086244207676e-19 1.000000000000000000e+02
7.616641716552892058e-03 3.244480388556059567e-19 9.999999999999990052e+01
7.758532060787835978e-03 5.870365367426639614e-19 1.000000000000000995e+02
7.903065678861348128e-03 1.064512414648378979e-18 1.000000000000000000e+02
8.050291812295981564e-03 1.936236020967049931e-18 1.000000000000000995e+02
8.200260619934130954e-03 3.536338388164419648e-18 9.999999999999994316e+01
8.353023195026778799e-03 6.494707850393787867e-18 1.000000000000000995e+02
8.508631582640582489e-03 1.201379906383413341e-17 1.000000000000000995e+02
8.667138797389234081e-03 2.242340054356569492e-17 1.000000000000000995e+02
8.828598841495149604e-03 4.231512623413812011e-17 1.000000000000000000e+02
8.993066723187623582e-03 8.091513174636456196e-17 1.000000000000000000e+02
9.160598475443709407e-03 1.568761405196169856e-16 1.000000000000000000e+02
9.331251175078249249e-03 3.058766045554863190e-16 1.000000000000000000e+02
9.505082962189511861e-03 5.928546538263283173e-16 1.000000000000000000e+02
9.682153059967075343e-03 1.127570070110461319e-15 9.999999999999994316e+01
9.862521794868784469e-03 2.074429317530446275e-15 9.999999999999994316e+01
1.004625061717340749e-02 3.633729176997474040e-15 9.999999999999994316e+01
1.023340212191641702e-02 6.014897256560299501e-15 9.999999999999994316e+01
1.042404007021556327e-02 9.517940774723006539e-15 9.999999999999990052e+01
1.061822941099384125e-02 1.462177644883151612e-14 9.999999999999994316e+01
1.081603630310709954e-02 2.218944924490459065e-14 9.999999999999984368e+01
1.101752813788386791e-02 3.391875900249799269e-14 1.000000000000000995e+02
1.122277356208507652e-02 5.305415367180595210e-14 1.000000000000000000e+02
1.143184250129149725e-02 8.478323955654000241e-14 9.999999999999994316e+01
1.164480618372686072e-02 1.376535725082108394e-13 9.999999999999990052e+01
1.186173716452478509e-02 2.256444080774295628e-13 1.000000000000000000e+02
1.208270935044776506e-02 3.708535144594809992e-13 9.999999999999990052e+01
1.230779802506665188e-02 6.087645530945854878e-13 1.000000000000000000e+02
1.253707987440920262e-02 9.994190932707791709e-13 9.999999999999994316e+01
1.277063301308643990e-02 1.644154850157375948e-12 1.000000000000000000e+02
1.300853701090571267e-02 2.716339821808096632e-12 9.999999999999994316e+01
1.325087291997953214e-02 4.515093074270131509e-12 1.000000000000000000e+02
1.349772330233941706e-02 7.548997148979138172e-12 1.000000000000000000e+02
1.374917225806419029e-02 1.268555014733951118e-11 9.999999999999994316e+01
1.400530545393219653e-02 2.140644367318755026e-11 1.000000000000000000e+02
1.426621015260736910e-02 3.624552447913166355e-11 1.000000000000000000e+02
1.453197524236895383e-02 6.157287508552321086e-11 9.999999999999994316e+01
1.480269126739508674e-02 1.049487039065269348e-10 1.000000000000000000e+02
1.507845045861051086e-02 1.794943864177320552e-10 9.999999999999994316e+01
1.535934676510897039e-02 3.080360512898920939e-10 1.000000000000000995e+02
1.564547588616095955e-02 5.303110911486325090e-10 1.000000000000000995e+02
1.593693530381774456e-02 9.156356134790277099e-10 1.000000000000000000e+02
1.623382431612278159e-02 1.585093993118870792e-09 1.000000000000000000e+02
1.653624407094180307e-02 2.750520020338685603e-09 1.000000000000000000e+02
1.684429760042315330e-02 4.782889901625197507e-09 9.999999999999994316e+01
1.715808985610004986e-02 8.332263380351505120e-09 1.000000000000000995e+02
1.747772774464680795e-02 1.453805844216150630e-08 1.000000000000000000e+02
1.780332016430113962e-02 2.539724564473716800e-08 1.000000000000000000e+02
1.813497804196495186e-02 4.440805492229169262e-08 1.000000000000000000e+02
1.847281437099634188e-02 7.769522553928999977e-08 1.000000000000000000e+02
1.881694424970555696e-02 1.359741843965102604e-07 1.000000000000000000e+02
1.916748492056815148e-02 2.379663740941535172e-07 1.000000000000000000e+02
1.952455581016860828e-02 4.163258303697947165e-07 1.000000000000000000e+02
1.988827856988809734e-02 7.278894650205919598e-07 1.000000000000000995e+02
2.025877711735016989e-02 1.271325587986690438e-06 1.000000000000000995e+02
2.063617767863858837e-02 2.217154206210418477e-06 1.000000000000000000e+02
2.102060883130158278e-02 3.858586623346772816e-06 1.000000000000000000e+02
2.141220154815729262e-02 6.697031201906552679e-06 1.000000000000000000e+02
2.181108924191518805e-02 1.158427925847935217e-05 1.000000000000000995e+02
2.221740781062883641e-02 1.995633277240970531e-05 1.000000000000000000e+02
2.263129568399528321e-02 3.421293552380894363e-05 1.000000000000000000e+02
2.305289387051707301e-02 5.832437319704333612e-05 1.000000000000000000e+02
2.348234600554275145e-02 9.878488263350306399e-05 1.000000000000000000e+02
2.391979840020238418e-02 1.660807031190605150e-04 1.000000000000000000e+02
2.436540009125464853e-02 2.768978522975895618e-04 9.999999999999990052e+01
2.481930289186254010e-02 4.573510623308586201e-04 1.000000000000000000e+02
2.528166144331499277e-02 7.475752880954914708e-04 1.000000000000000000e+02
2.575263326771199887e-02 1.208561603328206979e-03 9.999999999999994316e+01
2.623237882163122203e-02 1.931913852226043371e-03 1.000000000000000000e+02
2.672106155079433804e-02 3.053008788573160614e-03 9.999999999999994316e+01
2.721884794575178332e-02 4.768961895457964235e-03 9.999999999999990052e+01
2.772590759860482645e-02 7.362569696228143945e-03 9.999999999999990052e+01
2.824241326078434297e-02 1.123366475535928291e-02 9.999999999999994316e+01
2.876854090190592711e-02 1.693954068298789833e-02 9.999999999999990052e+01
2.930446976972142861e-02 2.524638807290332729e-02 9.999999999999984368e+01
2.985038245118730796e-02 3.719411549409766538e-02 9.999999999999994316e+01
3.040646493467067182e-02 5.416721735945969479e-02 9.999999999999994316e+01
3.097290667331408301e-02 7.784313986248470041e-02 9.999999999999990052e+01
3.154990064958086704e-02 1.100650095074812568e-01 9.999999999999994316e+01
3.213764344100276948e-02 1.526254110023131938e-01 9.999999999999994316e+01
3.273633528715245988e-02 2.068389681326116003e-01 9.999999999999994316e+01
3.334618015786364187e-02 2.729053261817562248e-01 9.999999999999994316e+01
3.396738582272208068e-02 3.491157148847219283e-01 1.000000000000000000e+02
3.460016392185108480e-02 4.310776064046230038e-01 1.000000000000000000e+02
3.524473003801584237e-02 5.112787593816923160e-01 1.000000000000000000e+02
3.590130377007068330e-02 5.794140108483315510e-01 1.000000000000000000e+02
3.657010880777489259e-02 6.238424884120066238e-01 9.999999999999994316e+01
3.725137300800209633e-02 6.342222658576718297e-01 1.000000000000000000e+02
3.794532847236938011e-02 6.047847097238066016e-01 1.000000000000000000e+02
3.865221162631261864e-02 5.370773315458982067e-01 9.999999999999994316e+01
3.937226329963479377e-02 4.407472545078046089e-01 1.000000000000000000e+02
4.010572880855495931e-02 3.314689140494677111e-01 1.000000000000000000e+02
4.085285803928561527e-02 2.274869094290832283e-01 1.000000000000000995e+02
4.161390553316707264e-02 1.436696966109781148e-01 9.999999999999994316e+01
4.238913057338778573e-02 8.448652862069148950e-02 1.000000000000000000e+02
4.317879727332021161e-02 4.688730378091793966e-02 1.000000000000000000e+02
4.398317466650223523e-02 2.493293934491169761e-02 1.000000000000000000e+02
4.480253679829489938e-02 1.292359933621232450e-02 1.000000000000000000e+02
4.563716281924758839e-02 6.656270194525148315e-03 9.999999999999994316e+01
4.648733708020256344e-02 3.480474011732940468e-03 1.000000000000000000e+02
4.735334922917116413e-02 1.892268681731479546e-03 1.000000000000000995e+02
4.823549431001467047e-02 1.098445146422402608e-03 1.000000000000000000e+02
4.913407286296361809e-02 7.010759191184955108e-04 1.000000000000000000e+02
5.004939102700953213e-02 5.081622681741049296e-04 1.000000000000000000e+02
5.098176064420424647e-02 4.293247224002448461e-04 1.000000000000000000e+02
5.193149936590212012e-02 4.205324126688106813e-04 1.000000000000000995e+02
5.289893076098151070e-02 4.709666171163439372e-04 1.000000000000000995e+02
5.388438442608223938e-02 5.934255698374713353e-04 1.000000000000000000e+02
5.488819609789671872e-02 8.258813701490038848e-04 1.000000000000000000e+02
5.591070776755290017e-02 1.243168201252467389e-03 1.000000000000000000e+02
5.695226779712821846e-02 1.976480363663227213e-03 1.000000000000000000e+02
5.801323103833375128e-02 3.231477076861693620e-03 1.000000000000000995e+02
5.909395895340967958e-02 5.272934120874276688e-03 1.000000000000000000e+02
6.019481973827271043e-02 8.305185008096214322e-03 9.999999999999990052e+01
6.131618844795772016e-02 1.231409250219656776e-02 9.999999999999994316e+01
6.245844712439614643e-02 1.721958901447509516e-02 1.000000000000000000e+02
6.362198492657485105e-02 2.286427933417599714e-02 9.999999999999994316e+01
6.480719826311967524e-02 2.905315481210567902e-02 9.999999999999994316e+01
6.601449092734885948e-02 3.564458988891992114e-02 9.999999999999990052e+01
6.724427423484245769e-02 4.265192652892154518e-02 1.000000000000000000e+02
6.849696716357443760e-02 5.034633369612778048e-02 1.000000000000000000e+02
6.977299649665534564e-02 5.937800053618794149e-02 1.000000000000000000e+02
7.107279696773415034e-02 7.085332919707387767e-02 9.999999999999994316e+01
7.239681140910873836e-02 8.569696760860638640e-02 9.999999999999994316e+01
7.374549090259549522e-02 1.047214517049732535e-01 1.000000000000000000e+02
7.511929493320965157e-02 1.288185854443351375e-01 1.000000000000000000e+02
7.651869154570821452e-02 1.588573838225313117e-01 1.000000000000000000e+02
7.794415750404946885e-02 1.954905187375878817e-01 1.000000000000000000e+02
7.939617845382279659e-02 2.388417294619762654e-01 1.000000000000000000e+02
8.087524908770453436e-02 2.881116969497988789e-01 1.000000000000000995e+02
8.238187331399605962e-02 3.419052672176817187e-01 9.999999999999994316e+01
8.391656442830157381e-02 3.983839696735203550e-01 1.000000000000000995e+02
8.547984528840409102e-02 4.548480940464192934e-01 1.000000000000000000e+02
8.707224849239916797e-02 5.077509589972036830e-01 1.000000000000000000e+02
8.869431656014709064e-02 5.528866701186890831e-01 1.000000000000000000e+02
9.034660211810524588e-02 5.857836932798404783e-01 1.000000000000000995e+02
9.202966808760409956e-02 6.045901606051607979e-01 9.999999999999994316e+01
9.374408787662991127e-02 6.139947860652700262e-01 1.000000000000000000e+02
9.549044557518077125e-02 6.212280427281222650e-01 9.999999999999994316e+01
9.726933615426168467e-02 6.349836106353501375e-01 1.000000000000000000e+02
9.908136566858666283e-02 6.659349232929882012e-01 1.000000000000000000e+02
1.009271514630570854e-01 7.285713000345135359e-01 9.999999999999994316e+01
1.028073223830864719e-01 8.348670866834492221e-01 1.000000000000000995e+02
1.047225189888434382e-01 9.915147820423455549e-01 1.000000000000000995e+02
1.066733937734857113e-01 1.205224581945412154e+00 1.000000000000000000e+02
1.086606113854596822e-01 1.478424222558226031e+00 1.000000000000000000e+02
1.106848488549412035e-01 1.801761321837952901e+00 1.000000000000000000e+02
1.127467958244946084e-01 2.161455346901692387e+00 1.000000000000000000e+02
1.148471547840289042e-01 2.559285116083708900e+00 9.999999999999994316e+01
1.169866413101306873e-01 3.003601998946026086e+00 1.000000000000000000e+02
1.191659843098558796e-01 3.510568824010317002e+00 9.999999999999990052e+01
1.213859262690627772e-01 4.106843161510913554e+00 9.999999999999994316e+01
1.236472235053715091e-01 4.815956704754775330e+00 9.999999999999990052e+01
1.259506464258357550e-01 5.653082996425204954e+00 9.999999999999984368e+01
1.282969797894147612e-01 6.631305621385505944e+00 1.000000000000000000e+02
1.306870229743346268e-01 7.759406392206357417e+00 9.999999999999990052e+01
1.331215902504307713e-01 9.042933982247422620e+00 1.000000000000000000e+02
1.356015110565633452e-01 1.048822502226980902e+01 9.999999999999990052e+01
1.381276302832009362e-01 1.209703728585294691e+01 9.999999999999994316e+01
1.407008085602685088e-01 1.386413984825222379e+01 9.999999999999990052e+01
1.433219225503573890e-01 1.579783195261044426e+01 9.999999999999984368e+01
1.459918652473978506e-01 1.795870402934727039e+01 9.999999999999990052e+01
1.487115462808953625e-01 2.045118273600841974e+01 1.000000000000000000e+02
1.514818922258345801e-01 2.343391691539384780e+01 9.999999999999990052e+01
1.543038469183564687e-01 2.704290397254758460e+01 9.999999999999994316e+01
1.571783717773162781e-01 3.134311264577268474e+01 1.000000000000000000e+02
1.601064461318317811e-01 3.636650276374848545e+01 1.000000000000000000e+02
1.630890675549332702e-01 4.211866457538643971e+01 9.999999999999994316e+01
1.661272522034293042e-01 4.866689234802410624e+01 1.000000000000000000e+02
1.692220351641037235e-01 5.610491014941505483e+01 1.000000000000000000e+02
1.723744708063619790e-01 6.453683278889772623e+01 1.000000000000000000e+02
1.755856331414468730e-01 7.407900602718663663e+01 1.000000000000000000e+02
1.788566161883461958e-01 8.486242560152244607e+01 1.000000000000000000e+02
1.821885343465165230e-01 9.703593831150574545e+01 1.000000000000000000e+02
1.855825227755517060e-01 1.107707188600055446e+02 1.000000000000000000e+02
1.890397377819219571e-01 1.262658891906090162e+02 1.000000000000000995e+02
1.925613572129196704e-01 1.437556977930909454e+02 1.000000000000000995e+02
1.961485808579429280e-01 1.635190770013896895e+02 1.000000000000000000e+02
1.998026308572548593e-01 1.858921730726886210e+02 1.000000000000000995e+02
2.035247521183575770e-01 2.112703517054470979e+02 1.000000000000000000e+02
2.073162127401229071e-01 2.400552529827779438e+02 1.000000000000000000e+02
2.111783044448242164e-01 2.726779795456298530e+02 1.000000000000000000e+02
2.151123430182164953e-01 3.096174574270133348e+02 9.999999999999994316e+01
2.191196687578147451e-01 3.514042677848628955e+02 9.999999999999994316e+01
2.232016469295232397e-01 3.986244738956445417e+02 1.000000000000000000e+02
2.273596682327715113e-01 4.519233699952886809e+02 1.000000000000000000e+02
2.315951492743152096e-01 5.120090614965811255e+02 1.000000000000000995e+02
2.359095330508633737e-01 5.796557707736324119e+02 1.000000000000000995e+02
2.403042894406967056e-01 6.557067473944704261e+02 9.999999999999994316e+01
2.447809157044440187e-01 7.410766471191900564e+02 1.000000000000000000e+02
2.493409369951877785e-01 8.367532310694672333e+02 1.000000000000000000e+02
2.539859068780723761e-01 9.438052340919745120e+02 9.999999999999990052e+01
2.587174078595921300e-01 1.063429781497380873e+03 1.000000000000000995e+02
2.635370519267393186e-01 1.196956263931034528e+03 9.999999999999994316e+01
2.684464810961962322e-01 1.345849236587870564e+03 9.999999999999990052e+01
2.734473679737579599e-01 1.511726898799556238e+03 1.000000000000000995e+02
2.785414163241766161e-01 1.696383943369658482e+03 1.000000000000000000e+02
2.837303616516211324e-01 1.901819938195195846e+03 1.000000000000000000e+02
2.890159717909508430e-01 2.130274738873671595e+03 1.000000000000000000e+02
2.944000475100033709e-01 2.384272821033760465e+03 1.000000000000000000e+02
2.998844231231027613e-01 2.666678919331483030e+03 9.999999999999994316e+01
3.054709671159968054e-01 2.980684834478142420e+03 9.999999999999994316e+01
3.111615827824359970e-01 3.329524494468930243e+03 9.999999999999994316e+01
3.169582088726115021e-01 3.716608755579396984e+03 9.999999999999994316e+01
3.228628202536730218e-01 4.145606621563497356e+03 9.999999999999994316e+01
3.288774285825510346e-01 4.620454541810377123e+03 1.000000000000000000e+02
3.350040829913132900e-01 5.145365174183506497e+03 9.999999999999994316e+01
3.412448707852889229e-01 5.724835749240503901e+03 1.000000000000000000e+02
3.476019181541977754e-01 6.363656288645227505e+03 1.000000000000000000e+02
3.540773908965269556e-01 7.066938295334469331e+03 9.999999999999994316e+01
3.606734951574028236e-01 7.840425307063118453e+03 1.000000000000000995e+02
3.673924781802074269e-01 8.690623775660949832e+03 1.000000000000000995e+02
3.742366290721980682e-01 9.624772038115406758e+03 1.000000000000000995e+02
3.812082795843887983e-01 1.065097822522730894e+04 1.000000000000000995e+02
3.883098049059605095e-01 1.177839824728995882e+04 1.000000000000000995e+02
3.955436244734701345e-01 1.301745935542268489e+04 1.000000000000000995e+02
4.029122027951347884e-01 1.438010418670262152e+04 1.000000000000000995e+02
4.104180502904709038e-01 1.587847155155237124e+04 9.999999999999994316e+01
4.180637241455757991e-01 1.752357369364370606e+04 1.000000000000000000e+02
4.258518291843414461e-01 1.932651481782992414e+04 1.000000000000000995e+02
4.337850187558989212e-01 2.129843856486684672e+04 1.000000000000000000e+02
4.418659956385941334e-01 2.345030928055514232e+04 1.000000000000000000e+02
4.500975129608046355e-01 2.579263954752453719e+04 1.000000000000000995e+02
4.584823751389096036e-01 2.833628735302244968e+04 1.000000000000000000e+02
4.670234388327330621e-01 3.109642914790879877e+04 9.999999999999994316e+01
4.757236139187884794e-01 3.409117359069664963e+04 9.999999999999994316e+01
4.845858644816490868e-01 3.734127145667013974e+04 1.000000000000000000e+02
4.936132098237911991e-01 4.087078797277151170e+04 1.000000000000000000e+02
5.028087254942474882e-01 4.470789800810233282e+04 1.000000000000000000e+02
5.121755443364236493e-01 4.888187094482964312e+04 1.000000000000000000e+02
5.217168575554343990e-01 5.341872487189933599e+04 1.000000000000000000e+02
5.314359158053235666e-01 5.834533958000728308e+04 1.000000000000000000e+02
5.413360302965375404e-01 6.369000656971590797e+04 1.000000000000000000e+02
5.514205739240296555e-01 6.948246197377941280e+04 9.999999999999994316e+01
5.616929824163804374e-01 7.575392635124828666e+04 9.999999999999994316e+01
5.721567555063246102e-01 8.253715555301232962e+04 1.000000000000000000e+02
5.828154581230839959e-01 8.986650800859779702e+04 1.000000000000000000e+02
5.936727216069119795e-01 9.777803513017320074e+04 9.999999999999994316e+01
6.047322449462643190e-01 1.063096036741966527e+05 1.000000000000000000e+02
6.159977960380161877e-01 1.155010803486390651e+05 9.999999999999990052e+01
6.274732129711574347e-01 1.253945665654395852e+05 9.999999999999994316e+01
6.391624053343999412e-01 1.360346726123250846e+05 9.999999999999994316e+01
6.510693555481454897e-01 1.474688945635476848e+05 1.000000000000000000e+02
6.631981202212668958e-01 1.597481004261061898e+05 9.999999999999994316e+01
6.755528315331639222e-01 1.729271491990720097e+05 9.999999999999994316e+01
6.881376986415662644e-01 1.870656725081943441e+05 9.999999999999990052e+01
7.009570091165617800e-01 2.022290532429472660e+05 1.000000000000000995e+02
7.140151304013395706e-01 2.184865192877795780e+05 1.000000000000000000e+02
7.273165113001454074e-01 2.359032691506127303e+05 1.000000000000000995e+02
7.408656834939559843e-01 2.545457501508860732e+05 1.000000000000000995e+02
7.546672630843886953e-01 2.744836264323450159e+05 1.000000000000001990e+02
7.687259521663728501e-01 2.957902350042328471e+05 1.000000000000000995e+02
7.830465404301183430e-01 3.185431824732621899e+05 1.000000000000000995e+02
7.976339067929273385e-01 3.428251147241613362e+05 1.000000000000000995e+02
8.124930210614047521e-01 3.687236183640890522e+05 1.000000000000000995e+02
8.276289456246344045e-01 3.963253060991090606e+05 9.999999999999994316e+01
8.430468371788967241e-01 4.257183286253849510e+05 1.000000000000000000e+02
8.587519484845170803e-01 4.569953536615939229e+05 9.999999999999994316e+01
8.747496301554414933e-01 4.902544658693088568e+05 1.000000000000000000e+02
8.910453324821513421e-01 5.256003145465947455e+05 9.999999999999994316e+01
9.076446072885356875e-01 5.631452849388720933e+05 9.999999999999990052e+01
9.245531098233570333e-01 6.030026864280169830e+05 9.999999999999990052e+01
9.417766006869519035e-01 6.452834542930169264e+05 9.999999999999994316e+01
9.593209477938241525e-01 6.901039342021491611e+05 1.000000000000000000e+02
9.771921283717996953e-01 7.375876274631757988e+05 1.000000000000000000e+02
9.953962309984233370e-01 7.878668699270557845e+05 9.999999999999994316e+01
1.013939457675291811e+00 8.410823878526706249e+05 1.000000000000000995e+02
1.032828125941028574e+00 8.973631164892415982e+05 1.000000000000000000e+02
1.052068671023622892e+00 9.568304012813048903e+05 1.000000000000000000e+02
1.071667648032863296e+00 1.019607887276848895e+06 1.000000000000000000e+02
1.091631734193614811e+00 1.085822374986727023e+06 1.000000000000000995e+02
1.111967731120699021e+00 1.155604894661289407e+06 1.000000000000000000e+02
1.132682567136153784e+00 1.229092146905770758e+06 1.000000000000000995e+02
1.153783299629660863e+00 1.306428379990446847e+06 1.000000000000000995e+02
1.175277117462945276e+00 1.387767783970904537e+06 1.000000000000000995e+02
1.197171343418965694e+00 1.473277493091393728e+06 1.000000000000000995e+02
1.219473436696737023e+00 1.563141301403730875e+06 1.000000000000000000e+02
1.242190995452616242e+00 1.657564212779118447e+06 1.000000000000000000e+02
1.265331759388941713e+00 1.756773748212483013e+06 1.000000000000000995e+02
1.288903612390891462e+00 1.860974698386364616e+06 1.000000000000000995e+02
1.312914585212463958e+00 1.970353032850414747e+06 1.000000000000000995e+02
1.337372858212495075e+00 2.085105509907465894e+06 1.000000000000000000e+02
1.362286764141645401e+00 2.205443474966341164e+06 1.000000000000000995e+02
1.387664790981307128e+00 2.331596904686164111e+06 9.999999999999994316e+01
1.413515584835394190e+00 2.463819351930342615e+06 1.000000000000000000e+02
1.439847952876006643e+00 2.602393940671989229e+06 1.000000000000000000e+02
1.466670866343967150e+00 2.747640584464887623e+06 1.000000000000000000e+02
1.493993463605256311e+00 2.899924632422487717e+06 1.000000000000000000e+02
1.521825053264385552e+00 3.059639269028897397e+06 1.000000000000000995e+02
1.550175117335768737e+00 3.226999602535882499e+06 1.000000000000000995e+02
1.579053314474174297e+00 3.402091518499946222e+06 1.000000000000000995e+02
1.608469483265355215e+00 3.584949992497707717e+06 1.000000000000000995e+02
1.638433645577983100e+00 3.775550615369013976e+06 1.000000000000000995e+02
1.668956009978023181e+00 3.973799754112259019e+06 1.000000000000000000e+02
1.700046975206716438e+00 4.179523927721444983e+06 1.000000000000000995e+02
1.731717133723352786e+00 4.392458453987102024e+06 1.000000000000000000e+02
1.763977275314043469e+00 4.612244295918270014e+06 9.999999999999994316e+01
1.796838390767719229e+00 4.838720277967407368e+06 1.000000000000000000e+02
1.830311675620611256e+00 5.072097566244374029e+06 9.999999999999994316e+01
1.864408533970485227e+00 5.312710366348285228e+06 1.000000000000000000e+02
1.899140582361933616e+00 5.561022578376155347e+06 1.000000000000000000e+02
1.934519653744044332e+00 5.817657228074700572e+06 1.000000000000000000e+02
1.970557801501798378e+00 6.083430529557730071e+06 1.000000000000000995e+02
2.007267303562568106e+00 6.359389977407384664e+06 1.000000000000000000e+02
2.044660666579115826e+00 6.646501957720405422e+06 1.000000000000000000e+02
2.082750630190514318e+00 6.945087702641448006e+06 1.000000000000000000e+02
2.121550171362450055e+00 7.255350795150954276e+06 1.000000000000000995e+02
2.161072508808376647e+00 7.577470373670717701e+06 1.000000000000000000e+02
2.201331107493030181e+00 7.911598254836133681e+06 9.999999999999994316e+01
2.242339683219845003e+00 8.257856063243263401e+06 1.000000000000000000e+02
2.284112207303823361e+00 8.616332415527321398e+06 1.000000000000000000e+02
2.326662911331458083e+00 8.987080213653378189e+06 9.999999999999994316e+01
2.370006292009327886e+00 9.370114110162964091e+06 1.000000000000000000e+02
2.414157116103017753e+00 9.765408216229921207e+06 1.000000000000000000e+02
2.459130425468043946e+00 1.017289413161893561e+07 9.999999999999994316e+01
2.504941542174502267e+00 1.059245942505056411e+07 1.000000000000000000e+02
2.551606073727183954e+00 1.102399518152506649e+07 1.000000000000000000e+02
2.599139918382932901e+00 1.146751189258043468e+07 1.000000000000000000e+02
2.647559270567066747e+00 1.192306157487863861e+07 1.000000000000000000e+02
2.696880626390692370e+00 1.239072644489663653e+07 1.000000000000000000e+02
2.747120789270811603e+00 1.287063195262599923e+07 1.000000000000000000e+02
2.798296875655115645e+00 1.336296202533879876e+07 1.000000000000000000e+02
2.850426320853434614e+00 1.386797677124911360e+07 1.000000000000000000e+02
2.903526884977813971e+00 1.438603292693527974e+07 1.000000000000000995e+02
2.957616658993253544e+00 1.491760737627720088e+07 1.000000000000000000e+02
3.012714070881164385e+00 1.546332236273262277e+07 1.000000000000000000e+02
3.068837891917642224e+00 1.602369525684197247e+07 1.000000000000000000e+02
3.126007243068700259e+00 1.659876375606652535e+07 1.000000000000000995e+02
3.184241601504649744e+00 1.718849183095376939e+07 1.000000000000000000e+02
3.243560807235807975e+00 1.779283833373414353e+07 1.000000000000000995e+02
3.303985069871854918e+00 1.841176392909665406e+07 1.000000000000000000e+02
3.365534975507090909e+00 1.904523950260981172e+07 1.000000000000000000e+02
3.428231493733967294e+00 1.969325621424756199e+07 1.000000000000000000e+02
3.492095984787267682e+00 2.035583737789001316e+07 1.000000000000000000e+02
3.557150206821382277e+00 2.103303197664929181e+07 1.000000000000000000e+02
3.623416323323146226e+00 2.172482067201869562e+07 1.000000000000000000e+02
3.690916910662774608e+00 2.243118031504151970e+07 1.000000000000000000e+02
3.759674965785463563e+00 2.315213612766192481e+07 1.000000000000000995e+02
3.829713914046277257e+00 2.388777869435410202e+07 1.000000000000001990e+02
3.901057617190989202e+00 2.463828343731399998e+07 1.000000000000000995e+02
3.973730381485604202e+00 2.540393289245259389e+07 1.000000000000000995e+02
4.047756965997318268e+00 2.618510530968518928e+07 1.000000000000000000e+02
4.123162591029748469e+00 2.698183734522554278e+07 1.000000000000000000e+02
4.199972946715301525e+00 2.779387291631221399e+07 1.000000000000000000e+02
4.278214201767612579e+00 2.862094982595204934e+07 1.000000000000000000e+02
4.357913012397025554e+00 2.946281593342320248e+07 1.000000000000000000e+02
4.439096531392166867e+00 3.031924119719161838e+07 1.000000000000000000e+02
4.521792417370697592e+00 3.119003170393671468e+07 1.000000000000000000e+02
4.606028844202397998e+00 3.207504587155454978e+07 1.000000000000000000e+02
4.691834510607794329e+00 3.297421302924587578e+07 9.999999999999994316e+01
4.779238649935595440e+00 3.388755459665507078e+07 9.999999999999994316e+01
4.868271040122278848e+00 3.481520810775940865e+07 9.999999999999994316e+01
4.958962013837211913e+00 3.575745435546636581e+07 9.999999999999994316e+01
5.051342468816761411e+00 3.671471754787194729e+07 1.000000000000000000e+02
5.145443878390924652e+00 3.768704186156786978e+07 1.000000000000000000e+02
5.241298302206056192e+00 3.867404861040218174e+07 9.999999999999994316e+01
5.338938397147350301e+00 3.967535932403807342e+07 1.000000000000000995e+02
5.438397428464796235e+00 4.069062421355693042e+07 1.000000000000000000e+02
5.539709281106400596e+00 4.171953753219033778e+07 1.000000000000000000e+02
5.642908471262536807e+00 4.276185514123860747e+07 1.000000000000000000e+02
5.748030158125351008e+00 4.381741447416963428e+07 1.000000000000000000e+02
5.855110155867238042e+00 4.488615710913380980e+07 9.999999999999994316e+01
5.964184945842459840e+00 4.596815418185726553e+07 1.000000000000000000e+02
6.075291689016070862e+00 4.706358756340897083e+07 1.000000000000000000e+02
6.188468238624382778e+00 4.817225851637847722e+07 1.000000000000000995e+02
6.303753153071275150e+00 4.929369406716872752e+07 9.999999999999994316e+01
6.421185709064758385e+00 5.042745924815386534e+07 1.000000000000000995e+02
6.540805914998252923e+00 5.157317960322606564e+07 1.000000000000000995e+02
6.662654524581149929e+00 5.273056102349016070e+07 1.000000000000000000e+02
6.786773050723295064e+00 5.389941207981932163e+07 1.000000000000000000e+02
6.913203779678127603e+00 5.507966906050098687e+07 1.000000000000000000e+02
7.041989785449288775e+00 5.627141884486225992e+07 1.000000000000000995e+02
7.173174944465612768e+00 5.747459015595743060e+07 1.000000000000000995e+02
7.306803950529499936e+00 5.868868938837312907e+07 1.000000000000000995e+02
7.442922330043757917e+00 5.991323693649783731e+07 1.000000000000000995e+02
7.581576457522110069e+00 6.114783056645541638e+07 1.000000000000000995e+02
7.722813571388642551e+00 6.239216705678596348e+07 1.000000000000000995e+02
7.866681790071582192e+00 6.364606638617007434e+07 1.000000000000000000e+02
8.013230128396878982e+00 6.490949855773732811e+07 1.000000000000000000e+02
8.162508514287219796e+00 6.618239416665272415e+07 1.000000000000000000e+02
8.314567805772055564e+00 6.746414998359693587e+07 1.000000000000000995e+02
8.469459808314576676e+00 6.875408941338905692e+07 1.000000000000000995e+02
8.627237292461440887e+00 7.005159669584587216e+07 1.000000000000000000e+02
8.787954011821311084e+00 7.135613644528132677e+07 1.000000000000000000e+02
8.951664721378293166e+00 7.266727546406872571e+07 1.000000000000000995e+02
9.118425196146562328e+00 7.398470699777756631e+07 1.000000000000000000e+02
9.288292250172489162e+00 7.530827761505326629e+07 1.000000000000000995e+02
9.461323755890759912e+00 7.663801691556735337e+07 1.000000000000000000e+02
9.637578663841079418e+00 7.797417029541260004e+07 1.000000000000000000e+02
9.817117022752183786e+00 7.931723503280726075e+07 1.000000000000000000e+02
1.000000000000000000e+01 8.066800000000005960e+07 1.000000000000000000e+02
