# Source: PRIMAT compilation, https://doi.org/10.1016/j.physrep.2018.04.005
1.000000000000000021e-03 9.152999999999981229e-30 1.399999999999999911e+00
1.018628990244687619e-03 1.342252050325785710e-29 1.399999999999999911e+00
1.037605019766911670e-03 1.972927029404300952e-29 1.400000000000000133e+00
1.056934553557988335e-03 2.906380783006525659e-29 1.400000000000000133e+00
1.076624177045493267e-03 4.290567453692163414e-29 1.399999999999999911e+00
1.096680598336868600e-03 6.346756275680619489e-29 1.399999999999999911e+00
1.117110650504824203e-03 9.406235279365178095e-29 1.399999999999999911e+00
1.137921293915315117e-03 1.396550854661215290e-28 1.399999999999999911e+00
1.159119618598885779e-03 2.076932766091961220e-28 1.400000000000000133e+00
1.180712846666190276e-03 3.093560647858542701e-28 1.400000000000000133e+00
1.202708334768511989e-03 4.614333407812283095e-28 1.399999999999999911e+00
1.225113576604118949e-03 6.891518915172726982e-28 1.399999999999999911e+00
1.247936205471311460e-03 1.030424007422009431e-27 1.399999999999999911e+00
1.271183996869028896e-03 1.542230572639679768e-27 1.400000000000000133e+00
1.294864871145904933e-03 2.310203192050803715e-27 1.400000000000000133e+00
1.318986896198670470e-03 3.462994004945915227e-27 1.400000000000000133e+00
1.343558290220826226e-03 5.193798922069116145e-27 1.399999999999999911e+00
1.368587424502519176e-03 7.792548853902868096e-27 1.399999999999999911e+00
1.394082826282578647e-03 1.169397644936812149e-26 1.400000000000000133e+00
1.420053181653683095e-03 1.754925188081038730e-26 1.400000000000000133e+00
1.446507338521647217e-03 2.633251785373610243e-26 1.400000000000000133e+00
1.473454309619835756e-03 3.949895182590827349e-26 1.399999999999999911e+00
1.500903275579736594e-03 5.921866673603577814e-26 1.400000000000000133e+00
1.528863588058731147e-03 8.872185108389142991e-26 1.399999999999999911e+00
1.557344772926135207e-03 1.328064728805024237e-25 1.399999999999999911e+00
1.586356533508589657e-03 1.985826118902322969e-25 1.400000000000000133e+00
1.615908753895919101e-03 2.965597694665974616e-25 1.399999999999999911e+00
1.646011502308549748e-03 4.422290591646435949e-25 1.399999999999999911e+00
1.676675034527699143e-03 6.583560399917237597e-25 1.400000000000000133e+00
1.707909797389426916e-03 9.782888620477406213e-25 1.400000000000000133e+00
1.739726432343800767e-03 1.450709294358754360e-24 1.400000000000000133e+00
1.772135779080358372e-03 2.146422834047581173e-24 1.400000000000000133e+00
1.805148879221108154e-03 3.168013700005287170e-24 1.400000000000000133e+00
1.838776980082326793e-03 4.663500693360742905e-24 1.399999999999999911e+00
1.873031538506436536e-03 6.845545615733279694e-24 1.400000000000000133e+00
1.907924224765265072e-03 1.001831866685242073e-23 1.399999999999999911e+00
1.943466926536020246e-03 1.461485445535943051e-23 1.399999999999999911e+00
1.979671752951332481e-03 2.124868716579144360e-23 1.400000000000000133e+00
2.016551038724746607e-03 3.078479535389847345e-23 1.399999999999999911e+00
2.054117348353064112e-03 4.443649249497205177e-23 1.400000000000000133e+00
2.092383480396977150e-03 6.389696565773974496e-23 1.400000000000000133e+00
2.131362471841437810e-03 9.151681581997930583e-23 1.399999999999999911e+00
2.171067602537264923e-03 1.305423523313295836e-22 1.400000000000000133e+00
2.211512399725488933e-03 1.854337599054757662e-22 1.399999999999999911e+00
2.252710642645980484e-03 2.622878914506121903e-22 1.400000000000000133e+00
2.294676367231936100e-03 3.693977708761354283e-22 1.400000000000000133e+00
2.337423870891814758e-03 5.179905316515703423e-22 1.399999999999999911e+00
2.380967717380358135e-03 7.231983681445006705e-22 1.399999999999999911e+00
2.425322741760352948e-03 1.005334464533736946e-21 1.400000000000000133e+00
2.470504055456825433e-03 1.391569762004979669e-21 1.399999999999999911e+00
2.516527051405391836e-03 1.918139771453163042e-21 1.400000000000000133e+00
2.563407409296514835e-03 2.633257843421543436e-21 1.400000000000000133e+00
2.611161100917459583e-03 3.600978997584350025e-21 1.399999999999999911e+00
2.659804395593758260e-03 4.906356609904556531e-21 1.399999999999999911e+00
2.709353865732051433e-03 6.662378204707469012e-21 1.399999999999999911e+00
2.759826392466180594e-03 9.019379706435006061e-21 1.400000000000000133e+00
2.811239171408464344e-03 1.217795606904964636e-20 1.399999999999999911e+00
2.863609718508115885e-03 1.640686717843829156e-20 1.399999999999999911e+00
2.916955876018795853e-03 2.206817186713347368e-20 1.399999999999999911e+00
2.971295818577334054e-03 2.965295577898049035e-20 1.399999999999999911e+00
3.026648059395692196e-03 3.983209436136471147e-20 1.399999999999999911e+00
3.083031456568277075e-03 5.350660318098335708e-20 1.399999999999999911e+00
3.140465219496752208e-03 7.186928554386635003e-20 1.399999999999999911e+00
3.198968915434537586e-03 9.651231538828219136e-20 1.400000000000000133e+00
3.258562476153226226e-03 1.295585341810068348e-19 1.399999999999999911e+00
3.319266204733189573e-03 1.738330575429749972e-19 1.400000000000000133e+00
3.381100782480685445e-03 2.330879190684809437e-19 1.400000000000000133e+00
3.444087275973823411e-03 3.122950809746319328e-19 1.399999999999999911e+00
3.508247144239792347e-03 4.180271410981724122e-19 1.399999999999999911e+00
3.573602246065788347e-03 5.589499446649291766e-19 1.399999999999999911e+00
3.640174847446141400e-03 7.464572009703269291e-19 1.399999999999999911e+00
3.707987629168172684e-03 9.954842430568586576e-19 1.399999999999999911e+00
3.777063694539364597e-03 1.325546377508827361e-18 1.399999999999999911e+00
3.847426577258505898e-03 1.762056957479755726e-18 1.399999999999999911e+00
3.919100249433401899e-03 2.337991449798124308e-18 1.399999999999999911e+00
3.992109129748053209e-03 3.095976387414513712e-18 1.400000000000000133e+00
4.066478091781853925e-03 4.090935354866518448e-18 1.399999999999999911e+00
4.142232472483897525e-03 5.393632054448283735e-18 1.399999999999999911e+00
4.219398080805024202e-03 7.094959246155456964e-18 1.399999999999999911e+00
4.298001206490798497e-03 9.311303002808707648e-18 1.400000000000000133e+00
4.378068629038166758e-03 1.219134659553949005e-17 1.399999999999999911e+00
4.459627626819095622e-03 1.592464152498759110e-17 1.399999999999999911e+00
4.542705986374042521e-03 2.075242092603715763e-17 1.400000000000000133e+00
4.627332011878692967e-03 2.698127626234727968e-17 1.399999999999999911e+00
4.713534534786906725e-03 3.500051711670322306e-17 1.399999999999999911e+00
4.801342923653449841e-03 4.530430806523206928e-17 1.399999999999999911e+00
4.890787094139589959e-03 5.852005785603595322e-17 1.399999999999999911e+00
4.981897519205159656e-03 7.544507042503596159e-17 1.399999999999999911e+00
5.074705239490466188e-03 9.709358420215861483e-17 1.400000000000000133e+00
5.169241873891598608e-03 1.247529746450997002e-16 1.399999999999999911e+00
5.265539630332755246e-03 1.600605775197506623e-16 1.400000000000000133e+00
5.363631316739239652e-03 2.051060961689912886e-16 1.399999999999999911e+00
5.463550352214875498e-03 2.625655889984752110e-16 1.399999999999999911e+00
5.565330778427646403e-03 3.358803967989903177e-16 1.399999999999999911e+00
5.669007271207434327e-03 4.294983883196933582e-16 1.399999999999999911e+00
5.774615152359819509e-03 5.492024773008658477e-16 1.399999999999999911e+00
5.882190401699956099e-03 7.025626112592200530e-16 1.399999999999999911e+00
5.991769669310619169e-03 8.995642988308913580e-16 1.399999999999999911e+00
6.103390288028621123e-03 1.153401155868643887e-15 1.399999999999999911e+00
6.217090286163826779e-03 1.481103464630362178e-15 1.399999999999999911e+00
6.332908400455114321e-03 1.904823340855644930e-15 1.400000000000000133e+00
6.450884089267692675e-03 2.453569209583886812e-15 1.400000000000000133e+00
6.571057546036270826e-03 3.165403724130086636e-15 1.400000000000000133e+00
6.693469712958660493e-03 4.090375343048062363e-15 1.400000000000000133e+00
6.818162294944479437e-03 5.294440391976561237e-15 1.400000000000000133e+00
6.945177773823696388e-03 6.864727308498429611e-15 1.399999999999999911e+00
7.074559422819878297e-03 8.916360563635573055e-15 1.400000000000000133e+00
7.206351321293052656e-03 1.159603153425093055e-14 1.400000000000000133e+00
7.340598369757212090e-03 1.508605085936407054e-14 1.400000000000000133e+00
7.477346305177588227e-03 1.961205014001443737e-14 1.400000000000000133e+00
7.616641716552892058e-03 2.544720422641138482e-14 1.399999999999999911e+00
7.758532060787835978e-03 3.291267027331160886e-14 1.400000000000000133e+00
7.903065678861348128e-03 4.237136248808593890e-14 1.399999999999999911e+00
8.050291812295981564e-03 5.421182903445145114e-14 1.399999999999999911e+00
8.200260619934130954e-03 6.887158256918041606e-14 1.399999999999999911e+00
8.353023195026778799e-03 8.690444157748007480e-14 1.400000000000000133e+00
8.508631582640582489e-03 1.089707424065196709e-13 1.399999999999999911e+00
8.667138797389234081e-03 1.358605606644711355e-13 1.399999999999999911e+00
8.828598841495149604e-03 1.685329870457877725e-13 1.399999999999999911e+00
8.993066723187623582e-03 2.081726332131845577e-13 1.399999999999999911e+00
9.160598475443709407e-03 2.562295532417222367e-13 1.399999999999999911e+00
9.331251175078249249e-03 3.142974599303187289e-13 1.399999999999999911e+00
9.505082962189511861e-03 3.841638210990743293e-13 1.400000000000000133e+00
9.682153059967075343e-03 4.678628025994051678e-13 1.399999999999999911e+00
9.862521794868784469e-03 5.676947186269139447e-13 1.399999999999999911e+00
1.004625061717340749e-02 6.862453737792169081e-13 1.399999999999999911e+00
1.023340212191641702e-02 8.264448711437141226e-13 1.399999999999999911e+00
1.042404007021556327e-02 9.916801278643230413e-13 1.399999999999999911e+00
1.061822941099384125e-02 1.185841383627689386e-12 1.399999999999999911e+00
1.081603630310709954e-02 1.413418006101707185e-12 1.399999999999999911e+00
1.101752813788386791e-02 1.679634603665550731e-12 1.400000000000000133e+00
1.122277356208507652e-02 1.990542900962936154e-12 1.399999999999999911e+00
1.143184250129149725e-02 2.352937898546843460e-12 1.399999999999999911e+00
1.164480618372686072e-02 2.774624115028595506e-12 1.399999999999999911e+00
1.186173716452478509e-02 3.264680675376858484e-12 1.400000000000000133e+00
1.208270935044776506e-02 3.833758114404108918e-12 1.399999999999999911e+00
1.230779802506665188e-02 4.494256509154860482e-12 1.400000000000000133e+00
1.253707987440920262e-02 5.260522361997537493e-12 1.399999999999999911e+00
1.277063301308643990e-02 6.149501054865947105e-12 1.399999999999999911e+00
1.300853701090571267e-02 7.181413029629908735e-12 1.399999999999999911e+00
1.325087291997953214e-02 8.380398646809840788e-12 1.399999999999999911e+00
1.349772330233941706e-02 9.774745051764768528e-12 1.399999999999999911e+00
1.374917225806419029e-02 1.139826727639576520e-11 1.399999999999999911e+00
1.400530545393219653e-02 1.329190102517225201e-11 1.399999999999999911e+00
1.426621015260736910e-02 1.550500724366455100e-11 1.399999999999999911e+00
1.453197524236895383e-02 1.809523869011962364e-11 1.399999999999999911e+00
1.480269126739508674e-02 2.113142930321354191e-11 1.399999999999999911e+00
1.507845045861051086e-02 2.469672154145556546e-11 1.399999999999999911e+00
1.535934676510897039e-02 2.889044778518263603e-11 1.399999999999999911e+00
1.564547588616095955e-02 3.382944266348936497e-11 1.400000000000000133e+00
1.593693530381774456e-02 3.965343053254189244e-11 1.399999999999999911e+00
1.623382431612278159e-02 4.652968192064654481e-11 1.399999999999999911e+00
1.653624407094180307e-02 5.465427527521745171e-11 1.399999999999999911e+00
1.684429760042315330e-02 6.425753595196357222e-11 1.399999999999999911e+00
1.715808985610004986e-02 7.561144333672197310e-11 1.399999999999999911e+00
1.747772774464680795e-02 8.903660548890225292e-11 1.399999999999999911e+00
1.780332016430113962e-02 1.049101544490876519e-10 1.399999999999999911e+00
1.813497804196495186e-02 1.236745828862777493e-10 1.399999999999999911e+00
1.847281437099634188e-02 1.458465043769726916e-10 1.399999999999999911e+00
1.881694424970555696e-02 1.720258700570354538e-10 1.399999999999999911e+00
1.916748492056815148e-02 2.029070763748224891e-10 1.399999999999999911e+00
1.952455581016860828e-02 2.392895425637075243e-10 1.400000000000000133e+00
1.988827856988809734e-02 2.820877560501991378e-10 1.399999999999999911e+00
2.025877711735016989e-02 3.323432188141273366e-10 1.399999999999999911e+00
2.063617767863858837e-02 3.912702218982482241e-10 1.399999999999999911e+00
2.102060883130158278e-02 4.602821927518076159e-10 1.399999999999999911e+00
2.141220154815729262e-02 5.410034070139018575e-10 1.399999999999999911e+00
2.181108924191518805e-02 6.352961346032917435e-10 1.400000000000000133e+00
2.221740781062883641e-02 7.452909291507856995e-10 1.399999999999999911e+00
2.263129568399528321e-02 8.734201301871597766e-10 1.399999999999999911e+00
2.305289387051707301e-02 1.022454921025303932e-09 1.399999999999999911e+00
2.348234600554275145e-02 1.195546368809114517e-09 1.399999999999999911e+00
2.391979840020238418e-02 1.396270990183983004e-09 1.400000000000000133e+00
2.436540009125464853e-02 1.628681547492153904e-09 1.399999999999999911e+00
2.481930289186254010e-02 1.897364000120613050e-09 1.399999999999999911e+00
2.528166144331499277e-02 2.207502012146746830e-09 1.399999999999999911e+00
2.575263326771199887e-02 2.564953378226804024e-09 1.399999999999999911e+00
2.623237882163122203e-02 2.976336644234026542e-09 1.399999999999999911e+00
2.672106155079433804e-02 3.449130083417713840e-09 1.399999999999999911e+00
2.721884794575178332e-02 3.991790242728903334e-09 1.399999999999999911e+00
2.772590759860482645e-02 4.613893831708944784e-09 1.399999999999999911e+00
2.824241326078434297e-02 5.326309443927272780e-09 1.399999999999999911e+00
2.876854090190592711e-02 6.141407600583248619e-09 1.399999999999999911e+00
2.930446976972142861e-02 7.073320140257321347e-09 1.399999999999999911e+00
2.985038245118730796e-02 8.138263272035501098e-09 1.399999999999999911e+00
3.040646493467067182e-02 9.354837976749373780e-09 1.399999999999999911e+00
3.097290667331408301e-02 1.074341384527656814e-08 1.400000000000000133e+00
3.154990064958086704e-02 1.232632546752580751e-08 1.399999999999999911e+00
3.213764344100276948e-02 1.412849485425289347e-08 1.399999999999999911e+00
3.273633528715245988e-02 1.617771387499151515e-08 1.400000000000000133e+00
3.334618015786364187e-02 1.850495925470957963e-08 1.399999999999999911e+00
3.396738582272208068e-02 2.114475366541415682e-08 1.399999999999999911e+00
3.460016392185108480e-02 2.413558462565073361e-08 1.399999999999999911e+00
3.524473003801584237e-02 2.752039640107759620e-08 1.399999999999999911e+00
3.590130377007068330e-02 3.134717452039035986e-08 1.400000000000000133e+00
3.657010880777489259e-02 3.566964812752221450e-08 1.399999999999999911e+00
3.725137300800209633e-02 4.054814250207824922e-08 1.400000000000000133e+00
3.794532847236938011e-02 4.605062311674913407e-08 1.399999999999999911e+00
3.865221162631261864e-02 5.225398412671177541e-08 1.399999999999999911e+00
3.937226329963479377e-02 5.924564896484207496e-08 1.399999999999999911e+00
4.010572880855495931e-02 6.712556463582264315e-08 1.399999999999999911e+00
4.085285803928561527e-02 7.600567365656856695e-08 1.399999999999999911e+00
4.161390553316707264e-02 8.600485025896827328e-08 1.399999999999999911e+00
4.238913057338778573e-02 9.725358238250309627e-08 1.400000000000000133e+00
4.317879727332021161e-02 1.098961878459222061e-07 1.399999999999999911e+00
4.398317466650223523e-02 1.240922414672725788e-07 1.399999999999999911e+00
4.480253679829489938e-02 1.400182029446459721e-07 1.399999999999999911e+00
4.563716281924758839e-02 1.578692937109938176e-07 1.399999999999999911e+00
4.648733708020256344e-02 1.778616843935408246e-07 1.399999999999999911e+00
4.735334922917116413e-02 2.002350713540652103e-07 1.400000000000000133e+00
4.823549431001467047e-02 2.252557419061549758e-07 1.399999999999999911e+00
4.913407286296361809e-02 2.532202542850712233e-07 1.399999999999999911e+00
5.004939102700953213e-02 2.844598911751285311e-07 1.399999999999999911e+00
5.098176064420424647e-02 3.193414966304422550e-07 1.399999999999999911e+00
5.193149936590212012e-02 3.582578479269445288e-07 1.399999999999999911e+00
5.289893076098151070e-02 4.016373917489487561e-07 1.400000000000000133e+00
5.388438442608223938e-02 4.499506777385355935e-07 1.399999999999999911e+00
5.488819609789671872e-02 5.037149374650967031e-07 1.399999999999999911e+00
5.591070776755290017e-02 5.634994747095386230e-07 1.400000000000000133e+00
5.695226779712821846e-02 6.299320765242508099e-07 1.399999999999999911e+00
5.801323103833375128e-02 7.037067087507745505e-07 1.400000000000000133e+00
5.909395895340967958e-02 7.855928271027661334e-07 1.399999999999999911e+00
6.019481973827271043e-02 8.764466643878186524e-07 1.399999999999999911e+00
6.131618844795772016e-02 9.772066189772486067e-07 1.399999999999999911e+00
6.245844712439614643e-02 1.088867336008061166e-06 1.399999999999999911e+00
6.362198492657485105e-02 1.212509757421710773e-06 1.399999999999999911e+00
6.480719826311967524e-02 1.349315562358596331e-06 1.399999999999999911e+00
6.601449092734885948e-02 1.500578387243390821e-06 1.399999999999999911e+00
6.724427423484245769e-02 1.667717188183787962e-06 1.399999999999999911e+00
6.849696716357443760e-02 1.852292293996979304e-06 1.399999999999999911e+00
6.977299649665534564e-02 2.056024833849611811e-06 1.399999999999999911e+00
7.107279696773415034e-02 2.280809028772617683e-06 1.399999999999999911e+00
7.239681140910873836e-02 2.528657457802870104e-06 1.399999999999999911e+00
7.374549090259549522e-02 2.801731356401310265e-06 1.400000000000000133e+00
7.511929493320965157e-02 3.102383615683615412e-06 1.400000000000000133e+00
7.651869154570821452e-02 3.433180406509351277e-06 1.400000000000000133e+00
7.794415750404946885e-02 3.796927004675179846e-06 1.400000000000000133e+00
7.939617845382279659e-02 4.196699004431538060e-06 1.399999999999999911e+00
8.087524908770453436e-02 4.635873272485164780e-06 1.400000000000000133e+00
8.238187331399605962e-02 5.118053578775572294e-06 1.399999999999999911e+00
8.391656442830157381e-02 5.647072139874788045e-06 1.400000000000000133e+00
8.547984528840409102e-02 6.227084351892403995e-06 1.400000000000000133e+00
8.707224849239916797e-02 6.862607827181254746e-06 1.399999999999999911e+00
8.869431656014709064e-02 7.558567015273813807e-06 1.399999999999999911e+00
9.034660211810524588e-02 8.320347030074933949e-06 1.399999999999999911e+00
9.202966808760409956e-02 9.153777658494396596e-06 1.399999999999999911e+00
9.374408787662991127e-02 1.006505069539367801e-05 1.399999999999999911e+00
9.549044557518077125e-02 1.106087287510701861e-05 1.399999999999999911e+00
9.726933615426168467e-02 1.214855243702361123e-05 1.399999999999999911e+00
9.908136566858666283e-02 1.333608205650051284e-05 1.399999999999999911e+00
1.009271514630570854e-01 1.463222591779300596e-05 1.399999999999999911e+00
1.028073223830864719e-01 1.604628011059686267e-05 1.399999999999999911e+00
1.047225189888434382e-01 1.758798723068860946e-05 1.400000000000000133e+00
1.066733937734857113e-01 1.926784858766084383e-05 1.400000000000000133e+00
1.086606113854596822e-01 2.109722387408621884e-05 1.400000000000000133e+00
1.106848488549412035e-01 2.308843328583978682e-05 1.399999999999999911e+00
1.127467958244946084e-01 2.525467233935396611e-05 1.399999999999999911e+00
1.148471547840289042e-01 2.760990443106998377e-05 1.399999999999999911e+00
1.169866413101306873e-01 3.016917209960474810e-05 1.399999999999999911e+00
1.191659843098558796e-01 3.294875449520329061e-05 1.399999999999999911e+00
1.213859262690627772e-01 3.596630825348138920e-05 1.399999999999999911e+00
1.236472235053715091e-01 3.924070917599943635e-05 1.399999999999999911e+00
1.259506464258357550e-01 4.279218475846555895e-05 1.399999999999999911e+00
1.282969797894147612e-01 4.664270973212119599e-05 1.399999999999999911e+00
1.306870229743346268e-01 5.081626044497311980e-05 1.399999999999999911e+00
1.331215902504307713e-01 5.533828890009233678e-05 1.400000000000000133e+00
1.356015110565633452e-01 6.023488167212494277e-05 1.399999999999999911e+00
1.381276302832009362e-01 6.553380295545387405e-05 1.399999999999999911e+00
1.407008085602685088e-01 7.126480092662496307e-05 1.399999999999999911e+00
1.433219225503573890e-01 7.745964628149174750e-05 1.399999999999999911e+00
1.459918652473978506e-01 8.415212183892443738e-05 1.399999999999999911e+00
1.487115462808953625e-01 9.137850046926573888e-05 1.399999999999999911e+00
1.514818922258345801e-01 9.917792815076958220e-05 1.399999999999999911e+00
1.543038469183564687e-01 1.075932793006698567e-04 1.399999999999999911e+00
1.571783717773162781e-01 1.166718832572097845e-04 1.399999999999999911e+00
1.601064461318317811e-01 1.264659684518237837e-04 1.399999999999999911e+00
1.630890675549332702e-01 1.370317212025022016e-04 1.399999999999999911e+00
1.661272522034293042e-01 1.484240843224100576e-04 1.399999999999999911e+00
1.692220351641037235e-01 1.607000293671060807e-04 1.399999999999999911e+00
1.723744708063619790e-01 1.739199940115058909e-04 1.399999999999999911e+00
1.755856331414468730e-01 1.881481910950462150e-04 1.399999999999999911e+00
1.788566161883461958e-01 2.034529868741461671e-04 1.399999999999999911e+00
1.821885343465165230e-01 2.199073746074432171e-04 1.399999999999999911e+00
1.855825227755517060e-01 2.375896615279838046e-04 1.399999999999999911e+00
1.890397377819219571e-01 2.565841955415290631e-04 1.399999999999999911e+00
1.925613572129196704e-01 2.769821984228671113e-04 1.399999999999999911e+00
1.961485808579429280e-01 2.988828570794661442e-04 1.399999999999999911e+00
1.998026308572548593e-01 3.223946623831201318e-04 1.399999999999999911e+00
2.035247521183575770e-01 3.476343126824171076e-04 1.399999999999999911e+00
2.073162127401229071e-01 3.747160274387171326e-04 1.400000000000000133e+00
2.111783044448242164e-01 4.037571273362804396e-04 1.399999999999999911e+00
2.151123430182164953e-01 4.348816312178520479e-04 1.399999999999999911e+00
2.191196687578147451e-01 4.682209145247970771e-04 1.399999999999999911e+00
2.232016469295232397e-01 5.039145241457252495e-04 1.399999999999999911e+00
2.273596682327715113e-01 5.421111872388446147e-04 1.399999999999999911e+00
2.315951492743152096e-01 5.829700582770554196e-04 1.399999999999999911e+00
2.359095330508633737e-01 6.266622569728929953e-04 1.400000000000000133e+00
2.403042894406967056e-01 6.733727597142886469e-04 1.399999999999999911e+00
2.447809157044440187e-01 7.233027190554929854e-04 1.399999999999999911e+00
2.493409369951877785e-01 7.766723001509888685e-04 1.399999999999999911e+00
2.539859068780723761e-01 8.337196211434161255e-04 1.399999999999999911e+00
2.587174078595921300e-01 8.946768251059985643e-04 1.400000000000000133e+00
2.635370519267393186e-01 9.597798529019177256e-04 1.399999999999999911e+00
2.684464810961962322e-01 1.029278449433938857e-03 1.399999999999999911e+00
2.734473679737579599e-01 1.103437786563362050e-03 1.400000000000000133e+00
2.785414163241766161e-01 1.182540440024495510e-03 1.399999999999999911e+00
2.837303616516211324e-01 1.266888820853632113e-03 1.399999999999999911e+00
2.890159717909508430e-01 1.356808157875828008e-03 1.399999999999999911e+00
2.944000475100033709e-01 1.452650145634829491e-03 1.399999999999999911e+00
2.998844231231027613e-01 1.554797393443054518e-03 1.399999999999999911e+00
3.054709671159968054e-01 1.663658390943272914e-03 1.399999999999999911e+00
3.111615827824359970e-01 1.779631416769679583e-03 1.399999999999999911e+00
3.169582088726115021e-01 1.903126559376958375e-03 1.399999999999999911e+00
3.228628202536730218e-01 2.034577947527193512e-03 1.399999999999999911e+00
3.288774285825510346e-01 2.174446771483891112e-03 1.399999999999999911e+00
3.350040829913132900e-01 2.323224999078108040e-03 1.399999999999999911e+00
3.412448707852889229e-01 2.481439932354335444e-03 1.399999999999999911e+00
3.476019181541977754e-01 2.649659776641794234e-03 1.399999999999999911e+00
3.540773908965269556e-01 2.828497461512244349e-03 1.399999999999999911e+00
3.606734951574028236e-01 3.018576966237688196e-03 1.400000000000000133e+00
3.673924781802074269e-01 3.220535427474695896e-03 1.400000000000000133e+00
3.742366290721980682e-01 3.435051042974594099e-03 1.400000000000000133e+00
3.812082795843887983e-01 3.662849743307064910e-03 1.400000000000000133e+00
3.883098049059605095e-01 3.904712643339478331e-03 1.400000000000000133e+00
3.955436244734701345e-01 4.161485104611539407e-03 1.400000000000000133e+00
4.029122027951347884e-01 4.434086447851436769e-03 1.400000000000000133e+00
4.104180502904709038e-01 4.723467422201254283e-03 1.399999999999999911e+00
4.180637241455757991e-01 5.030579162368683036e-03 1.399999999999999911e+00
4.258518291843414461e-01 5.356431976086689813e-03 1.399999999999999911e+00
4.337850187558989212e-01 5.702108862100992159e-03 1.399999999999999911e+00
4.418659956385941334e-01 6.068776702641597368e-03 1.399999999999999911e+00
4.500975129608046355e-01 6.457699801057624651e-03 1.400000000000000133e+00
4.584823751389096036e-01 6.870238362302177708e-03 1.399999999999999911e+00
4.670234388327330621e-01 7.307803915712868248e-03 1.399999999999999911e+00
4.757236139187884794e-01 7.771908653715970360e-03 1.399999999999999911e+00
4.845858644816490868e-01 8.264197816662179757e-03 1.399999999999999911e+00
4.936132098237911991e-01 8.786471885109784635e-03 1.399999999999999689e+00
5.028087254942474882e-01 9.340712007388354832e-03 1.400000000000000133e+00
5.121755443364236493e-01 9.929015239834027007e-03 1.399999999999999911e+00
5.217168575554343990e-01 1.055351505546697419e-02 1.399999999999999911e+00
5.314359158053235666e-01 1.121651191989989603e-02 1.399999999999999911e+00
5.413360302965375404e-01 1.192051365541254952e-02 1.399999999999999911e+00
5.514205739240296555e-01 1.266826792960383877e-02 1.399999999999999911e+00
5.616929824163804374e-01 1.346280095873593138e-02 1.399999999999999911e+00
5.721567555063246102e-01 1.430746360952622753e-02 1.399999999999999911e+00
5.828154581230839959e-01 1.520598631914554279e-02 1.399999999999999911e+00
5.936727216069119795e-01 1.616254454396591836e-02 1.399999999999999911e+00
6.047322449462643190e-01 1.718182665096998699e-02 1.399999999999999911e+00
6.159977960380161877e-01 1.826876062258280670e-02 1.399999999999999911e+00
6.274732129711574347e-01 1.942836265264448817e-02 1.399999999999999911e+00
6.391624053343999412e-01 2.066611154140170215e-02 1.399999999999999911e+00
6.510693555481454897e-01 2.198803968374856560e-02 1.399999999999999911e+00
6.631981202212668958e-01 2.340081313629286536e-02 1.399999999999999911e+00
6.755528315331639222e-01 2.491182587223546990e-02 1.399999999999999911e+00
6.881376986415662644e-01 2.652931096204072178e-02 1.399999999999999911e+00
7.009570091165617800e-01 2.826247189974618115e-02 1.400000000000000133e+00
7.140151304013395706e-01 3.012132645694423627e-02 1.399999999999999911e+00
7.273165113001454074e-01 3.211598654490905452e-02 1.400000000000000133e+00
7.408656834939559843e-01 3.425727783318544689e-02 1.400000000000000133e+00
7.546672630843886953e-01 3.655699983407832004e-02 1.400000000000000133e+00
7.687259521663728501e-01 3.902803160100266205e-02 1.399999999999999911e+00
7.830465404301183430e-01 4.168445181070114247e-02 1.399999999999999911e+00
7.976339067929273385e-01 4.454167558698486629e-02 1.400000000000000133e+00
8.124930210614047521e-01 4.761645509676582649e-02 1.400000000000000133e+00
8.276289456246344045e-01 5.092603562168349085e-02 1.399999999999999911e+00
8.430468371788967241e-01 5.448852145895233257e-02 1.399999999999999911e+00
8.587519484845170803e-01 5.832326612603094124e-02 1.399999999999999911e+00
8.747496301554414933e-01 6.245092368266964150e-02 1.399999999999999911e+00
8.910453324821513421e-01 6.689349326051455269e-02 1.399999999999999911e+00
9.076446072885356875e-01 7.167433513833772196e-02 1.399999999999999911e+00
9.245531098233570333e-01 7.681756930075529788e-02 1.399999999999999911e+00
9.417766006869519035e-01 8.234767782203193665e-02 1.399999999999999911e+00
9.593209477938241525e-01 8.828984802551501088e-02 1.400000000000000133e+00
9.771921283717996953e-01 9.466980423490983787e-02 1.399999999999999911e+00
9.953962309984233370e-01 1.015135489899884891e-01 1.399999999999999911e+00
1.013939457675291811e+00 1.088473290305620039e-01 1.400000000000000133e+00
1.032828125941028574e+00 1.166998778593770075e-01 1.400000000000000133e+00
1.052068671023622892e+00 1.251018781798498292e-01 1.400000000000000133e+00
1.071667648032863296e+00 1.340847473194234640e-01 1.400000000000000133e+00
1.091631734193614811e+00 1.436804518228607386e-01 1.400000000000000133e+00
1.111967731120699021e+00 1.539212947371605689e-01 1.400000000000000133e+00
1.132682567136153784e+00 1.648396620140328284e-01 1.400000000000000133e+00
1.153783299629660863e+00 1.764677244123379896e-01 1.399999999999999911e+00
1.175277117462945276e+00 1.888370914491551422e-01 1.400000000000000133e+00
1.197171343418965694e+00 2.019784142408119487e-01 1.400000000000000133e+00
1.219473436696737023e+00 2.159209345168290328e-01 1.400000000000000133e+00
1.242190995452616242e+00 2.306919777035142949e-01 1.400000000000000133e+00
1.265331759388941713e+00 2.463167068429690243e-01 1.400000000000000133e+00
1.288903612390891462e+00 2.628214551983254488e-01 1.400000000000000133e+00
1.312914585212463958e+00 2.802335091440649184e-01 1.399999999999999911e+00
1.337372858212495075e+00 2.985789723748899505e-01 1.400000000000000133e+00
1.362286764141645401e+00 3.178826308336427098e-01 1.400000000000000133e+00
1.387664790981307128e+00 3.381679049554937033e-01 1.399999999999999911e+00
1.413515584835394190e+00 3.594568631828915506e-01 1.399999999999999911e+00
1.439847952876006643e+00 3.817703116262111673e-01 1.400000000000000133e+00
1.466670866343967150e+00 4.051279763454095906e-01 1.399999999999999911e+00
1.493993463605256311e+00 4.295487963729986425e-01 1.400000000000000133e+00
1.521825053264385552e+00 4.550506473443423072e-01 1.400000000000000133e+00
1.550175117335768737e+00 4.816454149791609129e-01 1.400000000000000133e+00
1.579053314474174297e+00 5.093405242571789060e-01 1.400000000000000133e+00
1.608469483265355215e+00 5.381414110824429553e-01 1.400000000000000133e+00
1.638433645577983100e+00 5.680520056238923532e-01 1.399999999999999911e+00
1.668956009978023181e+00 5.990753720220224343e-01 1.400000000000000133e+00
1.700046975206716438e+00 6.312145413721266252e-01 1.400000000000000133e+00
1.731717133723352786e+00 6.644735625598716666e-01 1.399999999999999911e+00
1.763977275314043469e+00 6.988585297650967698e-01 1.399999999999999911e+00
1.796838390767719229e+00 7.343699117220610084e-01 1.399999999999999911e+00
1.830311675620611256e+00 7.709986523616618737e-01 1.399999999999999911e+00
1.864408533970485227e+00 8.087354192951596854e-01 1.399999999999999911e+00
1.899140582361933616e+00 8.475724814103247073e-01 1.399999999999999911e+00
1.934519653744044332e+00 8.875052834035306315e-01 1.399999999999999911e+00
1.970557801501798378e+00 9.285343131213015244e-01 1.399999999999999911e+00
2.007267303562568106e+00 9.706672262400628526e-01 1.399999999999999911e+00
2.044660666579115826e+00 1.013906000371185501e+00 1.399999999999999911e+00
2.082750630190514318e+00 1.058223460613035405e+00 1.399999999999999911e+00
2.121550171362450055e+00 1.103586965687237020e+00 1.399999999999999911e+00
2.161072508808376647e+00 1.149963692694511597e+00 1.399999999999999911e+00
2.201331107493030181e+00 1.197322032386388235e+00 1.399999999999999911e+00
2.242339683219845003e+00 1.245633237780749081e+00 1.399999999999999911e+00
2.284112207303823361e+00 1.294873346459791463e+00 1.399999999999999911e+00
2.326662911331458083e+00 1.345025398163722130e+00 1.399999999999999911e+00
2.370006292009327886e+00 1.396081971361943452e+00 1.399999999999999911e+00
2.414157116103017753e+00 1.448048065693275932e+00 1.399999999999999911e+00
2.459130425468043946e+00 1.500944361955377060e+00 1.399999999999999911e+00
2.504941542174502267e+00 1.554810876961292943e+00 1.399999999999999911e+00
2.551606073727183954e+00 1.609686120869772141e+00 1.399999999999999911e+00
2.599139918382932901e+00 1.665552932540920628e+00 1.399999999999999911e+00
2.647559270567066747e+00 1.722385696584426640e+00 1.399999999999999911e+00
2.696880626390692370e+00 1.780163618725576269e+00 1.399999999999999911e+00
2.747120789270811603e+00 1.838872623136185380e+00 1.399999999999999911e+00
2.798296875655115645e+00 1.898507512408783349e+00 1.399999999999999911e+00
2.850426320853434614e+00 1.959074413139929360e+00 1.399999999999999911e+00
2.903526884977813971e+00 2.020593533573795675e+00 1.399999999999999911e+00
2.957616658993253544e+00 2.083102264548856386e+00 1.400000000000000133e+00
3.012714070881164385e+00 2.146658466223324790e+00 1.399999999999999911e+00
3.068837891917642224e+00 2.211313426941375226e+00 1.400000000000000133e+00
3.126007243068700259e+00 2.277072287647993409e+00 1.400000000000000133e+00
3.184241601504649744e+00 2.343941022179288236e+00 1.399999999999999911e+00
3.243560807235807975e+00 2.411935473730357327e+00 1.399999999999999911e+00
3.303985069871854918e+00 2.481083635986790714e+00 1.400000000000000133e+00
3.365534975507090909e+00 2.551428226332961291e+00 1.400000000000000133e+00
3.428231493733967294e+00 2.623029583619451710e+00 1.400000000000000133e+00
3.492095984787267682e+00 2.695968929153628846e+00 1.399999999999999911e+00
3.557150206821382277e+00 2.770340612251841694e+00 1.399999999999999911e+00
3.623416323323146226e+00 2.846195159605328762e+00 1.399999999999999911e+00
3.690916910662774608e+00 2.923571238681351048e+00 1.399999999999999911e+00
3.759674965785463563e+00 3.002518896900186807e+00 1.400000000000000133e+00
3.829713914046277257e+00 3.083101815504802445e+00 1.400000000000000133e+00
3.901057617190989202e+00 3.165399826628416680e+00 1.399999999999999911e+00
3.973730381485604202e+00 3.249511759234391395e+00 1.399999999999999911e+00
4.047756965997318268e+00 3.335553550476514140e+00 1.399999999999999911e+00
4.123162591029748469e+00 3.423597520010953854e+00 1.400000000000000133e+00
4.199972946715301525e+00 3.513679985749054158e+00 1.399999999999999911e+00
4.278214201767612579e+00 3.605841171738823459e+00 1.399999999999999911e+00
4.357913012397025554e+00 3.700127139138066124e+00 1.399999999999999911e+00
4.439096531392166867e+00 3.796591054157777201e+00 1.400000000000000133e+00
4.521792417370697592e+00 3.895294640358805349e+00 1.399999999999999911e+00
4.606028844202397998e+00 3.996309837149148780e+00 1.399999999999999911e+00
4.691834510607794329e+00 4.099720689166252541e+00 1.399999999999999911e+00
4.779238649935595440e+00 4.205625494603858705e+00 1.399999999999999911e+00
4.868271040122278848e+00 4.314139244585342148e+00 1.399999999999999911e+00
4.958962013837211913e+00 4.425396390555375703e+00 1.399999999999999911e+00
5.051342468816761411e+00 4.539550015038674502e+00 1.399999999999999911e+00
5.145443878390924652e+00 4.656702706438689887e+00 1.400000000000000133e+00
5.241298302206056192e+00 4.776900117199286200e+00 1.399999999999999911e+00
5.338938397147350301e+00 4.900184816850985392e+00 1.399999999999999911e+00
5.438397428464796235e+00 5.026598356152288005e+00 1.400000000000000133e+00
5.539709281106400596e+00 5.156181406210512463e+00 1.399999999999999911e+00
5.642908471262536807e+00 5.288973955951012940e+00 1.399999999999999911e+00
5.748030158125351008e+00 5.425015577120507970e+00 1.399999999999999911e+00
5.855110155867238042e+00 5.564345766988768816e+00 1.399999999999999911e+00
5.964184945842459840e+00 5.707004379973450447e+00 1.399999999999999911e+00
6.075291689016070862e+00 5.853030998375380101e+00 1.399999999999999911e+00
6.188468238624382778e+00 6.002452697331305487e+00 1.399999999999999911e+00
6.303753153071275150e+00 6.155286415654040333e+00 1.399999999999999911e+00
6.421185709064758385e+00 6.311546443806374640e+00 1.399999999999999911e+00
6.540805914998252923e+00 6.471244859925112891e+00 1.400000000000000133e+00
6.662654524581149929e+00 6.634391946795488160e+00 1.400000000000000133e+00
6.786773050723295064e+00 6.800996725869433490e+00 1.400000000000000133e+00
6.913203779678127603e+00 6.971067623720939466e+00 1.400000000000000133e+00
7.041989785449288775e+00 7.144613153789277860e+00 1.400000000000000133e+00
7.173174944465612768e+00 7.321633942916326632e+00 1.400000000000000133e+00
7.306803950529499936e+00 7.502115845847033171e+00 1.400000000000000133e+00
7.442922330043757917e+00 7.686041564552466454e+00 1.400000000000000133e+00
7.581576457522110069e+00 7.873392663914708045e+00 1.400000000000000133e+00
7.722813571388642551e+00 8.064150616509172309e+00 1.400000000000000133e+00
7.866681790071582192e+00 8.258298051258668337e+00 1.399999999999999911e+00
8.013230128396878982e+00 8.455820222306265066e+00 1.400000000000000133e+00
8.162508514287219796e+00 8.656695176211242071e+00 1.399999999999999911e+00
8.314567805772055564e+00 8.860867601227832679e+00 1.399999999999999911e+00
8.469459808314576676e+00 9.068272812429688301e+00 1.399999999999999911e+00
8.627237292461440887e+00 9.278843994299096565e+00 1.399999999999999911e+00
8.787954011821311084e+00 9.492513565944909359e+00 1.399999999999999911e+00
8.951664721378293166e+00 9.709214796238155643e+00 1.399999999999999911e+00
9.118425196146562328e+00 9.928883693551107115e+00 1.399999999999999911e+00
9.288292250172489162e+00 1.015146119638783695e+01 1.399999999999999911e+00
9.461323755890759912e+00 1.037689569297249648e+01 1.399999999999999911e+00
9.637578663841079418e+00 1.060514589988049217e+01 1.399999999999999911e+00
9.817117022752183786e+00 1.083618413213938858e+01 1.399999999999999911e+00
1.000000000000000000e+01 1.107000000000000028e+01 1.399999999999999911e+00
