# Source: PRIMAT compilation, https://doi.org/10.1016/j.physrep.2018.04.005
1.000000000000000021e-03 1.459999999999997100e-15 1.185000000000000053e+00
1.018628990244687619e-03 1.809567867345977597e-15 1.185070386970156431e+00
1.037605019766911670e-03 2.245724150340296231e-15 1.185140206391648965e+00
1.056934553557988335e-03 2.790447222395047895e-15 1.185209399460001034e+00
1.076624177045493267e-03 3.471381156753723586e-15 1.185277905753398864e+00
1.096680598336868600e-03 4.323305607364411415e-15 1.185345663257253657e+00
1.117110650504824203e-03 5.389985642043835898e-15 1.185412608395532752e+00
1.137921293915315117e-03 6.726498218323737895e-15 1.185478676069466664e+00
1.159119618598885779e-03 8.402155837159003437e-15 1.185543799704274592e+00
1.180712846666190276e-03 1.050417732207254104e-14 1.185607911304606965e+00
1.202708334768511989e-03 1.314229183403775662e-14 1.185670941519442412e+00
1.225113576604118949e-03 1.645450653768205988e-14 1.185732819717234543e+00
1.247936205471311460e-03 2.061432240642866854e-14 1.185793474072153186e+00
1.271183996869028896e-03 2.583974836871011436e-14 1.185852831662328688e+00
1.294864871145904933e-03 3.240454349547445521e-14 1.185910818581064063e+00
1.318986896198670470e-03 4.065221262219465982e-14 1.185967360062049281e+00
1.343558290220826226e-03 5.101339535957729938e-14 1.186022380619678351e+00
1.368587424502519176e-03 6.402742478379178865e-14 1.186075804205648287e+00
1.394082826282578647e-03 8.036899329991647285e-14 1.186127554383091587e+00
1.420053181653683095e-03 1.008810524314834464e-13 1.186177554519584065e+00
1.446507338521647217e-03 1.266152937727405038e-13 1.186225728000451340e+00
1.473454309619835756e-03 1.588818130280826617e-13 1.186271998463897637e+00
1.500903275579736594e-03 1.993098505300038860e-13 1.186316290059577172e+00
1.528863588058731147e-03 2.499218317750854643e-13 1.186358527732333190e+00
1.557344772926135207e-03 3.132233012616652455e-13 1.186398637532944944e+00
1.586356533508589657e-03 3.923117518275582970e-13 1.186436546957842175e+00
1.615908753895919101e-03 4.910077976432443831e-13 1.186472185319868533e+00
1.646011502308549748e-03 6.140126178451359229e-13 1.186505484152318157e+00
1.676675034527699143e-03 7.670961030325009774e-13 1.186536377648602425e+00
1.707909797389426916e-03 9.573206596597899254e-13 1.186564803140064628e+00
1.739726432343800767e-03 1.193306156720377077e-12 1.186590701614613330e+00
1.772135779080358372e-03 1.485542022471592713e-12 1.186614018279020355e+00
1.805148879221108154e-03 1.846753003415886866e-12 1.186634703167909421e+00
1.838776980082326793e-03 2.292325572181119184e-12 1.186652711802651305e+00
1.873031538506436536e-03 2.840802409027220282e-12 1.186668005903587675e+00
1.907924224765265072e-03 3.514452786387901941e-12 1.186680554159222023e+00
1.943466926536020246e-03 4.339927075310767469e-12 1.186690333056245494e+00
1.979671752951332481e-03 5.349004008101033531e-12 1.186697327774508759e+00
2.016551038724746607e-03 6.579439846979342792e-12 1.186701533151312660e+00
2.054117348353064112e-03 8.075929343156943536e-12 1.186702954719665470e+00
2.092383480396977150e-03 9.891189502793449611e-12 1.186701609825446591e+00
2.131362471841437810e-03 1.208717896055563120e-11 1.186697528828728476e+00
2.171067602537264923e-03 1.473646854871752521e-11 1.186690756394843893e+00
2.211512399725488933e-03 1.792378290967938384e-11 1.186681352881131524e+00
2.252710642645980484e-03 2.174773934820446030e-11 1.186669395825677986e+00
2.294676367231936100e-03 2.632281935119885607e-11 1.186654981544763565e+00
2.337423870891814758e-03 3.178162133271104592e-11 1.186638226846157940e+00
2.380967717380358135e-03 3.827746148162486852e-11 1.186619270865856723e+00
2.425322741760352948e-03 4.598741474546455875e-11 1.186598277036341686e+00
2.470504055456825433e-03 5.511592209009872650e-11 1.186575435194963779e+00
2.516527051405391836e-03 6.589913598297253108e-11 1.186550963841601192e+00
2.563407409296514835e-03 7.861023719780429600e-11 1.186525112555341099e+00
2.611161100917459583e-03 9.356603744398991728e-11 1.186498164580563675e+00
2.659804395593758260e-03 1.111352907438551668e-10 1.186470439593489301e+00
2.709353865732051433e-03 1.317492813877225615e-10 1.186442296660977336e+00
2.759826392466180594e-03 1.559154511799323406e-10 1.186414137404147695e+00
2.811239171408464344e-03 1.842350930212519045e-10 1.186386409380236540e+00
2.863609718508115885e-03 2.174265000887954749e-10 1.186359609697001272e+00
2.916955876018795853e-03 2.563554619106283158e-10 1.186334288874963283e+00
2.971295818577334054e-03 3.020757029110102164e-10 1.186311054973827162e+00
3.026648059395692196e-03 3.558793441158996352e-10 1.186290573407543958e+00
3.083031456568277075e-03 4.192617366775624860e-10 1.186273455679554667e+00
3.140465219496752208e-03 4.938960289091282874e-10 1.186260240512906128e+00
3.198968915434537586e-03 5.817278271488375381e-10 1.186251507270405847e+00
3.258562476153226226e-03 6.850202611141464191e-10 1.186247885014523717e+00
3.319266204733189573e-03 8.064003510829531657e-10 1.186250056046574963e+00
3.381100782480685445e-03 9.489107270054259905e-10 1.186258759680018038e+00
3.444087275973823411e-03 1.116066964387576855e-09 1.186274796263310005e+00
3.508247144239792347e-03 1.311920721020745691e-09 1.186299031468849963e+00
3.573602246065788347e-03 1.541128749464226894e-09 1.186332400865736547e+00
3.640174847446141400e-03 1.809027719090547884e-09 1.186375914795338549e+00
3.707987629168172684e-03 2.121714605611737955e-09 1.186430663570078758e+00
3.777063694539364597e-03 2.486132193586861115e-09 1.186497823017341524e+00
3.847426577258505898e-03 2.910158988420899449e-09 1.186578660392065832e+00
3.919100249433401899e-03 3.402702551106482109e-09 1.186674540683370305e+00
3.992109129748053209e-03 3.973794956830139207e-09 1.186786933342524719e+00
4.066478091781853925e-03 4.634728652297097274e-09 1.186916822563677254e+00
4.142232472483897525e-03 5.398406621919674455e-09 1.187061852681422502e+00
4.219398080805024202e-03 6.279499330469167942e-09 1.187218138799831291e+00
4.298001206490798497e-03 7.294621301377527226e-09 1.187381299069171003e+00
4.378068629038166758e-03 8.462601372075475793e-09 1.187546414877616474e+00
4.459627626819095622e-03 9.804805404042123900e-09 1.187707987380431485e+00
4.542705986374042521e-03 1.134552597477069909e-08 1.187859891263671086e+00
4.627332011878692967e-03 1.311245804575913746e-08 1.187995325651171274e+00
4.713534534786906725e-03 1.513728531916368544e-08 1.188106762076949874e+00
4.801342923653449841e-03 1.745640943948779828e-08 1.188185889462572753e+00
4.890787094139589959e-03 2.011186393830615149e-08 1.188223556061312136e+00
4.981897519205159656e-03 2.315246765588675868e-08 1.188209708358838990e+00
5.074705239490466188e-03 2.663476508971879962e-08 1.188134985000633304e+00
5.169241873891598608e-03 3.062050914314004384e-08 1.188001635400597333e+00
5.265539630332755246e-03 3.517775370225169976e-08 1.187818090040743346e+00
5.363631316739239652e-03 4.038288495624304368e-08 1.187593985061570878e+00
5.463550352214875498e-03 4.632154257495832382e-08 1.187340232417112729e+00
5.565330778427646403e-03 5.308963663156643729e-08 1.187069120625707797e+00
5.669007271207434327e-03 6.079448514483988845e-08 1.186794423320027381e+00
5.774615152359819509e-03 6.955609606815219990e-08 1.186531516529512942e+00
5.882190401699956099e-03 7.950862460860002832e-08 1.186297505789805529e+00
5.991769669310619169e-03 9.080204585353265376e-08 1.186111364364537568e+00
6.103390288028621123e-03 1.036038534230408666e-07 1.185989818063282408e+00
6.217090286163826779e-03 1.180999947824758383e-07 1.185929350375448221e+00
6.332908400455114321e-03 1.344974241365221427e-07 1.185918759461506600e+00
6.450884089267692675e-03 1.530269997002367715e-07 1.185945339006559518e+00
6.571057546036270826e-03 1.739465872110465701e-07 1.185994751081275833e+00
6.693469712958660493e-03 1.975447690571809929e-07 1.186050888972796535e+00
6.818162294944479437e-03 2.241453209780210827e-07 1.186095732236615685e+00
6.945177773823696388e-03 2.541126629259056496e-07 1.186109194223051277e+00
7.074559422819878297e-03 2.878574883020804087e-07 1.186070570032521143e+00
7.206351321293052656e-03 3.258249036278943401e-07 1.185984407567582721e+00
7.340598369757212090e-03 3.684919063226081333e-07 1.185879244459460802e+00
7.477346305177588227e-03 4.163807764101927870e-07 1.185787736529832159e+00
7.616641716552892058e-03 4.700630030574354011e-07 1.185746295820318874e+00
7.758532060787835978e-03 5.301631818918714590e-07 1.185795397506028692e+00
7.903065678861348128e-03 5.973633539492170270e-07 1.185979922265733899e+00
8.050291812295981564e-03 6.724082441534889940e-07 1.186348706259635177e+00
8.200260619934130954e-03 7.561323670982025037e-07 1.186906425826382616e+00
8.353023195026778799e-03 8.494965371436374265e-07 1.187580351248105792e+00
8.508631582640582489e-03 9.535899496299361047e-07 1.188281964281000080e+00
8.667138797389234081e-03 1.069653426191179717e-06 1.188912074325285673e+00
8.828598841495149604e-03 1.199111361640849361e-06 1.189359975381074186e+00
8.993066723187623582e-03 1.343612130705881785e-06 1.189502647359945042e+00
9.160598475443709407e-03 1.505013104152798694e-06 1.189242169925153858e+00
9.331251175078249249e-03 1.685126183938738425e-06 1.188648869875843062e+00
9.505082962189511861e-03 1.885809469486503276e-06 1.187854466822237054e+00
9.682153059967075343e-03 2.109019494856052828e-06 1.187006620698459303e+00
9.862521794868784469e-03 2.356793071607079094e-06 1.186270025991829291e+00
1.004625061717340749e-02 2.631222912188228086e-06 1.185826909931120055e+00
1.023340212191641702e-02 2.934620240476432289e-06 1.185770109133710282e+00
1.042404007021556327e-02 3.269827408646294946e-06 1.185983539334777737e+00
1.061822941099384125e-02 3.640071046276058936e-06 1.186310797548751461e+00
1.081603630310709954e-02 4.048999975427383306e-06 1.186576614742452573e+00
1.101752813788386791e-02 4.500775335895264867e-06 1.186585345699596505e+00
1.122277356208507652e-02 4.999881697095760645e-06 1.186209154606097771e+00
1.143184250129149725e-02 5.550332539581096381e-06 1.185591952294400953e+00
1.164480618372686072e-02 6.156023962267351030e-06 1.184951712271896440e+00
1.186173716452478509e-02 6.820786652634926002e-06 1.184531530961001833e+00
1.208270935044776506e-02 7.548312028491992539e-06 1.184597084936480194e+00
1.230779802506665188e-02 8.343865969982982125e-06 1.185219116692074470e+00
1.253707987440920262e-02 9.216234234632945629e-06 1.186152133899303740e+00
1.277063301308643990e-02 1.017672998334573718e-05 1.187095461251945983e+00
1.300853701090571267e-02 1.123976048866883773e-05 1.187712238893530392e+00
1.325087291997953214e-02 1.242099124828947242e-05 1.187742250215579443e+00
1.349772330233941706e-02 1.372849593992231610e-05 1.187323831600185953e+00
1.374917225806419029e-02 1.516601824178837140e-05 1.186712068372896667e+00
1.400530545393219653e-02 1.673345625716899916e-05 1.186192305461349683e+00
1.426621015260736910e-02 1.842946552940757712e-05 1.185999527711550261e+00
1.453197524236895383e-02 2.026523110921112428e-05 1.186074356122201579e+00
1.480269126739508674e-02 2.225910159117589613e-05 1.186272120728329993e+00
1.507845045861051086e-02 2.443502675605869166e-05 1.186431622113762518e+00
1.535934676510897039e-02 2.681712133155595161e-05 1.186456815470827708e+00
1.564547588616095955e-02 2.942095141777292718e-05 1.186394304529469368e+00
1.593693530381774456e-02 3.226053152491427817e-05 1.186312733619267590e+00
1.623382431612278159e-02 3.534945773535719612e-05 1.186281255129015610e+00
1.653624407094180307e-02 3.870523671554275278e-05 1.186316580506628027e+00
1.684429760042315330e-02 4.234873379249830326e-05 1.186408215846875391e+00
1.715808985610004986e-02 4.630274876668014013e-05 1.186544056336190422e+00
1.747772774464680795e-02 5.059234683757276755e-05 1.186710407651627941e+00
1.780332016430113962e-02 5.524528456269462627e-05 1.186891850418354988e+00
1.813497804196495186e-02 6.029247966672976179e-05 1.187071281355917884e+00
1.847281437099634188e-02 6.576615890484871832e-05 1.187236777170636248e+00
1.881694424970555696e-02 7.169832068762470659e-05 1.187384543580289886e+00
1.916748492056815148e-02 7.812299312890850578e-05 1.187511056469150228e+00
1.952455581016860828e-02 8.507664257818170093e-05 1.187612469035473683e+00
1.988827856988809734e-02 9.259846751911312798e-05 1.187684588928333840e+00
2.025877711735016989e-02 1.007305541422857481e-04 1.187723282741373287e+00
2.063617767863858837e-02 1.095160140169641164e-04 1.187728676207311818e+00
2.102060883130158278e-02 1.189991831657175823e-04 1.187703865605709952e+00
2.141220154815729262e-02 1.292267845172155670e-04 1.187652469879345141e+00
2.181108924191518805e-02 1.402481401012736436e-04 1.187578636678085831e+00
2.221740781062883641e-02 1.521154231449858504e-04 1.187487085759038719e+00
2.263129568399528321e-02 1.648839804785595892e-04 1.187383155485860708e+00
2.305289387051707301e-02 1.786127433756013946e-04 1.187272852692234704e+00
2.348234600554275145e-02 1.933647485146460583e-04 1.187162906208237612e+00
2.391979840020238418e-02 2.092077949489988987e-04 1.187060824387468960e+00
2.436540009125464853e-02 2.262152679615251629e-04 1.186974957018206878e+00
2.481930289186254010e-02 2.444671666618928934e-04 1.186914562054601552e+00
2.528166144331499277e-02 2.640508157560750974e-04 1.186889314137971496e+00
2.575263326771199887e-02 2.850536499185868399e-04 1.186901448167841266e+00
2.623237882163122203e-02 3.075625695766157921e-04 1.186946762745720196e+00
2.672106155079433804e-02 3.316692891706421692e-04 1.187020270107268072e+00
2.721884794575178332e-02 3.574711306567294610e-04 1.187116289572853089e+00
2.772590759860482645e-02 3.850718541931764374e-04 1.187228388400436208e+00
2.824241326078434297e-02 4.145827034076542627e-04 1.187349318689847388e+00
2.876854090190592711e-02 4.461237121670031964e-04 1.187470950207080600e+00
2.930446976972142861e-02 4.798253284929705851e-04 1.187584199020275788e+00
2.985038245118730796e-02 5.158304217621228387e-04 1.187678951869318933e+00
3.040646493467067182e-02 5.542942678117045510e-04 1.187744866911787822e+00
3.097290667331408301e-02 5.953634034172915548e-04 1.187778963491352924e+00
3.154990064958086704e-02 6.391785994767115557e-04 1.187782781177399327e+00
3.213764344100276948e-02 6.858852227404036057e-04 1.187758212362473476e+00
3.273633528715245988e-02 7.356336150126850616e-04 1.187707485103617788e+00
3.334618015786364187e-02 7.885794899174050111e-04 1.187633191748320716e+00
3.396738582272208068e-02 8.448845005155414039e-04 1.187538319559315880e+00
3.460016392185108480e-02 9.047170225468379639e-04 1.187426283487448497e+00
3.524473003801584237e-02 9.682532057761763459e-04 1.187300961257691245e+00
3.590130377007068330e-02 1.035678354711829299e-03 1.187166730951582316e+00
3.657010880777489259e-02 1.107188710039980423e-03 1.187028511290238120e+00
3.725137300800209633e-02 1.182993713774178456e-03 1.186891804846132104e+00
3.794532847236938011e-02 1.263318854737176689e-03 1.186762744439474826e+00
3.865221162631261864e-02 1.348409207097276243e-03 1.186648143006947098e+00
3.937226329963479377e-02 1.438533793973654053e-03 1.186555547267312605e+00
4.010572880855495931e-02 1.533990883345486434e-03 1.186493289928840067e+00
4.085285803928561527e-02 1.635087772885032362e-03 1.186467629394762469e+00
4.161390553316707264e-02 1.742088331858009749e-03 1.186477518634321937e+00
4.238913057338778573e-02 1.855254141489228294e-03 1.186520335830556272e+00
4.317879727332021161e-02 1.974854941918771558e-03 1.186593025095656229e+00
4.398317466650223523e-02 2.101170009279912636e-03 1.186692057830764924e+00
4.480253679829489938e-02 2.234490010303315493e-03 1.186813391315406641e+00
4.563716281924758839e-02 2.375119435571124930e-03 1.186952424384480675e+00
4.648733708020256344e-02 2.523379727862715485e-03 1.187103950053739254e+00
4.735334922917116413e-02 2.679613239617074840e-03 1.187262104960247644e+00
4.823549431001467047e-02 2.844188173945863454e-03 1.187420315493032952e+00
4.913407286296361809e-02 3.017504687616800151e-03 1.187571240501635872e+00
5.004939102700953213e-02 3.200002359345423177e-03 1.187706710738359206e+00
5.098176064420424647e-02 3.392138895343872664e-03 1.187819635202306268e+00
5.193149936590212012e-02 3.594307785849589973e-03 1.187909093335441257e+00
5.289893076098151070e-02 3.806895586327974264e-03 1.187975667432556781e+00
5.388438442608223938e-02 4.030303266282414358e-03 1.188020103890623735e+00
5.488819609789671872e-02 4.264949861682904367e-03 1.188043328287935685e+00
5.591070776755290017e-02 4.511277146027934705e-03 1.188046461530011477e+00
5.695226779712821846e-02 4.769755505578703557e-03 1.188030837133955853e+00
5.801323103833375128e-02 5.040891231008698750e-03 1.187998019728827126e+00
5.909395895340967958e-02 5.325235468980197770e-03 1.187949824856141978e+00
6.019481973827271043e-02 5.623394917602777057e-03 1.187888342596416402e+00
6.131618844795772016e-02 5.935981950140716001e-03 1.187816698708577645e+00
6.245844712439614643e-02 6.263508323833567697e-03 1.187740241419760201e+00
6.362198492657485105e-02 6.606482005750095171e-03 1.187665233419062938e+00
6.480719826311967524e-02 6.965430526491876891e-03 1.187598660373480275e+00
6.601449092734885948e-02 7.340906911536504605e-03 1.187548288377986427e+00
6.724427423484245769e-02 7.733497154771334404e-03 1.187522725847795391e+00
6.849696716357443760e-02 8.143829495749727726e-03 1.187531490300105741e+00
6.977299649665534564e-02 8.572585798290122128e-03 1.187585080535112469e+00
7.107279696773415034e-02 9.020502505365414134e-03 1.187691719731096329e+00
7.239681140910873836e-02 9.488300704890479179e-03 1.187836918166676803e+00
7.374549090259549522e-02 9.976726413565024237e-03 1.187994226140878906e+00
7.511929493320965157e-02 1.048659637595677346e-02 1.188134004712809499e+00
7.651869154570821452e-02 1.101881556819463842e-02 1.188223205277432193e+00
7.794415750404946885e-02 1.157439800465276912e-02 1.188225109316603634e+00
7.939617845382279659e-02 1.215449150605175596e-02 1.188099062443710663e+00
8.087524908770453436e-02 1.276037061714550662e-02 1.187803809023173951e+00
8.238187331399605962e-02 1.339288256402955228e-02 1.187351795162455259e+00
8.391656442830157381e-02 1.405238179549655325e-02 1.186804537574084328e+00
8.547984528840409102e-02 1.473908175116671500e-02 1.186232333509839920e+00
8.707224849239916797e-02 1.545304483704663251e-02 1.185713644738750183e+00
8.869431656014709064e-02 1.619415926002876899e-02 1.185335750325672732e+00
9.034660211810524588e-02 1.696211652096821926e-02 1.185195234177081280e+00
9.202966808760409956e-02 1.775686736907170285e-02 1.185345331266798752e+00
9.374408787662991127e-02 1.857939198186141574e-02 1.185723969710968495e+00
9.549044557518077125e-02 1.943106327954453524e-02 1.186244632335079485e+00
9.726933615426168467e-02 2.031359002768985331e-02 1.186810020986593273e+00
9.908136566858666283e-02 2.122909026415815623e-02 1.187311096501249885e+00
1.009271514630570854e-01 2.218011101195467571e-02 1.187630154294195606e+00
1.028073223830864719e-01 2.316814903754989274e-02 1.187731283285648143e+00
1.047225189888434382e-01 2.419316346778707313e-02 1.187672908099380642e+00
1.066733937734857113e-01 2.525476968879448308e-02 1.187525365348636841e+00
1.086606113854596822e-01 2.635225771356051322e-02 1.187367574171339202e+00
1.106848488549412035e-01 2.748457190848016887e-02 1.187286744182926235e+00
1.127467958244946084e-01 2.865188405741085978e-02 1.187322762671244814e+00
1.148471547840289042e-01 2.985707321571836464e-02 1.187429289988532366e+00
1.169866413101306873e-01 3.110405711976677381e-02 1.187546368487149229e+00
1.191659843098558796e-01 3.239776933904070511e-02 1.187606959831128961e+00
1.213859262690627772e-01 3.374399439548037699e-02 1.187541875701016769e+00
1.236472235053715091e-01 3.514460790917808136e-02 1.187351708834152531e+00
1.259506464258357550e-01 3.659749951076071706e-02 1.187095372217967126e+00
1.282969797894147612e-01 3.809941073626888636e-02 1.186840226474591864e+00
1.306870229743346268e-01 3.964585822040982144e-02 1.186660964357232118e+00
1.331215902504307713e-01 4.123392610742622477e-02 1.186597488060734618e+00
1.356015110565633452e-01 4.286554878002724750e-02 1.186615661331271498e+00
1.381276302832009362e-01 4.454390122795266055e-02 1.186668853411771751e+00
1.407008085602685088e-01 4.627306432406984998e-02 1.186705104089671892e+00
1.433219225503573890e-01 4.805668065440914238e-02 1.186694078913282491e+00
1.459918652473978506e-01 4.989627291638809581e-02 1.186654270327717642e+00
1.487115462808953625e-01 5.179325462869530800e-02 1.186612202172472985e+00
1.514818922258345801e-01 5.374919881273819422e-02 1.186595057716525181e+00
1.543038469183564687e-01 5.576512054042733618e-02 1.186583146750690654e+00
1.571783717773162781e-01 5.784133753992273114e-02 1.186507287850449899e+00
1.601064461318317811e-01 5.997804191143424335e-02 1.186288677804408387e+00
1.630890675549332702e-01 6.217549698138320063e-02 1.185869986000923637e+00
1.661272522034293042e-01 6.443456797893652721e-02 1.185298961898919812e+00
1.692220351641037235e-01 6.675641299886933555e-02 1.184655040403513437e+00
1.723744708063619790e-01 6.914241440064643196e-02 1.184027050480473076e+00
1.755856331414468730e-01 7.159423931031147492e-02 1.183513935449103549e+00
1.788566161883461958e-01 7.411390978455428824e-02 1.183225600846745218e+00
1.821885343465165230e-01 7.670377208289565207e-02 1.183274005869489720e+00
1.855825227755517060e-01 7.936522941623060101e-02 1.183659280156674098e+00
1.890397377819219571e-01 8.209889775625815733e-02 1.184295663276295763e+00
1.925613572129196704e-01 8.490541015775064648e-02 1.185084766543679002e+00
1.961485808579429280e-01 8.778546284336963268e-02 1.185915877690689069e+00
1.998026308572548593e-01 9.073985204110104896e-02 1.186664854893612064e+00
2.035247521183575770e-01 9.376945130472752465e-02 1.187215620734067834e+00
2.073162127401229071e-01 9.687498142749485786e-02 1.187548173780112126e+00
2.111783044448242164e-01 1.000572139900118701e-01 1.187674050900630718e+00
2.151123430182164953e-01 1.033171039622071824e-01 1.187607111208461630e+00
2.191196687578147451e-01 1.066558499386974362e-01 1.187363704642558027e+00
2.232016469295232397e-01 1.100749640569170379e-01 1.186962854504877596e+00
2.273596682327715113e-01 1.135763527321648897e-01 1.186426451466935372e+00
2.315951492743152096e-01 1.171624094755914502e-01 1.185779460895700854e+00
2.359095330508633737e-01 1.208361212367435877e-01 1.185050145802656552e+00
2.403042894406967056e-01 1.246011899295832726e-01 1.184270308267035610e+00
2.447809157044440187e-01 1.284621710715362353e-01 1.183475552842119027e+00
2.493409369951877785e-01 1.324246318038044268e-01 1.182705576243414214e+00
2.539859068780723761e-01 1.364944994895437858e-01 1.181998980573105040e+00
2.587174078595921300e-01 1.406734595860674453e-01 1.181363582020387160e+00
2.635370519267393186e-01 1.449611033441102481e-01 1.180794121888465442e+00
2.684464810961962322e-01 1.493566352889245108e-01 1.180284449278914183e+00
2.734473679737579599e-01 1.538588451701924931e-01 1.179827467342102310e+00
2.785414163241766161e-01 1.584660759084832171e-01 1.179415048958183831e+00
2.837303616516211324e-01 1.631761914775945455e-01 1.179037946551278804e+00
2.890159717909508430e-01 1.679865450613160227e-01 1.178685695860542060e+00
2.944000475100033709e-01 1.728939478714939804e-01 1.178346513539517026e+00
2.998844231231027613e-01 1.778946390645091968e-01 1.178007188517372406e+00
3.054709671159968054e-01 1.829856867043822000e-01 1.177655331568576047e+00
3.111615827824359970e-01 1.881702959231148775e-01 1.177287503363315002e+00
3.169582088726115021e-01 1.934546728327773135e-01 1.176902745494404989e+00
3.228628202536730218e-01 1.988468483425256117e-01 1.176500040103360734e+00
3.288774285825510346e-01 2.043569852397635334e-01 1.176078306314490174e+00
3.350040829913132900e-01 2.099977255314527391e-01 1.175636396494547986e+00
3.412448707852889229e-01 2.157845846450728300e-01 1.175173092306126987e+00
3.476019181541977754e-01 2.217364007433418049e-01 1.174687100544987928e+00
3.540773908965269556e-01 2.278746291270349889e-01 1.174177272883169643e+00
3.606734951574028236e-01 2.342075369643766836e-01 1.173645499225108635e+00
3.673924781802074269e-01 2.407311078244178115e-01 1.173096230473145818e+00
3.742366290721980682e-01 2.474389850819853909e-01 1.172534527230542967e+00
3.812082795843887983e-01 2.543223938608002443e-01 1.171966058562313062e+00
3.883098049059605095e-01 2.613697909026664878e-01 1.171397149586090869e+00
3.955436244734701345e-01 2.685664840745329851e-01 1.170834832567740236e+00
4.029122027951347884e-01 2.758945711971106385e-01 1.170286752861287471e+00
4.104180502904709038e-01 2.833471512414116322e-01 1.169755154947428988e+00
4.180637241455757991e-01 2.909371148844161481e-01 1.169234021511143418e+00
4.258518291843414461e-01 2.986823892372624800e-01 1.168715987504906018e+00
4.337850187558989212e-01 3.066053172675279326e-01 1.168192808439749708e+00
4.418659956385941334e-01 3.147333343913484849e-01 1.167655290568993198e+00
4.500975129608046355e-01 3.230997421231412980e-01 1.167093217048073228e+00
4.584823751389096036e-01 3.317369940898287073e-01 1.166498709771686348e+00
4.670234388327330621e-01 3.406526240548871654e-01 1.165876738252218159e+00
4.757236139187884794e-01 3.498463118330077948e-01 1.165236309888823429e+00
4.845858644816490868e-01 3.593159925114688402e-01 1.164587511953856236e+00
4.936132098237911991e-01 3.690575750939689148e-01 1.163941595647317362e+00
5.028087254942474882e-01 3.790647176995473600e-01 1.163310987818746201e+00
5.121755443364236493e-01 3.893352943438140867e-01 1.162703355662706661e+00
5.217168575554343990e-01 3.998778812063082388e-01 1.162116605846543083e+00
5.314359158053235666e-01 4.107033402409761558e-01 1.161547268846923275e+00
5.413360302965375404e-01 4.218240460259233271e-01 1.160991389500293680e+00
5.514205739240296555e-01 4.332541338268908193e-01 1.160444486122554464e+00
5.616929824163804374e-01 4.450097819741835603e-01 1.159901506896348300e+00
5.721567555063246102e-01 4.571095332088461749e-01 1.159356783414627667e+00
5.828154581230839959e-01 4.695746604272607039e-01 1.158803981278292206e+00
5.936727216069119795e-01 4.824295831914853783e-01 1.158236047658346202e+00
6.047322449462643190e-01 4.957020356693124241e-01 1.157645353996978432e+00
6.159977960380161877e-01 5.094129598615871890e-01 1.157030301212733203e+00
6.274732129711574347e-01 5.235715514678915827e-01 1.156397713333130906e+00
6.391624053343999412e-01 5.381854617763315307e-01 1.155755769096817875e+00
6.510693555481454897e-01 5.532613453972383688e-01 1.155113596461709191e+00
6.631981202212668958e-01 5.688046751913983234e-01 1.154481346464091951e+00
6.755528315331639222e-01 5.848195367334998451e-01 1.153870272886071024e+00
6.881376986415662644e-01 6.013084008338341890e-01 1.153292818384031637e+00
7.009570091165617800e-01 6.182718740379158362e-01 1.152762706936184101e+00
7.140151304013395706e-01 6.357128662393610741e-01 1.152292235232608375e+00
7.273165113001454074e-01 6.536479311207740173e-01 1.151885614460767426e+00
7.408656834939559843e-01 6.720986551279387600e-01 1.151545386665100867e+00
7.546672630843886953e-01 6.910895115497431851e-01 1.151274130207786239e+00
7.687259521663728501e-01 7.106483242004966172e-01 1.151074456811514324e+00
7.830465404301183430e-01 7.308067962910772541e-01 1.150949008183365763e+00
7.976339067929273385e-01 7.516011136708948825e-01 1.150900452177703093e+00
8.124930210614047521e-01 7.730678241690096542e-01 1.150930369134575582e+00
8.276289456246344045e-01 7.952151597362091540e-01 1.151032793404705323e+00
8.430468371788967241e-01 8.180351879901688328e-01 1.151197722723992900e+00
8.587519484845170803e-01 8.415142214846534907e-01 1.151413735835798979e+00
8.747496301554414933e-01 8.656319735954204342e-01 1.151667875083778991e+00
8.910453324821513421e-01 8.903605968158140316e-01 1.151945513381593900e+00
9.076446072885356875e-01 9.156653359016592164e-01 1.152230339146875338e+00
9.245531098233570333e-01 9.415528703914740616e-01 1.152507754570783804e+00
9.417766006869519035e-01 9.680908309196754047e-01 1.152765674059984535e+00
9.593209477938241525e-01 9.953652688775571633e-01 1.152990901616054442e+00
9.771921283717996953e-01 1.023480463254527129e+00 1.153168828450856997e+00
9.953962309984233370e-01 1.052561763591210342e+00 1.153283328461767843e+00
1.013939457675291811e+00 1.082748488674940113e+00 1.153318502579459004e+00
1.032828125941028574e+00 1.114109997221495618e+00 1.153273505329125426e+00
1.052068671023622892e+00 1.146670980756903990e+00 1.153156504612437017e+00
1.071667648032863296e+00 1.180451938510892251e+00 1.152976991450836541e+00
1.091631734193614811e+00 1.215468663904660129e+00 1.152745812709877749e+00
1.111967731120699021e+00 1.251731246126327912e+00 1.152475277737920800e+00
1.132682567136153784e+00 1.289242940030989049e+00 1.152179272978069768e+00
1.153783299629660863e+00 1.327998893504907185e+00 1.151873385523547455e+00
1.175277117462945276e+00 1.367984721917548940e+00 1.151575036763685000e+00
1.197171343418965694e+00 1.409174920245323870e+00 1.151303627477800351e+00
1.219473436696737023e+00 1.451531105017081380e+00 1.151080695983545565e+00
1.242190995452616242e+00 1.495000080555699773e+00 1.150930091242014841e+00
1.265331759388941713e+00 1.539518160732514129e+00 1.150876125037269881e+00
1.288903612390891462e+00 1.585084930560286098e+00 1.150920672439655679e+00
1.312914585212463958e+00 1.631755163722993895e+00 1.151048660968641002e+00
1.337372858212495075e+00 1.679596972647612985e+00 1.151242637037092287e+00
1.362286764141645401e+00 1.728693143659032483e+00 1.151482846191564713e+00
1.387664790981307128e+00 1.779143595336162509e+00 1.151747032657097547e+00
1.413515584835394190e+00 1.831068180588865779e+00 1.152010227959106459e+00
1.439847952876006643e+00 1.884609888547142731e+00 1.152244529410367813e+00
1.466670866343967150e+00 1.939938515058840851e+00 1.152418869659632694e+00
1.493993463605256311e+00 1.997254886627797488e+00 1.152498778994603512e+00
1.521825053264385552e+00 2.056775587711707765e+00 1.152450852175956220e+00
1.550175117335768737e+00 2.118587136380666536e+00 1.152276169712324716e+00
1.579053314474174297e+00 2.182695732327878613e+00 1.151994777612839638e+00
1.608469483265355215e+00 2.249090080116884049e+00 1.151629599416583716e+00
1.638433645577983100e+00 2.317738595141651370e+00 1.151206545435562889e+00
1.668956009978023181e+00 2.388585814840121557e+00 1.150754737756014334e+00
1.700046975206716438e+00 2.461548404388770095e+00 1.150306755968988348e+00
1.731717133723352786e+00 2.536510744903674119e+00 1.149898907460999764e+00
1.763977275314043469e+00 2.613323891169060609e+00 1.149570698270970803e+00
1.796838390767719229e+00 2.691928265758000371e+00 1.149338134312288595e+00
1.830311675620611256e+00 2.772414030559539277e+00 1.149184540223279649e+00
1.864408533970485227e+00 2.854902877180082399e+00 1.149088931201589725e+00
1.899140582361933616e+00 2.939543840194987379e+00 1.149027652386424903e+00
1.934519653744044332e+00 3.026517900186213250e+00 1.148974151438636460e+00
1.970557801501798378e+00 3.116043233278725122e+00 1.148898740321405265e+00
2.007267303562568106e+00 3.208380892098381842e+00 1.148768399231335113e+00
2.044660666579115826e+00 3.303766043411218600e+00 1.148558222910926574e+00
2.082750630190514318e+00 3.402292809552331931e+00 1.148267933414399922e+00
2.121550171362450055e+00 3.504032544615487410e+00 1.147901365066285928e+00
2.161072508808376647e+00 3.609054244599518846e+00 1.147463094135638295e+00
2.201331107493030181e+00 3.717424036533494736e+00 1.146958499545741361e+00
2.242339683219845003e+00 3.829204626054237615e+00 1.146393827548260802e+00
2.284112207303823361e+00 3.944454702443972227e+00 1.145776260701125704e+00
2.326662911331458083e+00 4.063228300444251317e+00 1.145113991542165754e+00
2.370006292009327886e+00 4.185574118533363475e+00 1.144416301413030190e+00
2.414157116103017753e+00 4.311534793793948772e+00 1.143693644961923050e+00
2.459130425468043946e+00 4.441146134011662916e+00 1.142957740941193290e+00
2.504941542174502267e+00 4.574436323104580815e+00 1.142221666587876161e+00
2.551606073727183954e+00 4.711442435424164188e+00 1.141496074716066511e+00
2.599139918382932901e+00 4.852249835775394260e+00 1.140781128180818671e+00
2.647559270567066747e+00 4.996961193828467707e+00 1.140074777496801417e+00
2.696880626390692370e+00 5.145690223151319742e+00 1.139374680270466289e+00
2.747120789270811603e+00 5.298563883097036076e+00 1.138678176570164569e+00
2.798296875655115645e+00 5.455724917379198402e+00 1.137982262627721397e+00
2.850426320853434614e+00 5.617334772747456739e+00 1.137283562788732549e+00
2.903526884977813971e+00 5.783576947209772889e+00 1.136578299629778632e+00
2.957616658993253544e+00 5.954660824429089949e+00 1.135862262162836922e+00
3.012714070881164385e+00 6.130825729162786786e+00 1.135130787977915334e+00
3.068837891917642224e+00 6.312293605041214839e+00 1.134381174040552276e+00
3.126007243068700259e+00 6.499200436200524678e+00 1.133615650825511079e+00
3.184241601504649744e+00 6.691673552254269630e+00 1.132837392937175780e+00
3.243560807235807975e+00 6.889844230977510087e+00 1.132049956248840417e+00
3.303985069871854918e+00 7.093848568497918450e+00 1.131257307368430887e+00
3.365534975507090909e+00 7.303828526380978126e+00 1.130463855179985710e+00
3.428231493733967294e+00 7.519933181045949766e+00 1.129674484634437981e+00
3.492095984787267682e+00 7.742320203951235769e+00 1.128894592983648471e+00
3.557150206821382277e+00 7.971157633120927066e+00 1.128128904133392840e+00
3.623416323323146226e+00 8.206626068506835736e+00 1.127375309202263143e+00
3.690916910662774608e+00 8.448920984061562223e+00 1.126628694319068202e+00
3.759674965785463563e+00 8.698255445695702193e+00 1.125883304452228284e+00
3.829713914046277257e+00 8.954863317020315350e+00 1.125132695234136726e+00
3.901057617190989202e+00 9.219002956728143516e+00 1.124369678379816273e+00
3.973730381485604202e+00 9.490961472203368388e+00 1.123586263870868907e+00
4.047756965997318268e+00 9.771049920041647852e+00 1.122774048875462505e+00
4.123162591029748469e+00 1.005948632858785707e+01 1.121929616332286717e+00
4.199972946715301525e+00 1.035640670841442912e+01 1.121053390443594200e+00
4.278214201767612579e+00 1.066193773953676605e+01 1.120146015656158678e+00
4.357913012397025554e+00 1.097619762800001375e+01 1.119208294279798066e+00
4.439096531392166867e+00 1.129929543024729099e+01 1.118241199895832372e+00
4.521792417370697592e+00 1.163133042602304457e+01 1.117245891654716328e+00
4.606028844202397998e+00 1.197239155734680516e+01 1.116223729520162244e+00
4.691834510607794329e+00 1.232255695343427782e+01 1.115176290521826763e+00
4.779238649935595440e+00 1.268189356395274636e+01 1.114105386083979354e+00
4.868271040122278848e+00 1.305045692567446736e+01 1.113013080503611141e+00
4.958962013837211913e+00 1.342829109043540292e+01 1.111901710658234288e+00
5.051342468816761411e+00 1.381543148486550976e+01 1.110774023677899569e+00
5.145443878390924652e+00 1.421195562457186767e+01 1.109635265153003481e+00
5.241298302206056192e+00 1.461799169852503688e+01 1.108493208522407292e+00
5.338938397147350301e+00 1.503368584360529248e+01 1.107356539248917970e+00
5.438397428464796235e+00 1.545920567050341710e+01 1.106234859883342470e+00
5.539709281106400596e+00 1.589474593563147309e+01 1.105138759844297880e+00
5.642908471262536807e+00 1.634053509213067557e+01 1.104079890860019786e+00
5.748030158125351008e+00 1.679684282367754733e+01 1.103071048733029524e+00
5.855110155867238042e+00 1.726398867757740874e+01 1.102126262191168493e+00
5.964184945842459840e+00 1.774235192885455703e+01 1.101260889708421731e+00
6.075291689016070862e+00 1.823236163110886565e+01 1.100489931325247639e+00
6.188468238624382778e+00 1.873427380898311156e+01 1.099808993614466601e+00
6.303753153071275150e+00 1.924821267738548514e+01 1.099199415063013774e+00
6.421185709064758385e+00 1.977430532932246621e+01 1.098639904963060854e+00
6.540805914998252923e+00 2.031268729145960350e+01 1.098106526385808079e+00
6.662654524581149929e+00 2.086350649653428135e+01 1.097572475182856389e+00
6.786773050723295064e+00 2.142692797058371568e+01 1.097007849365423393e+00
6.913203779678127603e+00 2.200313932080329948e+01 1.096379410480008421e+00
7.041989785449288775e+00 2.259235422169473040e+01 1.095650686716738376e+00
7.173174944465612768e+00 2.319462564563935913e+01 1.094804346788920579e+00
7.306803950529499936e+00 2.380967762592015191e+01 1.093858962313689176e+00
7.442922330043757917e+00 2.443713435106830545e+01 1.092838991998315912e+00
7.581576457522110069e+00 2.507653876769866841e+01 1.091771914074418870e+00
7.722813571388642551e+00 2.572734606674047697e+01 1.090688448215556994e+00
7.866681790071582192e+00 2.638891700933168849e+01 1.089622799050166124e+00
8.013230128396878982e+00 2.706051123324188623e+01 1.088612918983441036e+00
8.162508514287219796e+00 2.774146140422590889e+01 1.087688795096567462e+00
8.314567805772055564e+00 2.843160890489324188e+01 1.086845647462315601e+00
8.469459808314576676e+00 2.913095997199638987e+01 1.086070423697690357e+00
8.627237292461440887e+00 2.983960698379408782e+01 1.085348318418341229e+00
8.787954011821311084e+00 3.055774710792350746e+01 1.084662620868904970e+00
8.951664721378293166e+00 3.128570319603541705e+01 1.083994553546533401e+00
9.118425196146562328e+00 3.202394715690250848e+01 1.083323102144553518e+00
9.288292250172489162e+00 3.277312607933149735e+01 1.082624837389967398e+00
9.461323755890759912e+00 3.353409142664501275e+01 1.081873729651235960e+00
9.637578663841079418e+00 3.430793168858004094e+01 1.081040957560136517e+00
9.817117022752183786e+00 3.509600895767869844e+01 1.080094712332783757e+00
1.000000000000000000e+01 3.589999999999999858e+01 1.078999999999999959e+00
