# Source: PRIMAT compilation, https://doi.org/10.1016/j.physrep.2018.04.005
1.000000000000000021e-03 1.274791187000000576e+02 1.399999999999999911e+00
1.018628990244687619e-03 1.276394454540543535e+02 1.399999999999999911e+00
1.037605019766911670e-03 1.278013136792204705e+02 1.400000000000000133e+00
1.056934553557988335e-03 1.279647049293057535e+02 1.400000000000000133e+00
1.076624177045493267e-03 1.281295991758512969e+02 1.399999999999999911e+00
1.096680598336868600e-03 1.282959747708310090e+02 1.399999999999999911e+00
1.117110650504824203e-03 1.284638084110700333e+02 1.399999999999999911e+00
1.137921293915315117e-03 1.286330751046918692e+02 1.399999999999999911e+00
1.159119618598885779e-03 1.288037481399188380e+02 1.400000000000000133e+00
1.180712846666190276e-03 1.289757990565891816e+02 1.400000000000000133e+00
1.202708334768511989e-03 1.291491976207803134e+02 1.399999999999999911e+00
1.225113576604118949e-03 1.293239118029606232e+02 1.399999999999999911e+00
1.247936205471311460e-03 1.294999077601310091e+02 1.399999999999999911e+00
1.271183996869028896e-03 1.296771498224500760e+02 1.400000000000000133e+00
1.294864871145904933e-03 1.298556004848815064e+02 1.400000000000000133e+00
1.318986896198670470e-03 1.300352204044465623e+02 1.400000000000000133e+00
1.343558290220826226e-03 1.302159684036997760e+02 1.399999999999999911e+00
1.368587424502519176e-03 1.303978014811122534e+02 1.399999999999999911e+00
1.394082826282578647e-03 1.305806748290824828e+02 1.400000000000000133e+00
1.420053181653683095e-03 1.307645418603603957e+02 1.400000000000000133e+00
1.446507338521647217e-03 1.309493542437245708e+02 1.400000000000000133e+00
1.473454309619835756e-03 1.311350619498167021e+02 1.399999999999999911e+00
1.500903275579736594e-03 1.313216133081052135e+02 1.400000000000000133e+00
1.528863588058731147e-03 1.315089550760169459e+02 1.399999999999999911e+00
1.557344772926135207e-03 1.316970325213545721e+02 1.399999999999999911e+00
1.586356533508589657e-03 1.318857895191969192e+02 1.400000000000000133e+00
1.615908753895919101e-03 1.320751686645611471e+02 1.399999999999999911e+00
1.646011502308549748e-03 1.322651114021981300e+02 1.399999999999999911e+00
1.676675034527699143e-03 1.324555581749860949e+02 1.400000000000000133e+00
1.707909797389426916e-03 1.326464485924910264e+02 1.400000000000000133e+00
1.739726432343800767e-03 1.328377216213639258e+02 1.400000000000000133e+00
1.772135779080358372e-03 1.330293157993669695e+02 1.400000000000000133e+00
1.805148879221108154e-03 1.332211694749288142e+02 1.400000000000000133e+00
1.838776980082326793e-03 1.334132210742702398e+02 1.399999999999999911e+00
1.873031538506436536e-03 1.336054093982662891e+02 1.400000000000000133e+00
1.907924224765265072e-03 1.337976739513561881e+02 1.399999999999999911e+00
1.943466926536020246e-03 1.339899553049705219e+02 1.399999999999999911e+00
1.979671752951332481e-03 1.341821954980975988e+02 1.400000000000000133e+00
2.016551038724746607e-03 1.343743384777848462e+02 1.399999999999999911e+00
2.054117348353064112e-03 1.345663305825609939e+02 1.400000000000000133e+00
2.092383480396977150e-03 1.347581210719419005e+02 1.400000000000000133e+00
2.131362471841437810e-03 1.349496627054071212e+02 1.399999999999999911e+00
2.171067602537264923e-03 1.351409123744382441e+02 1.400000000000000133e+00
2.211512399725488933e-03 1.353318317914542490e+02 1.399999999999999911e+00
2.252710642645980484e-03 1.355223882397251032e+02 1.400000000000000133e+00
2.294676367231936100e-03 1.357125553886119178e+02 1.400000000000000133e+00
2.337423870891814758e-03 1.359023141787732811e+02 1.399999999999999911e+00
2.380967717380358135e-03 1.360916537822798773e+02 1.399999999999999911e+00
2.425322741760352948e-03 1.362805726429166668e+02 1.400000000000000133e+00
2.470504055456825433e-03 1.364690796023079429e+02 1.399999999999999911e+00
2.516527051405391836e-03 1.366571951178908932e+02 1.400000000000000133e+00
2.563407409296514835e-03 1.368449525791767769e+02 1.400000000000000133e+00
2.611161100917459583e-03 1.370323997292083504e+02 1.399999999999999911e+00
2.659804395593758260e-03 1.372196001986081342e+02 1.399999999999999911e+00
2.709353865732051433e-03 1.374066351601658482e+02 1.399999999999999911e+00
2.759826392466180594e-03 1.375936051125134156e+02 1.400000000000000133e+00
2.811239171408464344e-03 1.377806318020824392e+02 1.399999999999999911e+00
2.863609718508115885e-03 1.379678602932849003e+02 1.399999999999999911e+00
2.916955876018795853e-03 1.381554611976447973e+02 1.399999999999999911e+00
2.971295818577334054e-03 1.383436330735134163e+02 1.399999999999999911e+00
3.026648059395692196e-03 1.385325992426391792e+02 1.399999999999999911e+00
3.083031456568277075e-03 1.387224647281692569e+02 1.399999999999999911e+00
3.140465219496752208e-03 1.389131881068809093e+02 1.399999999999999911e+00
3.198968915434537586e-03 1.391047196743832046e+02 1.400000000000000133e+00
3.258562476153226226e-03 1.392970087688953527e+02 1.399999999999999911e+00
3.319266204733189573e-03 1.394900039158256391e+02 1.400000000000000133e+00
3.381100782480685445e-03 1.396836529915595122e+02 1.400000000000000133e+00
3.444087275973823411e-03 1.398779034080581596e+02 1.399999999999999911e+00
3.508247144239792347e-03 1.400727023199633834e+02 1.399999999999999911e+00
3.573602246065788347e-03 1.402679968560303223e+02 1.399999999999999911e+00
3.640174847446141400e-03 1.404637343768327753e+02 1.399999999999999911e+00
3.707987629168172684e-03 1.406598627608033496e+02 1.399999999999999911e+00
3.777063694539364597e-03 1.408563307208290496e+02 1.399999999999999911e+00
3.847426577258505898e-03 1.410530881537526113e+02 1.399999999999999911e+00
3.919100249433401899e-03 1.412500865252941935e+02 1.399999999999999911e+00
3.992109129748053209e-03 1.414472792930735068e+02 1.400000000000000133e+00
4.066478091781853925e-03 1.416446244130960110e+02 1.399999999999999911e+00
4.142232472483897525e-03 1.418420946674192180e+02 1.399999999999999911e+00
4.219398080805024202e-03 1.420396721101053288e+02 1.399999999999999911e+00
4.298001206490798497e-03 1.422373451909967628e+02 1.400000000000000133e+00
4.378068629038166758e-03 1.424351095962219347e+02 1.399999999999999911e+00
4.459627626819095622e-03 1.426329691632660968e+02 1.399999999999999911e+00
4.542705986374042521e-03 1.428309368722669603e+02 1.400000000000000133e+00
4.627332011878692967e-03 1.430290359189431513e+02 1.399999999999999911e+00
4.713534534786906725e-03 1.432273008749594396e+02 1.399999999999999911e+00
4.801342923653449841e-03 1.434257789419141034e+02 1.399999999999999911e+00
4.890787094139589959e-03 1.436245313056134876e+02 1.399999999999999911e+00
4.981897519205159656e-03 1.438236345977519477e+02 1.399999999999999911e+00
5.074705239490466188e-03 1.440231697767888193e+02 1.400000000000000133e+00
5.169241873891598608e-03 1.442231394865087566e+02 1.399999999999999911e+00
5.265539630332755246e-03 1.444235102868669287e+02 1.400000000000000133e+00
5.363631316739239652e-03 1.446242518188516613e+02 1.399999999999999911e+00
5.463550352214875498e-03 1.448253375410338037e+02 1.399999999999999911e+00
5.565330778427646403e-03 1.450267453358827368e+02 1.399999999999999911e+00
5.669007271207434327e-03 1.452284581698899615e+02 1.399999999999999911e+00
5.774615152359819509e-03 1.454304648114093652e+02 1.399999999999999911e+00
5.882190401699956099e-03 1.456327606103693881e+02 1.399999999999999911e+00
5.991769669310619169e-03 1.458353483443069649e+02 1.399999999999999911e+00
6.103390288028621123e-03 1.460382337581926890e+02 1.399999999999999911e+00
6.217090286163826779e-03 1.462414035960145782e+02 1.399999999999999911e+00
6.332908400455114321e-03 1.464448421295281832e+02 1.400000000000000133e+00
6.450884089267692675e-03 1.466485398334042145e+02 1.400000000000000133e+00
6.571057546036270826e-03 1.468524942080048277e+02 1.400000000000000133e+00
6.693469712958660493e-03 1.470567106688277761e+02 1.400000000000000133e+00
6.818162294944479437e-03 1.472612035102895049e+02 1.400000000000000133e+00
6.945177773823696388e-03 1.474659969491471543e+02 1.399999999999999911e+00
7.074559422819878297e-03 1.476711239394196582e+02 1.400000000000000133e+00
7.206351321293052656e-03 1.478765898429910806e+02 1.400000000000000133e+00
7.340598369757212090e-03 1.480823750172711186e+02 1.400000000000000133e+00
7.477346305177588227e-03 1.482884643917113863e+02 1.400000000000000133e+00
7.616641716552892058e-03 1.484948491454292991e+02 1.399999999999999911e+00
7.758532060787835978e-03 1.487015275313854943e+02 1.400000000000000133e+00
7.903065678861348128e-03 1.489085057702922938e+02 1.399999999999999911e+00
8.050291812295981564e-03 1.491157987053858847e+02 1.399999999999999911e+00
8.200260619934130954e-03 1.493234125761927089e+02 1.399999999999999911e+00
8.353023195026778799e-03 1.495313333771896680e+02 1.400000000000000133e+00
8.508631582640582489e-03 1.497395510353113366e+02 1.399999999999999911e+00
8.667138797389234081e-03 1.499480624750992490e+02 1.399999999999999911e+00
8.828598841495149604e-03 1.501568725092008378e+02 1.399999999999999911e+00
8.993066723187623582e-03 1.503659948034571983e+02 1.399999999999999911e+00
9.160598475443709407e-03 1.505754454970585243e+02 1.399999999999999911e+00
9.331251175078249249e-03 1.507852162134709602e+02 1.399999999999999911e+00
9.505082962189511861e-03 1.509952956419946588e+02 1.400000000000000133e+00
9.682153059967075343e-03 1.512056793491106816e+02 1.399999999999999911e+00
9.862521794868784469e-03 1.514163706614623379e+02 1.399999999999999911e+00
1.004625061717340749e-02 1.516273815117218078e+02 1.399999999999999911e+00
1.023340212191641702e-02 1.518387197930705383e+02 1.399999999999999911e+00
1.042404007021556327e-02 1.520503750688057778e+02 1.399999999999999911e+00
1.061822941099384125e-02 1.522623406650713491e+02 1.399999999999999911e+00
1.081603630310709954e-02 1.524746174380205161e+02 1.399999999999999911e+00
1.101752813788386791e-02 1.526872147089764553e+02 1.400000000000000133e+00
1.122277356208507652e-02 1.529001425857064191e+02 1.399999999999999911e+00
1.143184250129149725e-02 1.531133930197626398e+02 1.399999999999999911e+00
1.164480618372686072e-02 1.533269598284242363e+02 1.399999999999999911e+00
1.186173716452478509e-02 1.535408444666379069e+02 1.400000000000000133e+00
1.208270935044776506e-02 1.537550566630312403e+02 1.399999999999999911e+00
1.230779802506665188e-02 1.539696007983608013e+02 1.400000000000000133e+00
1.253707987440920262e-02 1.541844686825473616e+02 1.399999999999999911e+00
1.277063301308643990e-02 1.543996578956075894e+02 1.399999999999999911e+00
1.300853701090571267e-02 1.546151741722004260e+02 1.399999999999999911e+00
1.325087291997953214e-02 1.548310260264702833e+02 1.399999999999999911e+00
1.349772330233941706e-02 1.550472078586532518e+02 1.399999999999999911e+00
1.374917225806419029e-02 1.552637163837860328e+02 1.399999999999999911e+00
1.400530545393219653e-02 1.554805564022551607e+02 1.399999999999999911e+00
1.426621015260736910e-02 1.556977357993436328e+02 1.399999999999999911e+00
1.453197524236895383e-02 1.559152486956468522e+02 1.399999999999999911e+00
1.480269126739508674e-02 1.561330913784713346e+02 1.399999999999999911e+00
1.507845045861051086e-02 1.563512681289901707e+02 1.399999999999999911e+00
1.535934676510897039e-02 1.565697842845884793e+02 1.399999999999999911e+00
1.564547588616095955e-02 1.567886397217826868e+02 1.400000000000000133e+00
1.593693530381774456e-02 1.570078412938576662e+02 1.399999999999999911e+00
1.623382431612278159e-02 1.572274013777509651e+02 1.399999999999999911e+00
1.653624407094180307e-02 1.574473117182719477e+02 1.399999999999999911e+00
1.684429760042315330e-02 1.576675568799873872e+02 1.399999999999999911e+00
1.715808985610004986e-02 1.578881280665958684e+02 1.399999999999999911e+00
1.747772774464680795e-02 1.581090240794776776e+02 1.399999999999999911e+00
1.780332016430113962e-02 1.583302522755018913e+02 1.399999999999999911e+00
1.813497804196495186e-02 1.585518291561719764e+02 1.399999999999999911e+00
1.847281437099634188e-02 1.587737644224934854e+02 1.399999999999999911e+00
1.881694424970555696e-02 1.589960545072736409e+02 1.399999999999999911e+00
1.916748492056815148e-02 1.592187024793562671e+02 1.399999999999999911e+00
1.952455581016860828e-02 1.594417204225188982e+02 1.400000000000000133e+00
1.988827856988809734e-02 1.596651305107139649e+02 1.399999999999999911e+00
2.025877711735016989e-02 1.598889615086199001e+02 1.399999999999999911e+00
2.063617767863858837e-02 1.601132039641998119e+02 1.399999999999999911e+00
2.102060883130158278e-02 1.603378249679735177e+02 1.399999999999999911e+00
2.141220154815729262e-02 1.605627957651934992e+02 1.399999999999999911e+00
2.181108924191518805e-02 1.607880928352157923e+02 1.400000000000000133e+00
2.221740781062883641e-02 1.610136986583699468e+02 1.399999999999999911e+00
2.263129568399528321e-02 1.612396025495474987e+02 1.399999999999999911e+00
2.305289387051707301e-02 1.614658015633078207e+02 1.399999999999999911e+00
2.348234600554275145e-02 1.616923014756364410e+02 1.399999999999999911e+00
2.391979840020238418e-02 1.619191178478322684e+02 1.400000000000000133e+00
2.436540009125464853e-02 1.621462771783831158e+02 1.399999999999999911e+00
2.481930289186254010e-02 1.623738181491041814e+02 1.399999999999999911e+00
2.528166144331499277e-02 1.626017893727781711e+02 1.399999999999999911e+00
2.575263326771199887e-02 1.628302000731541455e+02 1.399999999999999911e+00
2.623237882163122203e-02 1.630590271757737355e+02 1.399999999999999911e+00
2.672106155079433804e-02 1.632882523544362243e+02 1.399999999999999911e+00
2.721884794575178332e-02 1.635178637845806406e+02 1.399999999999999911e+00
2.772590759860482645e-02 1.637478570170017349e+02 1.399999999999999911e+00
2.824241326078434297e-02 1.639782359259714610e+02 1.399999999999999911e+00
2.876854090190592711e-02 1.642090137371027083e+02 1.399999999999999911e+00
2.930446976972142861e-02 1.644402141406504825e+02 1.399999999999999911e+00
2.985038245118730796e-02 1.646718724963589295e+02 1.399999999999999911e+00
3.040646493467067182e-02 1.649040302165502112e+02 1.399999999999999911e+00
3.097290667331408301e-02 1.651366757451826572e+02 1.400000000000000133e+00
3.154990064958086704e-02 1.653697672844052420e+02 1.399999999999999911e+00
3.213764344100276948e-02 1.656032662208433521e+02 1.399999999999999911e+00
3.273633528715245988e-02 1.658371380988929218e+02 1.400000000000000133e+00
3.334618015786364187e-02 1.660713533065773504e+02 1.399999999999999911e+00
3.396738582272208068e-02 1.663058878227781747e+02 1.399999999999999911e+00
3.460016392185108480e-02 1.665407240302985201e+02 1.399999999999999911e+00
3.524473003801584237e-02 1.667758515995169546e+02 1.399999999999999911e+00
3.590130377007068330e-02 1.670112684477075504e+02 1.400000000000000133e+00
3.657010880777489259e-02 1.672469817794508344e+02 1.399999999999999911e+00
3.725137300800209633e-02 1.674830092139343378e+02 1.400000000000000133e+00
3.794532847236938011e-02 1.677193800053275083e+02 1.399999999999999911e+00
3.865221162631261864e-02 1.679561363628793629e+02 1.399999999999999911e+00
3.937226329963479377e-02 1.681933348778175343e+02 1.399999999999999911e+00
4.010572880855495931e-02 1.684310479970006611e+02 1.399999999999999911e+00
4.085285803928561527e-02 1.686693304553062376e+02 1.399999999999999911e+00
4.161390553316707264e-02 1.689081568635606914e+02 1.399999999999999911e+00
4.238913057338778573e-02 1.691474913669330817e+02 1.400000000000000133e+00
4.317879727332021161e-02 1.693873024281125481e+02 1.399999999999999911e+00
4.398317466650223523e-02 1.696275635250059111e+02 1.399999999999999911e+00
4.480253679829489938e-02 1.698682539107042828e+02 1.399999999999999911e+00
4.563716281924758839e-02 1.701093594402580607e+02 1.399999999999999911e+00
4.648733708020256344e-02 1.703508734690862809e+02 1.399999999999999911e+00
4.735334922917116413e-02 1.705927978281858657e+02 1.400000000000000133e+00
4.823549431001467047e-02 1.708351438816507937e+02 1.399999999999999911e+00
4.913407286296361809e-02 1.710779336723992401e+02 1.399999999999999911e+00
5.004939102700953213e-02 1.713212011601868880e+02 1.399999999999999911e+00
5.098176064420424647e-02 1.715649761516797014e+02 1.399999999999999911e+00
5.193149936590212012e-02 1.718092399804535830e+02 1.399999999999999911e+00
5.289893076098151070e-02 1.720539673468252886e+02 1.400000000000000133e+00
5.388438442608223938e-02 1.722991390275198000e+02 1.399999999999999911e+00
5.488819609789671872e-02 1.725447427337175554e+02 1.399999999999999911e+00
5.591070776755290017e-02 1.727907740432069943e+02 1.400000000000000133e+00
5.695226779712821846e-02 1.730372374119730523e+02 1.399999999999999911e+00
5.801323103833375128e-02 1.732841472709288837e+02 1.400000000000000133e+00
5.909395895340967958e-02 1.735315292138768939e+02 1.399999999999999911e+00
6.019481973827271043e-02 1.737794212044798030e+02 1.399999999999999911e+00
6.131618844795772016e-02 1.740278510440329001e+02 1.399999999999999911e+00
6.245844712439614643e-02 1.742767999789953706e+02 1.399999999999999911e+00
6.362198492657485105e-02 1.745262472039663919e+02 1.399999999999999911e+00
6.480719826311967524e-02 1.747761786122377146e+02 1.399999999999999911e+00
6.601449092734885948e-02 1.750265877098751162e+02 1.399999999999999911e+00
6.724427423484245769e-02 1.752774766080883637e+02 1.399999999999999911e+00
6.849696716357443760e-02 1.755288570995117254e+02 1.399999999999999911e+00
6.977299649665534564e-02 1.757807518244218272e+02 1.399999999999999911e+00
7.107279696773415034e-02 1.760331889370835086e+02 1.399999999999999911e+00
7.239681140910873836e-02 1.762861627864883189e+02 1.399999999999999911e+00
7.374549090259549522e-02 1.765396562363992814e+02 1.400000000000000133e+00
7.511929493320965157e-02 1.767936593292091345e+02 1.400000000000000133e+00
7.651869154570821452e-02 1.770481703122391934e+02 1.400000000000000133e+00
7.794415750404946885e-02 1.773031966836610707e+02 1.400000000000000133e+00
7.939617845382279659e-02 1.775587563263409550e+02 1.399999999999999911e+00
8.087524908770453436e-02 1.778148765217381424e+02 1.400000000000000133e+00
8.238187331399605962e-02 1.780715616610611676e+02 1.399999999999999911e+00
8.391656442830157381e-02 1.783287970156569315e+02 1.400000000000000133e+00
8.547984528840409102e-02 1.785865746283502631e+02 1.400000000000000133e+00
8.707224849239916797e-02 1.788448950278564098e+02 1.399999999999999911e+00
8.869431656014709064e-02 1.791037683011635124e+02 1.399999999999999911e+00
9.034660211810524588e-02 1.793632151709031746e+02 1.399999999999999911e+00
9.202966808760409956e-02 1.796232515897953874e+02 1.399999999999999911e+00
9.374408787662991127e-02 1.798838672716507858e+02 1.399999999999999911e+00
9.549044557518077125e-02 1.801450550006946685e+02 1.399999999999999911e+00
9.726933615426168467e-02 1.804068161682319840e+02 1.399999999999999911e+00
9.908136566858666283e-02 1.806691618579283158e+02 1.399999999999999911e+00
1.009271514630570854e-01 1.809321129365565071e+02 1.399999999999999911e+00
1.028073223830864719e-01 1.811956765760158703e+02 1.399999999999999911e+00
1.047225189888434382e-01 1.814598437973382090e+02 1.400000000000000133e+00
1.066733937734857113e-01 1.817246128271879968e+02 1.400000000000000133e+00
1.086606113854596822e-01 1.819899912105872772e+02 1.400000000000000133e+00
1.106848488549412035e-01 1.822559966585191376e+02 1.399999999999999911e+00
1.127467958244946084e-01 1.825226404091081918e+02 1.399999999999999911e+00
1.148471547840289042e-01 1.827899158203225056e+02 1.399999999999999911e+00
1.169866413101306873e-01 1.830578224352027235e+02 1.399999999999999911e+00
1.191659843098558796e-01 1.833263692970910483e+02 1.399999999999999911e+00
1.213859262690627772e-01 1.835955743405791338e+02 1.399999999999999911e+00
1.236472235053715091e-01 1.838654421424087104e+02 1.399999999999999911e+00
1.259506464258357550e-01 1.841359686087990042e+02 1.399999999999999911e+00
1.282969797894147612e-01 1.844071582656844726e+02 1.399999999999999911e+00
1.306870229743346268e-01 1.846790256144451803e+02 1.399999999999999911e+00
1.331215902504307713e-01 1.849515824667116135e+02 1.400000000000000133e+00
1.356015110565633452e-01 1.852248261670714271e+02 1.399999999999999911e+00
1.381276302832009362e-01 1.854987606280899683e+02 1.399999999999999911e+00
1.407008085602685088e-01 1.857733996964073242e+02 1.399999999999999911e+00
1.433219225503573890e-01 1.860487550822046785e+02 1.399999999999999911e+00
1.459918652473978506e-01 1.863248241427323819e+02 1.399999999999999911e+00
1.487115462808953625e-01 1.866016106924843143e+02 1.399999999999999911e+00
1.514818922258345801e-01 1.868791279134833871e+02 1.399999999999999911e+00
1.543038469183564687e-01 1.871573858331584006e+02 1.399999999999999911e+00
1.571783717773162781e-01 1.874363917060660185e+02 1.399999999999999911e+00
1.601064461318317811e-01 1.877161627350171500e+02 1.399999999999999911e+00
1.630890675549332702e-01 1.879967171891708801e+02 1.399999999999999911e+00
1.661272522034293042e-01 1.882780459222531135e+02 1.399999999999999911e+00
1.692220351641037235e-01 1.885601391733533490e+02 1.399999999999999911e+00
1.723744708063619790e-01 1.888429956188510062e+02 1.399999999999999911e+00
1.755856331414468730e-01 1.891266234604573242e+02 1.399999999999999911e+00
1.788566161883461958e-01 1.894110416053993333e+02 1.399999999999999911e+00
1.821885343465165230e-01 1.896962786108062460e+02 1.399999999999999911e+00
1.855825227755517060e-01 1.899823469358287866e+02 1.399999999999999911e+00
1.890397377819219571e-01 1.902692501062710164e+02 1.399999999999999911e+00
1.925613572129196704e-01 1.905570012744493340e+02 1.399999999999999911e+00
1.961485808579429280e-01 1.908456247674681379e+02 1.399999999999999911e+00
1.998026308572548593e-01 1.911351574045167467e+02 1.399999999999999911e+00
2.035247521183575770e-01 1.914256360749739088e+02 1.399999999999999911e+00
2.073162127401229071e-01 1.917170444929056714e+02 1.400000000000000133e+00
2.111783044448242164e-01 1.920093534771079646e+02 1.399999999999999911e+00
2.151123430182164953e-01 1.923025397594558115e+02 1.399999999999999911e+00
2.191196687578147451e-01 1.925965868690536524e+02 1.399999999999999911e+00
2.232016469295232397e-01 1.928914860917298029e+02 1.399999999999999911e+00
2.273596682327715113e-01 1.931872375129849502e+02 1.399999999999999911e+00
2.315951492743152096e-01 1.934838511504415806e+02 1.399999999999999911e+00
2.359095330508633737e-01 1.937813481822799133e+02 1.400000000000000133e+00
2.403042894406967056e-01 1.940797622785824217e+02 1.399999999999999911e+00
2.447809157044440187e-01 1.943791410430073938e+02 1.399999999999999911e+00
2.493409369951877785e-01 1.946795475727208213e+02 1.399999999999999911e+00
2.539859068780723761e-01 1.949810488557552048e+02 1.399999999999999911e+00
2.587174078595921300e-01 1.952836448022703735e+02 1.400000000000000133e+00
2.635370519267393186e-01 1.955873113018965910e+02 1.399999999999999911e+00
2.684464810961962322e-01 1.958920305079044510e+02 1.399999999999999911e+00
2.734473679737579599e-01 1.961977918149228515e+02 1.400000000000000133e+00
2.785414163241766161e-01 1.965045928573240701e+02 1.399999999999999911e+00
2.837303616516211324e-01 1.968124405941586019e+02 1.399999999999999911e+00
2.890159717909508430e-01 1.971213524869226603e+02 1.399999999999999911e+00
2.944000475100033709e-01 1.974313577769013648e+02 1.399999999999999911e+00
2.998844231231027613e-01 1.977424988692885961e+02 1.399999999999999911e+00
3.054709671159968054e-01 1.980548187494047454e+02 1.399999999999999911e+00
3.111615827824359970e-01 1.983683132458970420e+02 1.399999999999999911e+00
3.169582088726115021e-01 1.986829700840380042e+02 1.399999999999999911e+00
3.228628202536730218e-01 1.989987849165669331e+02 1.399999999999999911e+00
3.288774285825510346e-01 1.993157623860623460e+02 1.399999999999999911e+00
3.350040829913132900e-01 1.996339172787042457e+02 1.399999999999999911e+00
3.412448707852889229e-01 1.999532757762205506e+02 1.399999999999999911e+00
3.476019181541977754e-01 2.002738768131384290e+02 1.399999999999999911e+00
3.540773908965269556e-01 2.005957700353008875e+02 1.399999999999999911e+00
3.606734951574028236e-01 2.009189718558112929e+02 1.400000000000000133e+00
3.673924781802074269e-01 2.012434740946255260e+02 1.400000000000000133e+00
3.742366290721980682e-01 2.015692760685309679e+02 1.400000000000000133e+00
3.812082795843887983e-01 2.018963863935667291e+02 1.400000000000000133e+00
3.883098049059605095e-01 2.022248241679439502e+02 1.400000000000000133e+00
3.955436244734701345e-01 2.025546202555854620e+02 1.400000000000000133e+00
4.029122027951347884e-01 2.028858179343489780e+02 1.400000000000000133e+00
4.104180502904709038e-01 2.032184440362679823e+02 1.399999999999999911e+00
4.180637241455757991e-01 2.035524956049286232e+02 1.399999999999999911e+00
4.258518291843414461e-01 2.038879755511679832e+02 1.399999999999999911e+00
4.337850187558989212e-01 2.042248964319204276e+02 1.399999999999999911e+00
4.418659956385941334e-01 2.045632816664753193e+02 1.399999999999999911e+00
4.500975129608046355e-01 2.049031668561055994e+02 1.400000000000000133e+00
4.584823751389096036e-01 2.052445911678329367e+02 1.399999999999999911e+00
4.670234388327330621e-01 2.055875677704417228e+02 1.399999999999999911e+00
4.757236139187884794e-01 2.059321106389672877e+02 1.399999999999999911e+00
4.845858644816490868e-01 2.062782446004470387e+02 1.399999999999999911e+00
4.936132098237911991e-01 2.066260066535176350e+02 1.399999999999999689e+00
5.028087254942474882e-01 2.069754469865710007e+02 1.400000000000000133e+00
5.121755443364236493e-01 2.073265989244993364e+02 1.399999999999999911e+00
5.217168575554343990e-01 2.076794534484459120e+02 1.399999999999999911e+00
5.314359158053235666e-01 2.080340038749381222e+02 1.399999999999999911e+00
5.413360302965375404e-01 2.083902517106046162e+02 1.399999999999999911e+00
5.514205739240296555e-01 2.087482077531375069e+02 1.399999999999999911e+00
5.616929824163804374e-01 2.091078932880024297e+02 1.399999999999999911e+00
5.721567555063246102e-01 2.094693413879269599e+02 1.399999999999999911e+00
5.828154581230839959e-01 2.098325983227032339e+02 1.399999999999999911e+00
5.936727216069119795e-01 2.101977250873729304e+02 1.399999999999999911e+00
6.047322449462643190e-01 2.105647976323878083e+02 1.399999999999999911e+00
6.159977960380161877e-01 2.109338606269926970e+02 1.399999999999999911e+00
6.274732129711574347e-01 2.113049110902317977e+02 1.399999999999999911e+00
6.391624053343999412e-01 2.116779503669797862e+02 1.399999999999999911e+00
6.510693555481454897e-01 2.120529885891853041e+02 1.399999999999999911e+00
6.631981202212668958e-01 2.124300458299961747e+02 1.399999999999999911e+00
6.755528315331639222e-01 2.128091533580214332e+02 1.399999999999999911e+00
6.881376986415662644e-01 2.131903549991208706e+02 1.399999999999999911e+00
7.009570091165617800e-01 2.135737086080465303e+02 1.400000000000000133e+00
7.140151304013395706e-01 2.139592701343195529e+02 1.399999999999999911e+00
7.273165113001454074e-01 2.143470528376318498e+02 1.400000000000000133e+00
7.408656834939559843e-01 2.147370680002383949e+02 1.400000000000000133e+00
7.546672630843886953e-01 2.151293366816796038e+02 1.400000000000000133e+00
7.687259521663728501e-01 2.155238909623798236e+02 1.399999999999999911e+00
7.830465404301183430e-01 2.159207752944805065e+02 1.399999999999999911e+00
7.976339067929273385e-01 2.163200479678332044e+02 1.400000000000000133e+00
8.124930210614047521e-01 2.167217744040065384e+02 1.400000000000000133e+00
8.276289456246344045e-01 2.171259804589457758e+02 1.399999999999999911e+00
8.430468371788967241e-01 2.175326801829088481e+02 1.399999999999999911e+00
8.587519484845170803e-01 2.179418973396208798e+02 1.399999999999999911e+00
8.747496301554414933e-01 2.183536667089504704e+02 1.399999999999999911e+00
8.910453324821513421e-01 2.187680354413109285e+02 1.399999999999999911e+00
9.076446072885356875e-01 2.191850636790229601e+02 1.399999999999999911e+00
9.245531098233570333e-01 2.196048022118243352e+02 1.399999999999999911e+00
9.417766006869519035e-01 2.200272875384790723e+02 1.399999999999999911e+00
9.593209477938241525e-01 2.204525668666832132e+02 1.400000000000000133e+00
9.771921283717996953e-01 2.208807009195352009e+02 1.399999999999999911e+00
9.953962309984233370e-01 2.213117655029767263e+02 1.399999999999999911e+00
1.013939457675291811e+00 2.217458450861092274e+02 1.400000000000000133e+00
1.032828125941028574e+00 2.221829689785403446e+02 1.400000000000000133e+00
1.052068671023622892e+00 2.226231385966826792e+02 1.400000000000000133e+00
1.071667648032863296e+00 2.230663623855072046e+02 1.400000000000000133e+00
1.091631734193614811e+00 2.235126571522302754e+02 1.400000000000000133e+00
1.111967731120699021e+00 2.239620492020681866e+02 1.400000000000000133e+00
1.132682567136153784e+00 2.244145755750840010e+02 1.400000000000000133e+00
1.153783299629660863e+00 2.248702853917247353e+02 1.399999999999999911e+00
1.175277117462945276e+00 2.253292413152194342e+02 1.400000000000000133e+00
1.197171343418965694e+00 2.257915211395649351e+02 1.400000000000000133e+00
1.219473436696737023e+00 2.262572195124929522e+02 1.400000000000000133e+00
1.242190995452616242e+00 2.267264498034874691e+02 1.400000000000000133e+00
1.265331759388941713e+00 2.271993390201930083e+02 1.400000000000000133e+00
1.288903612390891462e+00 2.276759491728849980e+02 1.400000000000000133e+00
1.312914585212463958e+00 2.281562971965025497e+02 1.399999999999999911e+00
1.337372858212495075e+00 2.286404071457634473e+02 1.400000000000000133e+00
1.362286764141645401e+00 2.291283122371159209e+02 1.400000000000000133e+00
1.387664790981307128e+00 2.296200560531376595e+02 1.399999999999999911e+00
1.413515584835394190e+00 2.301156938541468833e+02 1.399999999999999911e+00
1.439847952876006643e+00 2.306152940051545670e+02 1.400000000000000133e+00
1.466670866343967150e+00 2.311189395268957298e+02 1.399999999999999911e+00
1.493993463605256311e+00 2.316267297802961025e+02 1.400000000000000133e+00
1.521825053264385552e+00 2.321387736359346832e+02 1.400000000000000133e+00
1.550175117335768737e+00 2.326551293083896894e+02 1.400000000000000133e+00
1.579053314474174297e+00 2.331758338139561602e+02 1.400000000000000133e+00
1.608469483265355215e+00 2.337009339432357535e+02 1.400000000000000133e+00
1.638433645577983100e+00 2.342304877201382283e+02 1.399999999999999911e+00
1.668956009978023181e+00 2.347645657946648328e+02 1.400000000000000133e+00
1.700046975206716438e+00 2.353032529582696100e+02 1.400000000000000133e+00
1.731717133723352786e+00 2.358466497911247188e+02 1.399999999999999911e+00
1.763977275314043469e+00 2.363948732404221289e+02 1.399999999999999911e+00
1.796838390767719229e+00 2.369480189433660371e+02 1.399999999999999911e+00
1.830311675620611256e+00 2.375061488021575258e+02 1.399999999999999911e+00
1.864408533970485227e+00 2.380693338074598557e+02 1.399999999999999911e+00
1.899140582361933616e+00 2.386376581826743006e+02 1.399999999999999911e+00
1.934519653744044332e+00 2.392112209515060215e+02 1.399999999999999911e+00
1.970557801501798378e+00 2.397901376423176032e+02 1.399999999999999911e+00
2.007267303562568106e+00 2.403745419796429701e+02 1.399999999999999911e+00
2.044660666579115826e+00 2.409645514482037356e+02 1.399999999999999911e+00
2.082750630190514318e+00 2.415602165873400793e+02 1.399999999999999911e+00
2.121550171362450055e+00 2.421615854588677053e+02 1.399999999999999911e+00
2.161072508808376647e+00 2.427687153885971441e+02 1.399999999999999911e+00
2.201331107493030181e+00 2.433816741925828921e+02 1.399999999999999911e+00
2.242339683219845003e+00 2.440005415156383322e+02 1.399999999999999911e+00
2.284112207303823361e+00 2.446254102908870891e+02 1.399999999999999911e+00
2.326662911331458083e+00 2.452563883297514735e+02 1.399999999999999911e+00
2.370006292009327886e+00 2.458936000525018528e+02 1.399999999999999911e+00
2.414157116103017753e+00 2.465371883702385958e+02 1.399999999999999911e+00
2.459130425468043946e+00 2.471873167300155956e+02 1.399999999999999911e+00
2.504941542174502267e+00 2.478441713027847584e+02 1.399999999999999911e+00
2.551606073727183954e+00 2.485079259650179893e+02 1.399999999999999911e+00
2.599139918382932901e+00 2.491786652963201334e+02 1.399999999999999911e+00
2.647559270567066747e+00 2.498564644741917959e+02 1.399999999999999911e+00
2.696880626390692370e+00 2.505414090566997629e+02 1.399999999999999911e+00
2.747120789270811603e+00 2.512335963042283993e+02 1.399999999999999911e+00
2.798296875655115645e+00 2.519331366226762157e+02 1.399999999999999911e+00
2.850426320853434614e+00 2.526401551377008161e+02 1.399999999999999911e+00
2.903526884977813971e+00 2.533547934103409318e+02 1.399999999999999911e+00
2.957616658993253544e+00 2.540772113051343410e+02 1.400000000000000133e+00
3.012714070881164385e+00 2.548075887834460502e+02 1.399999999999999911e+00
3.068837891917642224e+00 2.555460912270251015e+02 1.400000000000000133e+00
3.126007243068700259e+00 2.562928255999362932e+02 1.400000000000000133e+00
3.184241601504649744e+00 2.570479014881091757e+02 1.399999999999999911e+00
3.243560807235807975e+00 2.578114413592758183e+02 1.399999999999999911e+00
3.303985069871854918e+00 2.585835821166574533e+02 1.400000000000000133e+00
3.365534975507090909e+00 2.593644767943110310e+02 1.400000000000000133e+00
3.428231493733967294e+00 2.601542964054157778e+02 1.400000000000000133e+00
3.492095984787267682e+00 2.609532319556503808e+02 1.399999999999999911e+00
3.557150206821382277e+00 2.617614849430357822e+02 1.399999999999999911e+00
3.623416323323146226e+00 2.625792100874262474e+02 1.399999999999999911e+00
3.690916910662774608e+00 2.634065529586529806e+02 1.399999999999999911e+00
3.759674965785463563e+00 2.642436744622976335e+02 1.400000000000000133e+00
3.829713914046277257e+00 2.650907526477033116e+02 1.400000000000000133e+00
3.901057617190989202e+00 2.659479846462792807e+02 1.399999999999999911e+00
3.973730381485604202e+00 2.668155887838615286e+02 1.399999999999999911e+00
4.047756965997318268e+00 2.676938003939815758e+02 1.399999999999999911e+00
4.123162591029748469e+00 2.685827951177257091e+02 1.400000000000000133e+00
4.199972946715301525e+00 2.694827054973738996e+02 1.399999999999999911e+00
4.278214201767612579e+00 2.703936741851729835e+02 1.399999999999999911e+00
4.357913012397025554e+00 2.713158564206684673e+02 1.399999999999999911e+00
4.439096531392166867e+00 2.722494215656724350e+02 1.400000000000000133e+00
4.521792417370697592e+00 2.731945547840452377e+02 1.399999999999999911e+00
4.606028844202397998e+00 2.741514588781695352e+02 1.399999999999999911e+00
4.691834510607794329e+00 2.751203562949380625e+02 1.399999999999999911e+00
4.779238649935595440e+00 2.761014913150798975e+02 1.399999999999999911e+00
4.868271040122278848e+00 2.770951324407596985e+02 1.399999999999999911e+00
4.958962013837211913e+00 2.781015749975668427e+02 1.399999999999999911e+00
5.051342468816761411e+00 2.791211385976919246e+02 1.399999999999999911e+00
5.145443878390924652e+00 2.801540745351706505e+02 1.400000000000000133e+00
5.241298302206056192e+00 2.812005664754921668e+02 1.399999999999999911e+00
5.338938397147350301e+00 2.822608082550056565e+02 1.399999999999999911e+00
5.438397428464796235e+00 2.833350081650602306e+02 1.400000000000000133e+00
5.539709281106400596e+00 2.844233906531873117e+02 1.399999999999999911e+00
5.642908471262536807e+00 2.855261981864080099e+02 1.399999999999999911e+00
5.748030158125351008e+00 2.866436932902294075e+02 1.399999999999999911e+00
5.855110155867238042e+00 2.877761607779729616e+02 1.399999999999999911e+00
5.964184945842459840e+00 2.889239101862782491e+02 1.399999999999999911e+00
6.075291689016070862e+00 2.900872711591782149e+02 1.399999999999999911e+00
6.188468238624382778e+00 2.912665181575093811e+02 1.399999999999999911e+00
6.303753153071275150e+00 2.924618921075367552e+02 1.399999999999999911e+00
6.421185709064758385e+00 2.936736496621101082e+02 1.399999999999999911e+00
6.540805914998252923e+00 2.949020658793311327e+02 1.400000000000000133e+00
6.662654524581149929e+00 2.961474363036591626e+02 1.400000000000000133e+00
6.786773050723295064e+00 2.974100792447859476e+02 1.400000000000000133e+00
6.913203779678127603e+00 2.986903382710170831e+02 1.400000000000000133e+00
7.041989785449288775e+00 2.999885841724694160e+02 1.400000000000000133e+00
7.173174944465612768e+00 3.013051680092385709e+02 1.400000000000000133e+00
7.306803950529499936e+00 3.026403852776682584e+02 1.400000000000000133e+00
7.442922330043757917e+00 3.039945433038064948e+02 1.400000000000000133e+00
7.581576457522110069e+00 3.053679700451801295e+02 1.400000000000000133e+00
7.722813571388642551e+00 3.067610163873130205e+02 1.400000000000000133e+00
7.866681790071582192e+00 3.081740586603957013e+02 1.399999999999999911e+00
8.013230128396878982e+00 3.096075013780687186e+02 1.400000000000000133e+00
8.162508514287219796e+00 3.110617488257773289e+02 1.399999999999999911e+00
8.314567805772055564e+00 3.125371361106722929e+02 1.399999999999999911e+00
8.469459808314576676e+00 3.140339990458219859e+02 1.399999999999999911e+00
8.627237292461440887e+00 3.155526934337058833e+02 1.399999999999999911e+00
8.787954011821311084e+00 3.170935973164777693e+02 1.399999999999999911e+00
8.951664721378293166e+00 3.186571134477316605e+02 1.399999999999999911e+00
9.118425196146562328e+00 3.202436720051502448e+02 1.399999999999999911e+00
9.288292250172489162e+00 3.218537335650323712e+02 1.399999999999999911e+00
9.461323755890759912e+00 3.234877923614753854e+02 1.399999999999999911e+00
9.637578663841079418e+00 3.251463798549245325e+02 1.399999999999999911e+00
9.817117022752183786e+00 3.268300686368948504e+02 1.399999999999999911e+00
1.000000000000000000e+01 3.285394767000001366e+02 1.399999999999999911e+00
