# Source: PRIMAT compilation, https://doi.org/10.1016/j.physrep.2018.04.005
1.000000000000000021e-03 1.000000000000000008e-35 1.000000000000000000e+00
1.018628990244687619e-03 5.718569703734546104e-36 9.989204823460640092e-01
1.037605019766911670e-03 3.329033281214800443e-36 9.978774399831334962e-01
1.056934553557988335e-03 1.974814442521921431e-36 9.968726822231662732e-01
1.076624177045493267e-03 1.194965228522669420e-36 9.959080516788205717e-01
1.096680598336868600e-03 7.383415819034886500e-37 9.949854229066431577e-01
1.117110650504824203e-03 4.663298763675580783e-37 9.941067008343259515e-01
1.137921293915315117e-03 3.013920627090625392e-37 9.932738189511841620e-01
1.159119618598885779e-03 1.995489077517862558e-37 9.924887372390608364e-01
1.180712846666190276e-03 1.354968193134380840e-37 9.917534398187265454e-01
1.202708334768511989e-03 9.446273373194106870e-38 9.910699322845175629e-01
1.225113576604118949e-03 6.769218257225388944e-38 9.904402386974063832e-01
1.247936205471311460e-03 4.991863206673410917e-38 9.898663982039273002e-01
1.271183996869028896e-03 3.792592710415512353e-38 9.893504612453467573e-01
1.294864871145904933e-03 2.972110397643661606e-38 9.888944853181718120e-01
1.318986896198670470e-03 2.405227359721439729e-38 9.885005302434956009e-01
1.343558290220826226e-03 2.012413442040690325e-38 9.881706528987692639e-01
1.368587424502519176e-03 1.742827018506006943e-38 9.879069013613451800e-01
1.394082826282578647e-03 1.564122020795798837e-38 9.877113084085226147e-01
1.420053181653683095e-03 1.456347271743987407e-38 9.875858843138279886e-01
1.446507338521647217e-03 1.408411209690285967e-38 9.875326088738526353e-01
1.473454309619835756e-03 1.416276121685687833e-38 9.875534225941150490e-01
1.500903275579736594e-03 1.482495164528117292e-38 9.876502169561037769e-01
1.528863588058731147e-03 1.617056803231501823e-38 9.878248236808481186e-01
1.557344772926135207e-03 1.839872683952159458e-38 9.880790028970557470e-01
1.586356533508589657e-03 2.185777073032532797e-38 9.884144301140043165e-01
1.615908753895919101e-03 2.713830607121036785e-38 9.888326818909846105e-01
1.646011502308549748e-03 3.524489594161854284e-38 9.893352200861350587e-01
1.676675034527699143e-03 4.791761463019124439e-38 9.899233745579893995e-01
1.707909797389426916e-03 6.824886509539750838e-38 9.905983241829685593e-01
1.739726432343800767e-03 1.019002992159428968e-37 9.913610760414144352e-01
1.772135779080358372e-03 1.595775418124857659e-37 9.922124426135909836e-01
1.805148879221108154e-03 2.622248512794398859e-37 9.931530168154276694e-01
1.838776980082326793e-03 4.522918027626850563e-37 9.941831446917005488e-01
1.873031538506436536e-03 8.190022639232073933e-37 9.953028955719233073e-01
1.907924224765265072e-03 1.556994677773269693e-36 9.965120294815780211e-01
1.943466926536020246e-03 3.107188053087045369e-36 9.978099615885898110e-01
1.979671752951332481e-03 6.507143850944739130e-36 9.991957234523479725e-01
2.016551038724746607e-03 1.429332613911529832e-35 1.000667920830333513e+00
2.054117348353064112e-03 3.290628600247403443e-35 1.002224687785837620e+00
2.092383480396977150e-03 7.932421433876866511e-35 1.003863636829733119e+00
2.131362471841437810e-03 1.999765399584698630e-34 1.005581804820233405e+00
2.171067602537264923e-03 5.264287762782273618e-34 1.007375594337631242e+00
2.211512399725488933e-03 1.444419051197771098e-33 1.009240710246804174e+00
2.252710642645980484e-03 4.121908448809615302e-33 1.011172091159634467e+00
2.294676367231936100e-03 1.220263335149656422e-32 1.013163835513376076e+00
2.337423870891814758e-03 3.736661055206485788e-32 1.015209121990566343e+00
2.380967717380358135e-03 1.179574081763175674e-31 1.017300124022650465e+00
2.425322741760352948e-03 3.823934699441581678e-31 1.019427918144678369e+00
2.470504055456825433e-03 1.267508581228349636e-30 1.021582386004034504e+00
2.516527051405391836e-03 4.274832994684038633e-30 1.023752109874340288e+00
2.563407409296514835e-03 1.458914201059778981e-29 1.025924261588837538e+00
2.611161100917459583e-03 5.007473745949011652e-29 1.028084484888520000e+00
2.659804395593758260e-03 1.716806797498030746e-28 1.030216771282191024e+00
2.709353865732051433e-03 5.835116981259474049e-28 1.032303329642057843e+00
2.759826392466180594e-03 1.949691102599981591e-27 1.034324449913370580e+00
2.811239171408464344e-03 6.345375041207824896e-27 1.036258361504406977e+00
2.863609718508115885e-03 1.991164566647808484e-26 1.038081087148549297e+00
2.916955876018795853e-03 5.957501280048692764e-26 1.039766293298480582e+00
2.971295818577334054e-03 1.678843717229952859e-25 1.041285138429125956e+00
3.026648059395692196e-03 4.397994742707398087e-25 1.042606821018199348e+00
3.083031456568277075e-03 1.063996439316616517e-24 1.043716127491967516e+00
3.140465219496752208e-03 2.380522177450891075e-24 1.044617011040998245e+00
3.198968915434537586e-03 4.936916989132866949e-24 1.045315961609440958e+00
3.258562476153226226e-03 9.518256983652029852e-24 1.045821267061051607e+00
3.319266204733189573e-03 1.712100890864155259e-23 1.046143154731077773e+00
3.381100782480685445e-03 2.885598223966467323e-23 1.046293940236253439e+00
3.444087275973823411e-03 4.580165032348177139e-23 1.046288184378343145e+00
3.508247144239792347e-03 6.887145086610727240e-23 1.046142859209230336e+00
3.573602246065788347e-03 9.878393142124821708e-23 1.045877524609787557e+00
3.640174847446141400e-03 1.362181370626272128e-22 1.045514517080170291e+00
3.707987629168172684e-03 1.822094979285217294e-22 1.045079152856989824e+00
3.777063694539364597e-03 2.388323487973896352e-22 1.044599947976608600e+00
3.847426577258505898e-03 3.102807834545398102e-22 1.044108858509869009e+00
3.919100249433401899e-03 4.046781394884126556e-22 1.043641544921790398e+00
3.992109129748053209e-03 5.374765589407296282e-22 1.043237665384439739e+00
4.066478091781853925e-03 7.369183137352586894e-22 1.042934742415194238e+00
4.142232472483897525e-03 1.045306719964740446e-21 1.042737566694851070e+00
4.219398080805024202e-03 1.530620405258917789e-21 1.042638140979683881e+00
4.298001206490798497e-03 2.307608817677182770e-21 1.042627165428144265e+00
4.378068629038166758e-03 3.571279914399037096e-21 1.042693926210357835e+00
4.459627626819095622e-03 5.654032194343889353e-21 1.042826164386980281e+00
4.542705986374042521e-03 9.121466458295687786e-21 1.043009935675770494e+00
4.627332011878692967e-03 1.492859549000851463e-20 1.043229461026947691e+00
4.713534534786906725e-03 2.466353633146770043e-20 1.043466968072948697e+00
4.801342923653449841e-03 4.090221960184049735e-20 1.043702523701337759e+00
4.890787094139589959e-03 6.766818128896160844e-20 1.043913858228090241e+00
4.981897519205159656e-03 1.109059531650537145e-19 1.044076181929870728e+00
5.074705239490466188e-03 1.788423023998850627e-19 1.044165361684119553e+00
5.169241873891598608e-03 2.833271003073565673e-19 1.044180036824725599e+00
5.265539630332755246e-03 4.415118294079447018e-19 1.044130544476070899e+00
5.363631316739239652e-03 6.777525864062711477e-19 1.044028750859983035e+00
5.463550352214875498e-03 1.026646754278703252e-18 1.043888119347164523e+00
5.565330778427646403e-03 1.537644463003978202e-18 1.043723835299343650e+00
5.669007271207434327e-03 2.282273190059653797e-18 1.043552940984724398e+00
5.774615152359819509e-03 3.365786178906606068e-18 1.043394481974952992e+00
5.882190401699956099e-03 4.946445471327672748e-18 1.043269666702276277e+00
5.991769669310619169e-03 7.268269414545416329e-18 1.043202041177487827e+00
6.103390288028621123e-03 1.071143419664238101e-17 1.043212072733381568e+00
6.217090286163826779e-03 1.583629334323272793e-17 1.043293480606491075e+00
6.332908400455114321e-03 2.347065912032457121e-17 1.043429721739999927e+00
6.450884089267692675e-03 3.484206869253116248e-17 1.043602099357168189e+00
6.571057546036270826e-03 5.175979353693464349e-17 1.043789580241317738e+00
6.693469712958660493e-03 7.686936380909855837e-17 1.043968599470797898e+00
6.818162294944479437e-03 1.139998992794417010e-16 1.044112856276363077e+00
6.945177773823696388e-03 1.686231499647388459e-16 1.044193102257908956e+00
7.074559422819878297e-03 2.484475988169156810e-16 1.044178638849035945e+00
7.206351321293052656e-03 3.644508297838484972e-16 1.044064875345354082e+00
7.340598369757212090e-03 5.323906916231593438e-16 1.043871925412783064e+00
7.477346305177588227e-03 7.747220218205795679e-16 1.043623329352180829e+00
7.616641716552892058e-03 1.123442936461569372e-15 1.043345579730861949e+00
7.758532060787835978e-03 1.624214550920306617e-15 1.043068347874333002e+00
7.903065678861348128e-03 2.342369386519861574e-15 1.042824732912653207e+00
8.050291812295981564e-03 3.371743549504922719e-15 1.042651236988224372e+00
8.200260619934130954e-03 4.846110705646597772e-15 1.042570593562057280e+00
8.353023195026778799e-03 6.953549716693579059e-15 1.042580027593032588e+00
8.508631582640582489e-03 9.958854793379494737e-15 1.042673701771413386e+00
8.667138797389234081e-03 1.423365774017298522e-14 1.042844782303870677e+00
8.828598841495149604e-03 2.029749114722976800e-14 1.043085344594688380e+00
8.993066723187623582e-03 2.887363099742548970e-14 1.043386271876500571e+00
9.160598475443709407e-03 4.096632232880347374e-14 1.043732282696431923e+00
9.331251175078249249e-03 5.797510431941253894e-14 1.044083438517810380e+00
9.505082962189511861e-03 8.184756282737976831e-14 1.044388451436660148e+00
9.682153059967075343e-03 1.152915682265165515e-13 1.044590165723926711e+00
9.862521794868784469e-03 1.620741621041730892e-13 1.044625134885106554e+00
1.004625061717340749e-02 2.274424024022962389e-13 1.044423682806888243e+00
1.023340212191641702e-02 3.186634526468650202e-13 1.043967750680704354e+00
1.042404007021556327e-02 4.456752758403134417e-13 1.043355390563955654e+00
1.061822941099384125e-02 6.220625021729886322e-13 1.042710385487704006e+00
1.081603630310709954e-02 8.663241179580207520e-13 1.042170801276772307e+00
1.101752813788386791e-02 1.203531593976275835e-12 1.041890130132359982e+00
1.122277356208507652e-02 1.667627200145251212e-12 1.041979547403697470e+00
1.143184250129149725e-02 2.304911720681029414e-12 1.042373652366936687e+00
1.164480618372686072e-02 3.178418917735455793e-12 1.042961001149569578e+00
1.186173716452478509e-02 4.373981716832257572e-12 1.043616213525271563e+00
1.208270935044776506e-02 6.008679508069813218e-12 1.044199934960130971e+00
1.230779802506665188e-02 8.240988685791391859e-12 1.044616670405713155e+00
1.253707987440920262e-02 1.128308054768392169e-11 1.044846872277554128e+00
1.277063301308643990e-02 1.541937765093871220e-11 1.044876180621103545e+00
1.300853701090571267e-02 2.103010315263617981e-11 1.044689479891912853e+00
1.325087291997953214e-02 2.862233783716408365e-11 1.044302811361542460e+00
1.349772330233941706e-02 3.887231091992436091e-11 1.043852954045222159e+00
1.374917225806419029e-02 5.267958274338201787e-11 1.043519966177909541e+00
1.400530545393219653e-02 7.123846811675358243e-11 1.043504306061319609e+00
1.426621015260736910e-02 9.613367087527754046e-11 1.043939542497637651e+00
1.453197524236895383e-02 1.294720178624666521e-10 1.044628160107241133e+00
1.480269126739508674e-02 1.740548573118956507e-10 1.045264672729256494e+00
1.507845045861051086e-02 2.336105699090789318e-10 1.045509595433442351e+00
1.535934676510897039e-02 3.130684502520040452e-10 1.045195201548865027e+00
1.564547588616095955e-02 4.188653275800152399e-10 1.044520517743982468e+00
1.593693530381774456e-02 5.594172170584197421e-10 1.043749749141826832e+00
1.623382431612278159e-02 7.457030677936270785e-10 1.043149807235719484e+00
1.653624407094180307e-02 9.920571801760881774e-10 1.042796215471099686e+00
1.684429760042315330e-02 1.317160433823566365e-09 1.042666380505218537e+00
1.715808985610004986e-02 1.745298458633165232e-09 1.042733751364817385e+00
1.747772774464680795e-02 2.307999676443865464e-09 1.042968009777326399e+00
1.780332016430113962e-02 3.046153097757046031e-09 1.043334689186318665e+00
1.813497804196495186e-02 4.012750704043236541e-09 1.043794999135443380e+00
1.847281437099634188e-02 5.276293010611142702e-09 1.044314079650406901e+00
1.881694424970555696e-02 6.925102330194075432e-09 1.044864423952837074e+00
1.916748492056815148e-02 9.073119969738477197e-09 1.045415928015905882e+00
1.952455581016860828e-02 1.186733670902597758e-08 1.045934910707513099e+00
1.988827856988809734e-02 1.549745733199340545e-08 1.046383831263455244e+00
2.025877711735016989e-02 2.020828167507635347e-08 1.046723932205148477e+00
2.063617767863858837e-02 2.631249004881904334e-08 1.046943853727205553e+00
2.102060883130158278e-02 3.420811200146174093e-08 1.047050723968931507e+00
2.141220154815729262e-02 4.440226238144702088e-08 1.047053274072636597e+00
2.181108924191518805e-02 5.753981023855946774e-08 1.046961710232142240e+00
2.221740781062883641e-02 7.443931880389181010e-08 1.046787828560962641e+00
2.263129568399528321e-02 9.613813850083993555e-08 1.046545137794997693e+00
2.305289387051707301e-02 1.239490362969484351e-07 1.046248990815751068e+00
2.348234600554275145e-02 1.595314308258979125e-07 1.045916726183343304e+00
2.391979840020238418e-02 2.049812203186022101e-07 1.045567821112047380e+00
2.436540009125464853e-02 2.629444290183420449e-07 1.045224057612185398e+00
2.481930289186254010e-02 3.367615844171777899e-07 1.044909703869901785e+00
2.528166144331499277e-02 4.306494409046319173e-07 1.044650534555942922e+00
2.575263326771199887e-02 5.498871199369622110e-07 1.044457457660021182e+00
2.623237882163122203e-02 7.010579301423273838e-07 1.044328692161483607e+00
2.672106155079433804e-02 8.923831888079544715e-07 1.044261657081516415e+00
2.721884794575178332e-02 1.134116562368459983e-06 1.044253235456342299e+00
2.772590759860482645e-02 1.439032170664154854e-06 1.044299723263791169e+00
2.824241326078434297e-02 1.823031117642878381e-06 1.044396774413501650e+00
2.876854090190592711e-02 2.305897729977713550e-06 1.044539341585842607e+00
2.930446976972142861e-02 2.912246447329549892e-06 1.044721612710836078e+00
2.985038245118730796e-02 3.672713449493164586e-06 1.044936942889425291e+00
3.040646493467067182e-02 4.625410689737126110e-06 1.045178191270976109e+00
3.097290667331408301e-02 5.817181582096058906e-06 1.045441214562684795e+00
3.154990064958086704e-02 7.305450413672450340e-06 1.045723508848613648e+00
3.213764344100276948e-02 9.160715989850297939e-06 1.046022231028154836e+00
3.273633528715245988e-02 1.146937038580833230e-05 1.046334147514279556e+00
3.334618015786364187e-02 1.433710146041705883e-05 1.046655601221904153e+00
3.396738582272208068e-02 1.789300838304738563e-05 1.046982476314572530e+00
3.460016392185108480e-02 2.229459009479944391e-05 1.047310160609193463e+00
3.524473003801584237e-02 2.773381008350208615e-05 1.047633505543479338e+00
3.590130377007068330e-02 3.444449884117783522e-05 1.047946783618013189e+00
3.657010880777489259e-02 4.271143327212897461e-05 1.048243643234963551e+00
3.725137300800209633e-02 5.288153757118249171e-05 1.048517060868937589e+00
3.794532847236938011e-02 6.537779303854456318e-05 1.048759290522866428e+00
3.865221162631261864e-02 8.071663940263979387e-05 1.048961810443891585e+00
3.937226329963479377e-02 9.952991785263128998e-05 1.049115267101705218e+00
4.010572880855495931e-02 1.225927596307048906e-04 1.049209424081532394e+00
4.085285803928561527e-02 1.508494952361246974e-04 1.049237060121866127e+00
4.161390553316707264e-02 1.854266405212455092e-04 1.049201081613868380e+00
4.238913057338778573e-02 2.276781749097181494e-04 1.049106779732987160e+00
4.317879727332021161e-02 2.792322699507198986e-04 1.048960301343970780e+00
4.398317466650223523e-02 3.420433659137621179e-04 1.048768718124996724e+00
4.480253679829489938e-02 4.184536682424719908e-04 1.048540100512411311e+00
4.563716281924758839e-02 5.112658302178137723e-04 1.048283596945949858e+00
4.648733708020256344e-02 6.238289972991137257e-04 1.048009518973335386e+00
4.735334922917116413e-02 7.601409231767128870e-04 1.047729432866682409e+00
4.823549431001467047e-02 9.249695711905909059e-04 1.047456258513741689e+00
4.913407286296361809e-02 1.123998546223345168e-03 1.047204376477742560e+00
5.004939102700953213e-02 1.364001938404956491e-03 1.046989743740300405e+00
5.098176064420424647e-02 1.653033351899853157e-03 1.046825832027008740e+00
5.193149936590212012e-02 2.000588693819334643e-03 1.046712804695004939e+00
5.289893076098151070e-02 2.417886762716574961e-03 1.046647435335224641e+00
5.388438442608223938e-02 2.918187671111547882e-03 1.046625936911948607e+00
5.488819609789671872e-02 3.517159548344370949e-03 1.046643910542640388e+00
5.591070776755290017e-02 4.233318025162212395e-03 1.046696290525723105e+00
5.695226779712821846e-02 5.088556755331633333e-03 1.046777285438166061e+00
5.801323103833375128e-02 6.108792900125085620e-03 1.046880315135959805e+00
5.909395895340967958e-02 7.324759098471324108e-03 1.046997943507148587e+00
6.019481973827271043e-02 8.772982363751406082e-03 1.047121813474568786e+00
6.131618844795772016e-02 1.049653889138841764e-02 1.047244580712719086e+00
6.245844712439614643e-02 1.254525636423370165e-02 1.047362999240347481e+00
6.362198492657485105e-02 1.497730525361935273e-02 1.047474208232842541e+00
6.480719826311967524e-02 1.786068286383798304e-02 1.047575044077327489e+00
6.601449092734885948e-02 2.127482344702160202e-02 1.047662017323358175e+00
6.724427423484245769e-02 2.531249235882841384e-02 1.047731288217081724e+00
6.849696716357443760e-02 3.008202795576718144e-02 1.047778640765500313e+00
6.977299649665534564e-02 3.571001338028377547e-02 1.047799455281205772e+00
7.107279696773415034e-02 4.234424352031455896e-02 1.047789971021867217e+00
7.239681140910873836e-02 5.015562798570826625e-02 1.047755201160520455e+00
7.374549090259549522e-02 5.934206267762216769e-02 1.047704761271215146e+00
7.511929493320965157e-02 7.013332752400862347e-02 1.047649465947668501e+00
7.651869154570821452e-02 8.279635346517252859e-02 1.047601411104570834e+00
7.794415750404946885e-02 9.764152040954736378e-02 1.047574076264855991e+00
7.939617845382279659e-02 1.150302531926690880e-01 1.047582435558659153e+00
8.087524908770453436e-02 1.353837436958895413e-01 1.047642152886989031e+00
8.238187331399605962e-02 1.591846073997675026e-01 1.047755684078122806e+00
8.391656442830157381e-02 1.869829980207025899e-01 1.047913488300863172e+00
8.547984528840409102e-02 2.194109832715158692e-01 1.048104396221071655e+00
8.707224849239916797e-02 2.571945273300523249e-01 1.048315799531591042e+00
8.869431656014709064e-02 3.011672371088335298e-01 1.048533529547229559e+00
9.034660211810524588e-02 3.522864453839819054e-01 1.048741727937480439e+00
9.202966808760409956e-02 4.116534502379052274e-01 1.048922529895551792e+00
9.374408787662991127e-02 4.805391636684065992e-01 1.049055675228073747e+00
9.549044557518077125e-02 5.604114938927622358e-01 1.049118667127203031e+00
9.726933615426168467e-02 6.529699378857538594e-01 1.049086664463421581e+00
9.908136566858666283e-02 7.601884607414562955e-01 1.048932320741914781e+00
1.009271514630570854e-01 8.843642879321808037e-01 1.048627829653161037e+00
1.028073223830864719e-01 1.028064271917924710e+00 1.048195006124251982e+00
1.047225189888434382e-01 1.194089186380010714e+00 1.047712362333489189e+00
1.066733937734857113e-01 1.385557795661450875e+00 1.047270035576827851e+00
1.086606113854596822e-01 1.605926189149482708e+00 1.046968384513487171e+00
1.106848488549412035e-01 1.859000880229372266e+00 1.046917609620409806e+00
1.127467958244946084e-01 2.149146928766724418e+00 1.047163258161182720e+00
1.148471547840289042e-01 2.481605991134664180e+00 1.047633998320794069e+00
1.169866413101306873e-01 2.862486119908691062e+00 1.048238669340264106e+00
1.191659843098558796e-01 3.298930455456647426e+00 1.048874755891031407e+00
1.213859262690627772e-01 3.799327175689840796e+00 1.049428581836355345e+00
1.236472235053715091e-01 4.373115918652135115e+00 1.049790302728607960e+00
1.259506464258357550e-01 5.030878671713136185e+00 1.049850645581150932e+00
1.282969797894147612e-01 5.784790110905321470e+00 1.049489247955663673e+00
1.306870229743346268e-01 6.648900712774099553e+00 1.048576013855081479e+00
1.331215902504307713e-01 7.638472159349246837e+00 1.047156030638839885e+00
1.356015110565633452e-01 8.768570408951404715e+00 1.045620475551755302e+00
1.381276302832009362e-01 1.005461847807825215e+01 1.044439842832163956e+00
1.407008085602685088e-01 1.151206771916146998e+01 1.044132778735470835e+00
1.433219225503573890e-01 1.315867366080273371e+01 1.044911659706206475e+00
1.459918652473978506e-01 1.501905852909986017e+01 1.046323717404159082e+00
1.487115462808953625e-01 1.712311805401190767e+01 1.047783698937087893e+00
1.514818922258345801e-01 1.950678386436250378e+01 1.048659627725265109e+00
1.543038469183564687e-01 2.220878421255733315e+01 1.048759373919306626e+00
1.571783717773162781e-01 2.526913071216739226e+01 1.048357113756769321e+00
1.601064461318317811e-01 2.873233134513559861e+01 1.047780219517522093e+00
1.630890675549332702e-01 3.264772446584934329e+01 1.047320320165179286e+00
1.661272522034293042e-01 3.706884767938825576e+01 1.047028146111264491e+00
1.692220351641037235e-01 4.205413420914937461e+01 1.046896513767111569e+00
1.723744708063619790e-01 4.766735821332063949e+01 1.046916850027883594e+00
1.755856331414468730e-01 5.397786505153208481e+01 1.047079048392145051e+00
1.788566161883461958e-01 6.106076654127399905e+01 1.047371313044045626e+00
1.821885343465165230e-01 6.899744732814733084e+01 1.047779107871084969e+00
1.855825227755517060e-01 7.788052541629562597e+01 1.048274733199347830e+00
1.890397377819219571e-01 8.781602473145547094e+01 1.048819322347519734e+00
1.925613572129196704e-01 9.892333228854930383e+01 1.049369057789990123e+00
1.961485808579429280e-01 1.113376737672860344e+02 1.049874892143443761e+00
1.998026308572548593e-01 1.252132912460565279e+02 1.050282136411114564e+00
2.035247521183575770e-01 1.407237138900898685e+02 1.050540663503676031e+00
2.073162127401229071e-01 1.580479487871370168e+02 1.050646364828675017e+00
2.111783044448242164e-01 1.773769581287211281e+02 1.050610803297319373e+00
2.151123430182164953e-01 1.989186446098718761e+02 1.050447522899157882e+00
2.191196687578147451e-01 2.228990645762698364e+02 1.050172195215565152e+00
2.232016469295232397e-01 2.495637582621931756e+02 1.049802777691639433e+00
2.273596682327715113e-01 2.791792338650553233e+02 1.049359683289343259e+00
2.315951492743152096e-01 3.120346535277186035e+02 1.048865963349473240e+00
2.359095330508633737e-01 3.484437840994387443e+02 1.048347505900692589e+00
2.403042894406967056e-01 3.887472937969700979e+02 1.047833252146659788e+00
2.447809157044440187e-01 4.333154982734112650e+02 1.047355434453099310e+00
2.493409369951877785e-01 4.825516869734067882e+02 1.046949839864711240e+00
2.539859068780723761e-01 5.368944055232487926e+02 1.046650519141400837e+00
2.587174078595921300e-01 5.968106204394031238e+02 1.046459626088381167e+00
2.635370519267393186e-01 6.628015534049283133e+02 1.046365277524191617e+00
2.684464810961962322e-01 7.354099571747027539e+02 1.046353822618415474e+00
2.734473679737579599e-01 8.152251572135852484e+02 1.046409706964409381e+00
2.785414163241766161e-01 9.028893160759704415e+02 1.046515300678128924e+00
2.837303616516211324e-01 9.991052583133223379e+02 1.046650715902506246e+00
2.890159717909508430e-01 1.104646263773767942e+03 1.046793614079231771e+00
2.944000475100033709e-01 1.220368332509492802e+03 1.046919003645472523e+00
2.998844231231027613e-01 1.347225543128188292e+03 1.046999029177454910e+00
3.054709671159968054e-01 1.486264102607684435e+03 1.047009070798853969e+00
3.111615827824359970e-01 1.638536587242530686e+03 1.046949574002263628e+00
3.169582088726115021e-01 1.805147884436287086e+03 1.046828891602815892e+00
3.228628202536730218e-01 1.987283760001247401e+03 1.046656599855754877e+00
3.288774285825510346e-01 2.186218622084868457e+03 1.046443594813302846e+00
3.350040829913132900e-01 2.403325031868628230e+03 1.046202195856532180e+00
3.412448707852889229e-01 2.640085436667759041e+03 1.045946257198498763e+00
3.476019181541977754e-01 2.898106708815822913e+03 1.045691288371340510e+00
3.540773908965269556e-01 3.179133604432807715e+03 1.045454062563057729e+00
3.606734951574028236e-01 3.485003765129816657e+03 1.045246002790462647e+00
3.673924781802074269e-01 3.817653145292699264e+03 1.045074426778933807e+00
3.742366290721980682e-01 4.179165686026268304e+03 1.044947239123014571e+00
3.812082795843887983e-01 4.571794235595678401e+03 1.044873091650577068e+00
3.883098049059605095e-01 4.997985544192934867e+03 1.044861442005490915e+00
3.955436244734701345e-01 5.460411381384883498e+03 1.044922617229358863e+00
4.029122027951347884e-01 5.962002908878808739e+03 1.045067417032158552e+00
4.104180502904709038e-01 6.505804495023106938e+03 1.045288185329880326e+00
4.180637241455757991e-01 7.094842205809720326e+03 1.045549663706088150e+00
4.258518291843414461e-01 7.732296969614613772e+03 1.045810413675108075e+00
4.337850187558989212e-01 8.421531111362086449e+03 1.046024113177077330e+00
4.418659956385941334e-01 9.166104079392489439e+03 1.046139177461893111e+00
4.500975129608046355e-01 9.969792524695689281e+03 1.046098379967579151e+00
4.584823751389096036e-01 1.083664914565209256e+04 1.045856525959416583e+00
4.670234388327330621e-01 1.177116088049839709e+04 1.045435670434359698e+00
4.757236139187884794e-01 1.277825643430851960e+04 1.044878952083923895e+00
4.845858644816490868e-01 1.386336120782500439e+04 1.044235026829529511e+00
4.936132098237911991e-01 1.503249620775190306e+04 1.043558454958775972e+00
5.028087254942474882e-01 1.629239239691426155e+04 1.042909805702328718e+00
5.121755443364236493e-01 1.764997675110437558e+04 1.042330884907839428e+00
5.217168575554343990e-01 1.911167127770560546e+04 1.041823907811765038e+00
5.314359158053235666e-01 2.068408812005116124e+04 1.041386730313522246e+00
5.413360302965375404e-01 2.237412316960539829e+04 1.041016692996183490e+00
5.514205739240296555e-01 2.418896595663015250e+04 1.040710571032862131e+00
5.616929824163804374e-01 2.613611366944867768e+04 1.040464520132577286e+00
5.721567555063246102e-01 2.822339078143176084e+04 1.040274018294047753e+00
5.828154581230839959e-01 3.045897607706842246e+04 1.040133803139055235e+00
5.936727216069119795e-01 3.285143922705083969e+04 1.040037804604728500e+00
6.047322449462643190e-01 3.540978834589575126e+04 1.039979086181817225e+00
6.159977960380161877e-01 3.814349251317323069e+04 1.039950218228454792e+00
6.274732129711574347e-01 4.106253182048313465e+04 1.039943362953681394e+00
6.391624053343999412e-01 4.417752686191489192e+04 1.039949714800878944e+00
6.510693555481454897e-01 4.749986275115138415e+04 1.039959385282736015e+00
6.631981202212668958e-01 5.104184213581949734e+04 1.039961314831320260e+00
6.755528315331639222e-01 5.481687621110121836e+04 1.039943179647962124e+00
6.881376986415662644e-01 5.883972142570553115e+04 1.039891293631274083e+00
7.009570091165617800e-01 6.312677070859179366e+04 1.039790507487852400e+00
7.140151304013395706e-01 6.769532033496856457e+04 1.039630162733961694e+00
7.273165113001454074e-01 7.256079566761615570e+04 1.039418586134470246e+00
7.408656834939559843e-01 7.773860800585344259e+04 1.039169383788218548e+00
7.546672630843886953e-01 8.324478695821575820e+04 1.038897883386354248e+00
7.687259521663728501e-01 8.909605745014536660e+04 1.038621268520971253e+00
7.830465404301183430e-01 9.530994183168525342e+04 1.038358724477052020e+00
7.976339067929273385e-01 1.019048928189516591e+05 1.038131597198877820e+00
8.124930210614047521e-01 1.089004957471883972e+05 1.037960159860544573e+00
8.276289456246344045e-01 1.163178926715699199e+05 1.037843987602517615e+00
8.430468371788967241e-01 1.241800170398519258e+05 1.037772982863242932e+00
8.587519484845170803e-01 1.325118922217351792e+05 1.037735668911988762e+00
8.747496301554414933e-01 1.413410816884402302e+05 1.037719096261345397e+00
8.910453324821513421e-01 1.506982385050474550e+05 1.037708718852764278e+00
9.076446072885356875e-01 1.606175364947549242e+05 1.037688617507664279e+00
9.245531098233570333e-01 1.711303203820371127e+05 1.037651327304139448e+00
9.417766006869519035e-01 1.822616615916528390e+05 1.037600361575495844e+00
9.593209477938241525e-01 1.940358827713869105e+05 1.037540333161690809e+00
9.771921283717996953e-01 2.064767137772254937e+05 1.037476427819522762e+00
9.953962309984233370e-01 2.196070779684512818e+05 1.037414450126815435e+00
1.013939457675291811e+00 2.334493141155502526e+05 1.037360317134166099e+00
1.032828125941028574e+00 2.480289104264392809e+05 1.037315631934755178e+00
1.052068671023622892e+00 2.633740026109192404e+05 1.037279514062877661e+00
1.071667648032863296e+00 2.795140139934514882e+05 1.037250922529098895e+00
1.091631734193614811e+00 2.964800221028415253e+05 1.037228663730673128e+00
1.111967731120699021e+00 3.143052418702168507e+05 1.037211378489804492e+00
1.132682567136153784e+00 3.330256281453496194e+05 1.037197528189532925e+00
1.153783299629660863e+00 3.526806180249055033e+05 1.037185379955613662e+00
1.175277117462945276e+00 3.733140366534769419e+05 1.037172990831304986e+00
1.197171343418965694e+00 3.949751940215790528e+05 1.037158190890753451e+00
1.219473436696737023e+00 4.177202050659079105e+05 1.037138565235748100e+00
1.242190995452616242e+00 4.416135713683610666e+05 1.037111434820097822e+00
1.265331759388941713e+00 4.667280082004022552e+05 1.037074383810431932e+00
1.288903612390891462e+00 4.931214102288673166e+05 1.037031447942396545e+00
1.312914585212463958e+00 5.208378620456069475e+05 1.036991671642562229e+00
1.337372858212495075e+00 5.499208065734345000e+05 1.036965223777731815e+00
1.362286764141645401e+00 5.804132154445392080e+05 1.036963409335267539e+00
1.387664790981307128e+00 6.123575334926010109e+05 1.036998760506717465e+00
1.413515584835394190e+00 6.457956652583079413e+05 1.037085135643168510e+00
1.439847952876006643e+00 6.807690150747747393e+05 1.037237827068898444e+00
1.466670866343967150e+00 7.173185938960830681e+05 1.037473678901772223e+00
1.493993463605256311e+00 7.554852077516581630e+05 1.037811216219133748e+00
1.521825053264385552e+00 7.953119737945796223e+05 1.038266675137740069e+00
1.550175117335768737e+00 8.368620793225286761e+05 1.038824728262989439e+00
1.579053314474174297e+00 8.802163490207326831e+05 1.039451843990306656e+00
1.608469483265355215e+00 9.254688641887649428e+05 1.040110135154482141e+00
1.638433645577983100e+00 9.727299471160823014e+05 1.040757074107498070e+00
1.668956009978023181e+00 1.022129737628356321e+06 1.041345111170868920e+00
1.700046975206716438e+00 1.073822412866187980e+06 1.041821287371280880e+00
1.731717133723352786e+00 1.127991167195760179e+06 1.042126848360599656e+00
1.763977275314043469e+00 1.184851554858565098e+06 1.042198372645879001e+00
1.796838390767719229e+00 1.244570676940999227e+06 1.042016489611925945e+00
1.830311675620611256e+00 1.307220319453549106e+06 1.041622792446103229e+00
1.864408533970485227e+00 1.372851893697105115e+06 1.041068396347952341e+00
1.899140582361933616e+00 1.441498243984547444e+06 1.040410973055035049e+00
1.934519653744044332e+00 1.513169556924820645e+06 1.039715198833200960e+00
1.970557801501798378e+00 1.587848763628859306e+06 1.039053263663427984e+00
2.007267303562568106e+00 1.665486622953093378e+06 1.038505330402212268e+00
2.044660666579115826e+00 1.746044949965744279e+06 1.038131005412961994e+00
2.082750630190514318e+00 1.829575589899473358e+06 1.037928242639342358e+00
2.121550171362450055e+00 1.916151480649901088e+06 1.037884619794473329e+00
2.161072508808376647e+00 2.005856482921597548e+06 1.037985715262283337e+00
2.201331107493030181e+00 2.098788755537625402e+06 1.038214907241631346e+00
2.242339683219845003e+00 2.195064747742148116e+06 1.038553157765348844e+00
2.284112207303823361e+00 2.294823894703346770e+06 1.038978781533383078e+00
2.326662911331458083e+00 2.398234117116501555e+06 1.039467199803233433e+00
2.370006292009327886e+00 2.505498244586539920e+06 1.039990679969082565e+00
2.414157116103017753e+00 2.616861506603964139e+06 1.040518061948705331e+00
2.459130425468043946e+00 2.732620266058924608e+06 1.041014473101274929e+00
2.504941542174502267e+00 2.853132145138541702e+06 1.041441044965922158e+00
2.551606073727183954e+00 2.978750561016735155e+06 1.041766895923515790e+00
2.599139918382932901e+00 3.109651387373498641e+06 1.041994737246472846e+00
2.647559270567066747e+00 3.245968842236605473e+06 1.042134886958882234e+00
2.696880626390692370e+00 3.387829494647811633e+06 1.042199263605794401e+00
2.747120789270811603e+00 3.535350759021644015e+06 1.042201511390445035e+00
2.798296875655115645e+00 3.688639288312751334e+06 1.042157134501929150e+00
2.850426320853434614e+00 3.847789271128227934e+06 1.042083641871340172e+00
2.903526884977813971e+00 4.012880640304056928e+06 1.042000703845151532e+00
2.957616658993253544e+00 4.183977203151496127e+06 1.041930322564456501e+00
3.012714070881164385e+00 4.361124921215048991e+06 1.041896950362630303e+00
3.068837891917642224e+00 4.544384352985100821e+06 1.041917266765527650e+00
3.126007243068700259e+00 4.733880099307415076e+06 1.041987516603346542e+00
3.184241601504649744e+00 4.929755873947568238e+06 1.042100507232226470e+00
3.243560807235807975e+00 5.132170739714855328e+06 1.042248039455626607e+00
3.303985069871854918e+00 5.341303713829987682e+06 1.042420819838524082e+00
3.365534975507090909e+00 5.557359214493468404e+06 1.042608367293218041e+00
3.428231493733967294e+00 5.780573462587469257e+06 1.042798913859213750e+00
3.492095984787267682e+00 6.011221968771841377e+06 1.042979299670069526e+00
3.557150206821382277e+00 6.249606388688089326e+06 1.043136772236366694e+00
3.623416323323146226e+00 6.495945086068903096e+06 1.043268557899748039e+00
3.690916910662774608e+00 6.750430132625166327e+06 1.043375871975016578e+00
3.759674965785463563e+00 7.013271220019653440e+06 1.043460182985969764e+00
3.829713914046277257e+00 7.284700635247805156e+06 1.043523229406225550e+00
3.901057617190989202e+00 7.564979073390820064e+06 1.043567042980239057e+00
3.973730381485604202e+00 7.854402464873838238e+06 1.043593973682146014e+00
4.047756965997318268e+00 8.153298974299954250e+06 1.043606682000405739e+00
4.123162591029748469e+00 8.461897711990935728e+06 1.043607749105585736e+00
4.199972946715301525e+00 8.780338871477315202e+06 1.043599788227692171e+00
4.278214201767612579e+00 9.108756671694897115e+06 1.043585748069651098e+00
4.357913012397025554e+00 9.447282692746272311e+06 1.043568946267149578e+00
4.439096531392166867e+00 9.796047956445094198e+06 1.043553099115874572e+00
4.521792417370697592e+00 1.015518558784503117e+07 1.043542353460889194e+00
4.606028844202397998e+00 1.052483414075876400e+07 1.043541320930718941e+00
4.691834510607794329e+00 1.090514167847581208e+07 1.043555114720049692e+00
4.779238649935595440e+00 1.129627070999956317e+07 1.043589389149397473e+00
4.868271040122278848e+00 1.169840409237764962e+07 1.043650382258203502e+00
4.958962013837211913e+00 1.211175202142040618e+07 1.043744961720089792e+00
5.051342468816761411e+00 1.253655709393258765e+07 1.043880233602180851e+00
5.145443878390924652e+00 1.297304549518666789e+07 1.044055777452022271e+00
5.241298302206056192e+00 1.342142705765084736e+07 1.044263631875036902e+00
5.338938397147350301e+00 1.388194552916738577e+07 1.044494525841663357e+00
5.438397428464796235e+00 1.435488988400243968e+07 1.044738011492550633e+00
5.539709281106400596e+00 1.484060564926941134e+07 1.044982366168583754e+00
5.642908471262536807e+00 1.533950799677289464e+07 1.045214488730387581e+00
5.748030158125351008e+00 1.585209682254227437e+07 1.045419790249231706e+00
5.855110155867238042e+00 1.637897407033677772e+07 1.045582079259174790e+00
5.964184945842459840e+00 1.692086359753968939e+07 1.045683441892589771e+00
6.075291689016070862e+00 1.747858580876118690e+07 1.045705600474911012e+00
6.188468238624382778e+00 1.805254471955236048e+07 1.045645629746693173e+00
6.303753153071275150e+00 1.864280388319675997e+07 1.045511717511735661e+00
6.421185709064758385e+00 1.924937943342778459e+07 1.045313488640093214e+00
6.540805914998252923e+00 1.987224185694799945e+07 1.045061945645166412e+00
6.662654524581149929e+00 2.051131282761345431e+07 1.044769576098615760e+00
6.786773050723295064e+00 2.116646216784713045e+07 1.044450468126165044e+00
6.913203779678127603e+00 2.183750499462884665e+07 1.044120435022981574e+00
7.041989785449288775e+00 2.252420119966221601e+07 1.043797059283076090e+00
7.173174944465612768e+00 2.322639359603545442e+07 1.043493916461234905e+00
7.306803950529499936e+00 2.394413737951080129e+07 1.043216259276711799e+00
7.442922330043757917e+00 2.467754413022500277e+07 1.042968944787777907e+00
7.581576457522110069e+00 2.542677713710617274e+07 1.042757268520918990e+00
7.722813571388642551e+00 2.619206662344073877e+07 1.042586997490981826e+00
7.866681790071582192e+00 2.697372723892422393e+07 1.042464405797989269e+00
8.013230128396878982e+00 2.777217800994976237e+07 1.042396310863433539e+00
8.162508514287219796e+00 2.858785184836047143e+07 1.042386076607403789e+00
8.314567805772055564e+00 2.942094093875278160e+07 1.042424512307615458e+00
8.469459808314576676e+00 3.027163042606705055e+07 1.042498667336342333e+00
8.627237292461440887e+00 3.114017272029214352e+07 1.042593935397509552e+00
8.787954011821311084e+00 3.202690486407050490e+07 1.042693915074674793e+00
8.951664721378293166e+00 3.293226839247977734e+07 1.042780262784516854e+00
9.118425196146562328e+00 3.385683196491865069e+07 1.042832538533935649e+00
9.288292250172489162e+00 3.480131708819034696e+07 1.042828045108671553e+00
9.461323755890759912e+00 3.576662729829954356e+07 1.042741661600283587e+00
9.637578663841079418e+00 3.675388122864662856e+07 1.042545672513580435e+00
9.817117022752183786e+00 3.776445006732285768e+07 1.042209594095799163e+00
1.000000000000000000e+01 3.879999999999996275e+07 1.041700000000000070e+00
