# Source: PRIMAT compilation, https://doi.org/10.1016/j.physrep.2018.04.005
1.000000000000000021e-03 1.261110000000000042e+01 3.000000000000000000e+00
1.018628990244687619e-03 1.271967379601976411e+01 3.000000000000000000e+00
1.037605019766911670e-03 1.283048413369820295e+01 3.000000000000000000e+00
1.056934553557988335e-03 1.294357418193233755e+01 2.999999999999999556e+00
1.076624177045493267e-03 1.305898763412021424e+01 2.999999999999999556e+00
1.096680598336868600e-03 1.317676869371715043e+01 3.000000000000000000e+00
1.117110650504824203e-03 1.329696205848906665e+01 2.999999999999999556e+00
1.137921293915315117e-03 1.341961290346331737e+01 2.999999999999999556e+00
1.159119618598885779e-03 1.354476686258750462e+01 3.000000000000000000e+00
1.180712846666190276e-03 1.367247000912095345e+01 3.000000000000000444e+00
1.202708334768511989e-03 1.380276883479792893e+01 3.000000000000000000e+00
1.225113576604118949e-03 1.393571022781898350e+01 2.999999999999999556e+00
1.247936205471311460e-03 1.407134144974683920e+01 2.999999999999999112e+00
1.271183996869028896e-03 1.420971011140545137e+01 3.000000000000000888e+00
1.294864871145904933e-03 1.435086414790633214e+01 3.000000000000000000e+00
1.318986896198670470e-03 1.449485179295546189e+01 3.000000000000000888e+00
1.343558290220826226e-03 1.464172155262553332e+01 3.000000000000000000e+00
1.368587424502519176e-03 1.479152217881621922e+01 2.999999999999999556e+00
1.394082826282578647e-03 1.494430264266419250e+01 3.000000000000000000e+00
1.420053181653683095e-03 1.510011210821223138e+01 3.000000000000000888e+00
1.446507338521647217e-03 1.525899990669595141e+01 2.999999999999999556e+00
1.473454309619835756e-03 1.542101551186445896e+01 3.000000000000000444e+00
1.500903275579736594e-03 1.558620851681400232e+01 3.000000000000000000e+00
1.528863588058731147e-03 1.575462861288333549e+01 3.000000000000000000e+00
1.557344772926135207e-03 1.592632557123718939e+01 3.000000000000000444e+00
1.586356533508589657e-03 1.610134922784911993e+01 3.000000000000000444e+00
1.615908753895919101e-03 1.627974947269043327e+01 3.000000000000000000e+00
1.646011502308549748e-03 1.646157624403427278e+01 3.000000000000000000e+00
1.676675034527699143e-03 1.664687952889982014e+01 3.000000000000000000e+00
1.707909797389426916e-03 1.683570937078585672e+01 3.000000000000000888e+00
1.739726432343800767e-03 1.702811588598185466e+01 3.000000000000000444e+00
1.772135779080358372e-03 1.722414928989520533e+01 3.000000000000000000e+00
1.805148879221108154e-03 1.742385993499879149e+01 2.999999999999999556e+00
1.838776980082326793e-03 1.762729836218451140e+01 2.999999999999999556e+00
1.873031538506436536e-03 1.783451536750565936e+01 3.000000000000000888e+00
1.907924224765265072e-03 1.804556208650743088e+01 2.999999999999999556e+00
1.943466926536020246e-03 1.826049009858103389e+01 2.999999999999999556e+00
1.979671752951332481e-03 1.847935155403295582e+01 3.000000000000000000e+00
2.016551038724746607e-03 1.870219932684303288e+01 2.999999999999999556e+00
2.054117348353064112e-03 1.892908719638918313e+01 3.000000000000000444e+00
2.092383480396977150e-03 1.916007006175085081e+01 3.000000000000000000e+00
2.131362471841437810e-03 1.939520419256601258e+01 3.000000000000000000e+00
2.171067602537264923e-03 1.963454752081219468e+01 3.000000000000000000e+00
2.211512399725488933e-03 1.987815997831414094e+01 2.999999999999999556e+00
2.252710642645980484e-03 2.012610388525153127e+01 3.000000000000000000e+00
2.294676367231936100e-03 2.037844439545432351e+01 3.000000000000000000e+00
2.337423870891814758e-03 2.063525000483611294e+01 3.000000000000000000e+00
2.380967717380358135e-03 2.089659312993079965e+01 2.999999999999999556e+00
2.425322741760352948e-03 2.116255076417287739e+01 3.000000000000000444e+00
2.470504055456825433e-03 2.143320522030231601e+01 2.999999999999999556e+00
2.516527051405391836e-03 2.170864496809046429e+01 3.000000000000000444e+00
2.563407409296514835e-03 2.198896557748187774e+01 3.000000000000000444e+00
2.611161100917459583e-03 2.227427077824226487e+01 3.000000000000000000e+00
2.659804395593758260e-03 2.256467364830314537e+01 3.000000000000000444e+00
2.709353865732051433e-03 2.286029794422107742e+01 2.999999999999999556e+00
2.759826392466180594e-03 2.316127958853586932e+01 3.000000000000000888e+00
2.811239171408464344e-03 2.346776833034184762e+01 3.000000000000000000e+00
2.863609718508115885e-03 2.377992959710697818e+01 3.000000000000000444e+00
2.916955876018795853e-03 2.409794655771002425e+01 2.999999999999999556e+00
2.971295818577334054e-03 2.442202241886000280e+01 3.000000000000000444e+00
3.026648059395692196e-03 2.475237998420275787e+01 3.000000000000000444e+00
3.083031456568277075e-03 2.508918762746166919e+01 3.000000000000000000e+00
3.140465219496752208e-03 2.543254096547713772e+01 2.999999999999999556e+00
3.198968915434537586e-03 2.578253287067362365e+01 3.000000000000000000e+00
3.258562476153226226e-03 2.613925743880552588e+01 3.000000000000000444e+00
3.319266204733189573e-03 2.650281031857911529e+01 3.000000000000000888e+00
3.381100782480685445e-03 2.687328910393969750e+01 3.000000000000000444e+00
3.444087275973823411e-03 2.725079379694701842e+01 3.000000000000000000e+00
3.508247144239792347e-03 2.763542734996871530e+01 3.000000000000000000e+00
3.573602246065788347e-03 2.802729629680387902e+01 3.000000000000000000e+00
3.640174847446141400e-03 2.842651148331372823e+01 2.999999999999999556e+00
3.707987629168172684e-03 2.883318890918815214e+01 2.999999999999999556e+00
3.777063694539364597e-03 2.924745069363546435e+01 2.999999999999999556e+00
3.847426577258505898e-03 2.966942617904773272e+01 2.999999999999999556e+00
3.919100249433401899e-03 3.009925318808788930e+01 3.000000000000000444e+00
3.992109129748053209e-03 3.053707945118106792e+01 3.000000000000000444e+00
4.066478091781853925e-03 3.098305785271656632e+01 3.000000000000000000e+00
4.142232472483897525e-03 3.143731680281625884e+01 2.999999999999999556e+00
4.219398080805024202e-03 3.189997934996931406e+01 3.000000000000000000e+00
4.298001206490798497e-03 3.237117546123923262e+01 3.000000000000000444e+00
4.378068629038166758e-03 3.285104338323738205e+01 2.999999999999999556e+00
4.459627626819095622e-03 3.333973118274627723e+01 3.000000000000000000e+00
4.542705986374042521e-03 3.383739849850300629e+01 3.000000000000000444e+00
4.627332011878692967e-03 3.434421852724289437e+01 3.000000000000000000e+00
4.713534534786906725e-03 3.486038026941358936e+01 3.000000000000000000e+00
4.801342923653449841e-03 3.538609106254580183e+01 2.999999999999999112e+00
4.890787094139589959e-03 3.592157943313470980e+01 3.000000000000000000e+00
4.981897519205159656e-03 3.646709830110631856e+01 2.999999999999999556e+00
5.074705239490466188e-03 3.702291427874954621e+01 3.000000000000000000e+00
5.169241873891598608e-03 3.758921441535643027e+01 2.999999999999999556e+00
5.265539630332755246e-03 3.816614970729161627e+01 3.000000000000000000e+00
5.363631316739239652e-03 3.875387888276745940e+01 3.000000000000000444e+00
5.463550352214875498e-03 3.935257026947127201e+01 3.000000000000000000e+00
5.565330778427646403e-03 3.996240370470261638e+01 3.000000000000000000e+00
5.669007271207434327e-03 4.058357271560012691e+01 2.999999999999999556e+00
5.774615152359819509e-03 4.121628699938957396e+01 3.000000000000000000e+00
5.882190401699956099e-03 4.186077523658129707e+01 2.999999999999999556e+00
5.991769669310619169e-03 4.251728827337513650e+01 3.000000000000000000e+00
6.103390288028621123e-03 4.318608663242233092e+01 3.000000000000000000e+00
6.217090286163826779e-03 4.386737374899709607e+01 2.999999999999999556e+00
6.332908400455114321e-03 4.456134183705956531e+01 3.000000000000000000e+00
6.450884089267692675e-03 4.526819731662353519e+01 3.000000000000000444e+00
6.571057546036270826e-03 4.598816356837022568e+01 3.000000000000000000e+00
6.693469712958660493e-03 4.672148405801449655e+01 3.000000000000000444e+00
6.818162294944479437e-03 4.746842587978140671e+01 3.000000000000000888e+00
6.945177773823696388e-03 4.822928376456906108e+01 3.000000000000000888e+00
7.074559422819878297e-03 4.900437959577791247e+01 3.000000000000000888e+00
7.206351321293052656e-03 4.979398467961347308e+01 3.000000000000000000e+00
7.340598369757212090e-03 5.059832183357936231e+01 3.000000000000000000e+00
7.477346305177588227e-03 5.141762887402206417e+01 3.000000000000000888e+00
7.616641716552892058e-03 5.225216391440459063e+01 2.999999999999999112e+00
7.758532060787835978e-03 5.310220916567300264e+01 3.000000000000000000e+00
7.903065678861348128e-03 5.396807524830183667e+01 3.000000000000000444e+00
8.050291812295981564e-03 5.485010508439531662e+01 3.000000000000000000e+00
8.200260619934130954e-03 5.574862098267467303e+01 2.999999999999999556e+00
8.353023195026778799e-03 5.666388498413309094e+01 3.000000000000000000e+00
8.508631582640582489e-03 5.759617353237464954e+01 3.000000000000000000e+00
8.667138797389234081e-03 5.854578859327234142e+01 3.000000000000000888e+00
8.828598841495149604e-03 5.951306238790355252e+01 3.000000000000000000e+00
8.993066723187623582e-03 6.049836275703638222e+01 3.000000000000000000e+00
9.160598475443709407e-03 6.150207452422082355e+01 2.999999999999999556e+00
9.331251175078249249e-03 6.252450948378903917e+01 2.999999999999999112e+00
9.505082962189511861e-03 6.356597469524150057e+01 3.000000000000000000e+00
9.682153059967075343e-03 6.462680632630484467e+01 2.999999999999999556e+00
9.862521794868784469e-03 6.570737510698270967e+01 2.999999999999999112e+00
1.004625061717340749e-02 6.680809207786747095e+01 2.999999999999999112e+00
1.023340212191641702e-02 6.792936119529808536e+01 3.000000000000000000e+00
1.042404007021556327e-02 6.907152083025958689e+01 2.999999999999998668e+00
1.061822941099384125e-02 7.023492893560987227e+01 2.999999999999999112e+00
1.081603630310709954e-02 7.141998013364916176e+01 2.999999999999998668e+00
1.101752813788386791e-02 7.262711240543609392e+01 3.000000000000000444e+00
1.122277356208507652e-02 7.385677669822641178e+01 3.000000000000000444e+00
1.143184250129149725e-02 7.510935363638874662e+01 2.999999999999999556e+00
1.164480618372686072e-02 7.638523797598693932e+01 2.999999999999999556e+00
1.186173716452478509e-02 7.768486604415710417e+01 3.000000000000000444e+00
1.208270935044776506e-02 7.900872183055170694e+01 2.999999999999999556e+00
1.230779802506665188e-02 8.035727363458192940e+01 3.000000000000000000e+00
1.253707987440920262e-02 8.173093650585371961e+01 2.999999999999999112e+00
1.277063301308643990e-02 8.313016056654075214e+01 2.999999999999999556e+00
1.300853701090571267e-02 8.455544590119302484e+01 2.999999999999999556e+00
1.325087291997953214e-02 8.600731756128023164e+01 2.999999999999998668e+00
1.349772330233941706e-02 8.748623568671425232e+01 2.999999999999999112e+00
1.374917225806419029e-02 8.899268041757218839e+01 2.999999999999999112e+00
1.400530545393219653e-02 9.052718556687133855e+01 2.999999999999999112e+00
1.426621015260736910e-02 9.209031336087915065e+01 2.999999999999999556e+00
1.453197524236895383e-02 9.368255635744638710e+01 3.000000000000000000e+00
1.480269126739508674e-02 9.530442746613577754e+01 3.000000000000000000e+00
1.507845045861051086e-02 9.695649700763550527e+01 3.000000000000000000e+00
1.535934676510897039e-02 9.863935374710874271e+01 3.000000000000000000e+00
1.564547588616095955e-02 1.003535647145816938e+02 3.000000000000000888e+00
1.593693530381774456e-02 1.020997532584161149e+02 3.000000000000000444e+00
1.623382431612278159e-02 1.038785928174401789e+02 2.999999999999999556e+00
1.653624407094180307e-02 1.056906294760999572e+02 2.999999999999999556e+00
1.684429760042315330e-02 1.075363656088997431e+02 2.999999999999999112e+00
1.715808985610004986e-02 1.094163547174477458e+02 3.000000000000000000e+00
1.747772774464680795e-02 1.113312123305557009e+02 2.999999999999999556e+00
1.780332016430113962e-02 1.132816278159196486e+02 2.999999999999999556e+00
1.813497804196495186e-02 1.152683743985833189e+02 3.000000000000000000e+00
1.847281437099634188e-02 1.172921939591507794e+02 3.000000000000000000e+00
1.881694424970555696e-02 1.193537438102811308e+02 2.999999999999999556e+00
1.916748492056815148e-02 1.214537459890186710e+02 3.000000000000000000e+00
1.952455581016860828e-02 1.235930113215381994e+02 3.000000000000000444e+00
1.988827856988809734e-02 1.257724550773413341e+02 3.000000000000000000e+00
2.025877711735016989e-02 1.279930740917784959e+02 3.000000000000000888e+00
2.063617767863858837e-02 1.302555563009502748e+02 3.000000000000000000e+00
2.102060883130158278e-02 1.325603868665375273e+02 3.000000000000000000e+00
2.141220154815729262e-02 1.349080831913957468e+02 3.000000000000000444e+00
2.181108924191518805e-02 1.372992076285268013e+02 3.000000000000000444e+00
2.221740781062883641e-02 1.397343784137902674e+02 3.000000000000000000e+00
2.263129568399528321e-02 1.422142821880045744e+02 2.999999999999999556e+00
2.305289387051707301e-02 1.447396882835411702e+02 3.000000000000000000e+00
2.348234600554275145e-02 1.473114649680886998e+02 3.000000000000000000e+00
2.391979840020238418e-02 1.499305978579889143e+02 3.000000000000000000e+00
2.436540009125464853e-02 1.525982107357943391e+02 2.999999999999999112e+00
2.481930289186254010e-02 1.553155890319741275e+02 2.999999999999999112e+00
2.528166144331499277e-02 1.580841673933563811e+02 3.000000000000000000e+00
2.575263326771199887e-02 1.609049989405849601e+02 3.000000000000000000e+00
2.623237882163122203e-02 1.637788010224815309e+02 3.000000000000000000e+00
2.672106155079433804e-02 1.667063467176457436e+02 2.999999999999999556e+00
2.721884794575178332e-02 1.696884896168965895e+02 2.999999999999999112e+00
2.772590759860482645e-02 1.727261806102029311e+02 2.999999999999999556e+00
2.824241326078434297e-02 1.758204869901534835e+02 2.999999999999999556e+00
2.876854090190592711e-02 1.789726141250156672e+02 2.999999999999999112e+00
2.930446976972142861e-02 1.821839299809732324e+02 2.999999999999999556e+00
2.985038245118730796e-02 1.854559928032438449e+02 3.000000000000000000e+00
3.040646493467067182e-02 1.887904901679974046e+02 2.999999999999999556e+00
3.097290667331408301e-02 1.921884485272106815e+02 2.999999999999999556e+00
3.154990064958086704e-02 1.956504884963071618e+02 2.999999999999999556e+00
3.213764344100276948e-02 1.991772579092102546e+02 2.999999999999999556e+00
3.273633528715245988e-02 2.027694482221846215e+02 3.000000000000000000e+00
3.334618015786364187e-02 2.064278083428209811e+02 3.000000000000000000e+00
3.396738582272208068e-02 2.101531606191775268e+02 3.000000000000000000e+00
3.460016392185108480e-02 2.139464192314850948e+02 3.000000000000000444e+00
3.524473003801584237e-02 2.178086112523789950e+02 3.000000000000000444e+00
3.590130377007068330e-02 2.217409006678100809e+02 3.000000000000000444e+00
3.657010880777489259e-02 2.257446156801070458e+02 2.999999999999999112e+00
3.725137300800209633e-02 2.298212796476304618e+02 3.000000000000000444e+00
3.794532847236938011e-02 2.339726460528148664e+02 2.999999999999999112e+00
3.865221162631261864e-02 2.382007379329423600e+02 2.999999999999999112e+00
3.937226329963479377e-02 2.425078922567606696e+02 3.000000000000000000e+00
4.010572880855495931e-02 2.468968086074833082e+02 3.000000000000000000e+00
4.085285803928561527e-02 2.513699810685406248e+02 3.000000000000000000e+00
4.161390553316707264e-02 2.559285525983475793e+02 2.999999999999999556e+00
4.238913057338778573e-02 2.605734733691594442e+02 3.000000000000000000e+00
4.317879727332021161e-02 2.653057594851652539e+02 3.000000000000000000e+00
4.398317466650223523e-02 2.701265119851007626e+02 3.000000000000000000e+00
4.480253679829489938e-02 2.750369387703246389e+02 3.000000000000000000e+00
4.563716281924758839e-02 2.800383797870335911e+02 2.999999999999999112e+00
4.648733708020256344e-02 2.851323358236917898e+02 3.000000000000000000e+00
4.735334922917116413e-02 2.903205013208200853e+02 3.000000000000001332e+00
4.823549431001467047e-02 2.956048016307909734e+02 3.000000000000000444e+00
4.913407286296361809e-02 3.009874352109230813e+02 3.000000000000000444e+00
5.004939102700953213e-02 3.064709212362387802e+02 3.000000000000000444e+00
5.098176064420424647e-02 3.120577639371597343e+02 3.000000000000000444e+00
5.193149936590212012e-02 3.177494395711867128e+02 3.000000000000000888e+00
5.289893076098151070e-02 3.235472736211261235e+02 3.000000000000001332e+00
5.388438442608223938e-02 3.294527260080916449e+02 3.000000000000000444e+00
5.488819609789671872e-02 3.354674224728771605e+02 3.000000000000000444e+00
5.591070776755290017e-02 3.415931904372433792e+02 3.000000000000000888e+00
5.695226779712821846e-02 3.478320998361161855e+02 3.000000000000000000e+00
5.801323103833375128e-02 3.541865094619394085e+02 3.000000000000001332e+00
5.909395895340967958e-02 3.606591194192029661e+02 3.000000000000000444e+00
6.019481973827271043e-02 3.672530282991905324e+02 2.999999999999999556e+00
6.131618844795772016e-02 3.739711656863939311e+02 3.000000000000000444e+00
6.245844712439614643e-02 3.808152923067821121e+02 3.000000000000000444e+00
6.362198492657485105e-02 3.877871169452733398e+02 3.000000000000000000e+00
6.480719826311967524e-02 3.948885351091591929e+02 2.999999999999999556e+00
6.601449092734885948e-02 4.021216701150819972e+02 2.999999999999999556e+00
6.724427423484245769e-02 4.094889199213681081e+02 3.000000000000000444e+00
6.849696716357443760e-02 4.169930103332061435e+02 3.000000000000000000e+00
6.977299649665534564e-02 4.246370552736517539e+02 3.000000000000000444e+00
7.107279696773415034e-02 4.324244216605563338e+02 3.000000000000000000e+00
7.239681140910873836e-02 4.403575143788446553e+02 2.999999999999999556e+00
7.374549090259549522e-02 4.484384010288829927e+02 3.000000000000000888e+00
7.511929493320965157e-02 4.566693858224816154e+02 3.000000000000000000e+00
7.651869154570821452e-02 4.650530621682625565e+02 3.000000000000000000e+00
7.794415750404946885e-02 4.735923703574530350e+02 3.000000000000000444e+00
7.939617845382279659e-02 4.822906630025842105e+02 3.000000000000000444e+00
8.087524908770453436e-02 4.911517020604367190e+02 3.000000000000001332e+00
8.238187331399605962e-02 5.001785468444789444e+02 3.000000000000000000e+00
8.391656442830157381e-02 5.093736246335350302e+02 3.000000000000001332e+00
8.547984528840409102e-02 5.187396207741226135e+02 3.000000000000000444e+00
8.707224849239916797e-02 5.282795627761572632e+02 3.000000000000000000e+00
8.869431656014709064e-02 5.379968877072294617e+02 3.000000000000000000e+00
9.034660211810524588e-02 5.478955153067623769e+02 3.000000000000000000e+00
9.202966808760409956e-02 5.579792772385911803e+02 2.999999999999999556e+00
9.374408787662991127e-02 5.682510434628883331e+02 3.000000000000000000e+00
9.549044557518077125e-02 5.787138303903083170e+02 2.999999999999999556e+00
9.726933615426168467e-02 5.893710405210173349e+02 2.999999999999999556e+00
9.908136566858666283e-02 6.002265383195567665e+02 3.000000000000000444e+00
1.009271514630570854e-01 6.112846895091187207e+02 2.999999999999999556e+00
1.028073223830864719e-01 6.225493710672139969e+02 3.000000000000000444e+00
1.047225189888434382e-01 6.340238142945333948e+02 3.000000000000000000e+00
1.066733937734857113e-01 6.457116026357271039e+02 3.000000000000000000e+00
1.086606113854596822e-01 6.576167961491886444e+02 3.000000000000000000e+00
1.106848488549412035e-01 6.697440080300345926e+02 2.999999999999999556e+00
1.127467958244946084e-01 6.820976511470097421e+02 3.000000000000000444e+00
1.148471547840289042e-01 6.946813601132371332e+02 3.000000000000000000e+00
1.169866413101306873e-01 7.074991094392049717e+02 3.000000000000000000e+00
1.191659843098558796e-01 7.205554058259907606e+02 2.999999999999999556e+00
1.213859262690627772e-01 7.338552978309132868e+02 3.000000000000000444e+00
1.236472235053715091e-01 7.474032556386414399e+02 3.000000000000000000e+00
1.259506464258357550e-01 7.612033636532631817e+02 2.999999999999999112e+00
1.282969797894147612e-01 7.752602154073105112e+02 3.000000000000000444e+00
1.306870229743346268e-01 7.895790272637029830e+02 2.999999999999998668e+00
1.331215902504307713e-01 8.041649775000780664e+02 3.000000000000000000e+00
1.356015110565633452e-01 8.190225261764024935e+02 2.999999999999999556e+00
1.381276302832009362e-01 8.341565644337325693e+02 2.999999999999999556e+00
1.407008085602685088e-01 8.495726447264912622e+02 2.999999999999999112e+00
1.433219225503573890e-01 8.652763072615618967e+02 2.999999999999999112e+00
1.459918652473978506e-01 8.812723263439413586e+02 2.999999999999999556e+00
1.487115462808953625e-01 8.975659293167666419e+02 3.000000000000000444e+00
1.514818922258345801e-01 9.141630139065151752e+02 3.000000000000000000e+00
1.543038469183564687e-01 9.310693950975728512e+02 3.000000000000000000e+00
1.571783717773162781e-01 9.482908154102461822e+02 3.000000000000000444e+00
1.601064461318317811e-01 9.658337764933166909e+02 3.000000000000000000e+00
1.630890675549332702e-01 9.837049944857840273e+02 3.000000000000000000e+00
1.661272522034293042e-01 1.001909446071795855e+03 3.000000000000000000e+00
1.692220351641037235e-01 1.020452090044733609e+03 3.000000000000000444e+00
1.723744708063619790e-01 1.039338506955208004e+03 3.000000000000000444e+00
1.755856331414468730e-01 1.058575026884738918e+03 3.000000000000000444e+00
1.788566161883461958e-01 1.078168874564775479e+03 3.000000000000000444e+00
1.821885343465165230e-01 1.098128158562739372e+03 3.000000000000000888e+00
1.855825227755517060e-01 1.118459971737918295e+03 3.000000000000000000e+00
1.890397377819219571e-01 1.139170848786519173e+03 3.000000000000000444e+00
1.925613572129196704e-01 1.160268174604166688e+03 2.999999999999999556e+00
1.961485808579429280e-01 1.181760373675054552e+03 3.000000000000000000e+00
1.998026308572548593e-01 1.203657096608762004e+03 3.000000000000000444e+00
2.035247521183575770e-01 1.225968276190062852e+03 3.000000000000000000e+00
2.073162127401229071e-01 1.248699621102287665e+03 2.999999999999999556e+00
2.111783044448242164e-01 1.271855714126666498e+03 2.999999999999999556e+00
2.151123430182164953e-01 1.295441562178980121e+03 2.999999999999999556e+00
2.191196687578147451e-01 1.319462710992592065e+03 2.999999999999999112e+00
2.232016469295232397e-01 1.343925376639224396e+03 2.999999999999999112e+00
2.273596682327715113e-01 1.368836595967958147e+03 2.999999999999999556e+00
2.315951492743152096e-01 1.394204398031452001e+03 2.999999999999999556e+00
2.359095330508633737e-01 1.420037998779177769e+03 3.000000000000000888e+00
2.403042894406967056e-01 1.446348021535708313e+03 2.999999999999999556e+00
2.447809157044440187e-01 1.473146746053500465e+03 3.000000000000000444e+00
2.493409369951877785e-01 1.500448389240128790e+03 3.000000000000000000e+00
2.539859068780723761e-01 1.528268061645770786e+03 2.999999999999999556e+00
2.587174078595921300e-01 1.556614434725942829e+03 3.000000000000000888e+00
2.635370519267393186e-01 1.585493721569274157e+03 3.000000000000000444e+00
2.684464810961962322e-01 1.614912717417715157e+03 2.999999999999999556e+00
2.734473679737579599e-01 1.644878954379277957e+03 3.000000000000000888e+00
2.785414163241766161e-01 1.675400871910429032e+03 3.000000000000000444e+00
2.837303616516211324e-01 1.706488011508141881e+03 3.000000000000000444e+00
2.890159717909508430e-01 1.738151238261205208e+03 3.000000000000000444e+00
2.944000475100033709e-01 1.770402992184277764e+03 3.000000000000000888e+00
2.998844231231027613e-01 1.803257572568428031e+03 3.000000000000000444e+00
3.054709671159968054e-01 1.836729748977801592e+03 3.000000000000000444e+00
3.111615827824359970e-01 1.870828882843237807e+03 3.000000000000000000e+00
3.169582088726115021e-01 1.905563348813225502e+03 2.999999999999999556e+00
3.228628202536730218e-01 1.940942490060662294e+03 3.000000000000000000e+00
3.288774285825510346e-01 1.976976833180814538e+03 3.000000000000000444e+00
3.350040829913132900e-01 2.013678333095822381e+03 3.000000000000000000e+00
3.412448707852889229e-01 2.051060651255739231e+03 2.999999999999999556e+00
3.476019181541977754e-01 2.089139470753429123e+03 2.999999999999999556e+00
3.540773908965269556e-01 2.127932364248912108e+03 2.999999999999999556e+00
3.606734951574028236e-01 2.167452717578076772e+03 3.000000000000000888e+00
3.673924781802074269e-01 2.207710587454078450e+03 3.000000000000000444e+00
3.742366290721980682e-01 2.248717093444149214e+03 3.000000000000000444e+00
3.812082795843887983e-01 2.290484768851236367e+03 3.000000000000000888e+00
3.883098049059605095e-01 2.333027849339931436e+03 3.000000000000000444e+00
3.955436244734701345e-01 2.376362600643060887e+03 3.000000000000000000e+00
4.029122027951347884e-01 2.420507573248887638e+03 3.000000000000000444e+00
4.104180502904709038e-01 2.465479177589883875e+03 2.999999999999999112e+00
4.180637241455757991e-01 2.511289313259348091e+03 2.999999999999999556e+00
4.258518291843414461e-01 2.557950834026260509e+03 3.000000000000000000e+00
4.337850187558989212e-01 2.605478251437227755e+03 3.000000000000000000e+00
4.418659956385941334e-01 2.653888069846666895e+03 2.999999999999999556e+00
4.500975129608046355e-01 2.703199166616421280e+03 3.000000000000000444e+00
4.584823751389096036e-01 2.753431453353746747e+03 2.999999999999999556e+00
4.670234388327330621e-01 2.804600641352776165e+03 2.999999999999999556e+00
4.757236139187884794e-01 2.856722736818183421e+03 2.999999999999999112e+00
4.845858644816490868e-01 2.909815907775159303e+03 3.000000000000000000e+00
4.936132098237911991e-01 2.963900896537642438e+03 2.999999999999999556e+00
5.028087254942474882e-01 3.019001407564943747e+03 3.000000000000000000e+00
5.121755443364236493e-01 3.075138471791603024e+03 2.999999999999999556e+00
5.217168575554343990e-01 3.132325134906202038e+03 3.000000000000000888e+00
5.314359158053235666e-01 3.190574752898719453e+03 3.000000000000000000e+00
5.413360302965375404e-01 3.249902210433544042e+03 3.000000000000000000e+00
5.514205739240296555e-01 3.310324271425200550e+03 3.000000000000000444e+00
5.616929824163804374e-01 3.371859979061327522e+03 2.999999999999999556e+00
5.721567555063246102e-01 3.434531110666128370e+03 3.000000000000000444e+00
5.828154581230839959e-01 3.498362693357573789e+03 3.000000000000000444e+00
5.936727216069119795e-01 3.563383587087445449e+03 2.999999999999999112e+00
6.047322449462643190e-01 3.629626819710556902e+03 3.000000000000000000e+00
6.159977960380161877e-01 3.697119242822221167e+03 2.999999999999999112e+00
6.274732129711574347e-01 3.765877120423313499e+03 2.999999999999999556e+00
6.391624053343999412e-01 3.835917569915918648e+03 2.999999999999999112e+00
6.510693555481454897e-01 3.907259703199591968e+03 3.000000000000000000e+00
6.631981202212668958e-01 3.979925065714464836e+03 3.000000000000000444e+00
6.755528315331639222e-01 4.053938136679575109e+03 3.000000000000000000e+00
6.881376986415662644e-01 4.129326897200645362e+03 2.999999999999999556e+00
7.009570091165617800e-01 4.206123472180094723e+03 3.000000000000000444e+00
7.140151304013395706e-01 4.284360245002249030e+03 3.000000000000000444e+00
7.273165113001454074e-01 4.364058919788031744e+03 3.000000000000000888e+00
7.408656834939559843e-01 4.445240643886323596e+03 3.000000000000000888e+00
7.546672630843886953e-01 4.527929189885441701e+03 3.000000000000000888e+00
7.687259521663728501e-01 4.612151505961484872e+03 3.000000000000000000e+00
7.830465404301183430e-01 4.697938341492000291e+03 3.000000000000000444e+00
7.976339067929273385e-01 4.785324956122068215e+03 3.000000000000000444e+00
8.124930210614047521e-01 4.874349471916213588e+03 3.000000000000000000e+00
8.276289456246344045e-01 4.965039037167305651e+03 3.000000000000000000e+00
8.430468371788967241e-01 5.057417318831535340e+03 3.000000000000000000e+00
8.587519484845170803e-01 5.151510858186366022e+03 2.999999999999999556e+00
8.747496301554414933e-01 5.247349700847323220e+03 3.000000000000000000e+00
8.910453324821513421e-01 5.344968094792782722e+03 2.999999999999999112e+00
9.076446072885356875e-01 5.444405005050971340e+03 2.999999999999999112e+00
9.245531098233570333e-01 5.545697049424889883e+03 2.999999999999999556e+00
9.417766006869519035e-01 5.648876576571287842e+03 2.999999999999999556e+00
9.593209477938241525e-01 5.753979822678112214e+03 3.000000000000000444e+00
9.771921283717996953e-01 5.861048171176948017e+03 3.000000000000000000e+00
9.953962309984233370e-01 5.970129084070582394e+03 3.000000000000000444e+00
1.013939457675291811e+00 6.081274234654044449e+03 3.000000000000000888e+00
1.032828125941028574e+00 6.194516451170981782e+03 3.000000000000001332e+00
1.052068671023622892e+00 6.309878191369115484e+03 3.000000000000000000e+00
1.071667648032863296e+00 6.427383835861524858e+03 3.000000000000000000e+00
1.091631734193614811e+00 6.547060353747324370e+03 3.000000000000000888e+00
1.111967731120699021e+00 6.668937949361696155e+03 3.000000000000000000e+00
1.132682567136153784e+00 6.793050802721267246e+03 3.000000000000000888e+00
1.153783299629660863e+00 6.919437913926603869e+03 3.000000000000000444e+00
1.175277117462945276e+00 7.048144062825093897e+03 3.000000000000000444e+00
1.197171343418965694e+00 7.179220896412324691e+03 3.000000000000000444e+00
1.219473436696737023e+00 7.312728157789087163e+03 3.000000000000000000e+00
1.242190995452616242e+00 7.448735072020327607e+03 3.000000000000000444e+00
1.265331759388941713e+00 7.587318799005826804e+03 3.000000000000000444e+00
1.288903612390891462e+00 7.728530015017361620e+03 3.000000000000000888e+00
1.312914585212463958e+00 7.872399579306781561e+03 3.000000000000000000e+00
1.337372858212495075e+00 8.018960791385749872e+03 3.000000000000000888e+00
1.362286764141645401e+00 8.168250526835491655e+03 3.000000000000000444e+00
1.387664790981307128e+00 8.320310078175571107e+03 2.999999999999999556e+00
1.413515584835394190e+00 8.475186115780214095e+03 3.000000000000000000e+00
1.439847952876006643e+00 8.632931781993902405e+03 2.999999999999999556e+00
1.466670866343967150e+00 8.793607932954360876e+03 3.000000000000000444e+00
1.493993463605256311e+00 8.957284544163387181e+03 3.000000000000000444e+00
1.521825053264385552e+00 9.124037856437087612e+03 3.000000000000000444e+00
1.550175117335768737e+00 9.293919402314148101e+03 3.000000000000000444e+00
1.579053314474174297e+00 9.466969457939499989e+03 3.000000000000000444e+00
1.608469483265355215e+00 9.643232736807440233e+03 3.000000000000000444e+00
1.638433645577983100e+00 9.822759517255861283e+03 3.000000000000000000e+00
1.668956009978023181e+00 1.000560682547049873e+04 3.000000000000000444e+00
1.700046975206716438e+00 1.019183978087557443e+04 3.000000000000000444e+00
1.731717133723352786e+00 1.038153312156426000e+04 3.000000000000000000e+00
1.763977275314043469e+00 1.057477222327092386e+04 3.000000000000000000e+00
1.796838390767719229e+00 1.077163151280588681e+04 3.000000000000000000e+00
1.830311675620611256e+00 1.097216594501180043e+04 2.999999999999999556e+00
1.864408533970485227e+00 1.117643550769248213e+04 3.000000000000000444e+00
1.899140582361933616e+00 1.138450814054956754e+04 3.000000000000000444e+00
1.934519653744044332e+00 1.159646128959322596e+04 3.000000000000000888e+00
1.970557801501798378e+00 1.181238366861553914e+04 3.000000000000000888e+00
2.007267303562568106e+00 1.203237714624397813e+04 3.000000000000000444e+00
2.044660666579115826e+00 1.225653492248602743e+04 3.000000000000000888e+00
2.082750630190514318e+00 1.248490663100919483e+04 3.000000000000000444e+00
2.121550171362450055e+00 1.271753861431080259e+04 3.000000000000000444e+00
2.161072508808376647e+00 1.295448175372479636e+04 3.000000000000000444e+00
2.201331107493030181e+00 1.319579266911384912e+04 3.000000000000000888e+00
2.242339683219845003e+00 1.344153509567118817e+04 3.000000000000000444e+00
2.284112207303823361e+00 1.369178145733443489e+04 3.000000000000000444e+00
2.326662911331458083e+00 1.394661465826492713e+04 3.000000000000000000e+00
2.370006292009327886e+00 1.420613011604819985e+04 3.000000000000000444e+00
2.414157116103017753e+00 1.447043806276269788e+04 3.000000000000000000e+00
2.459130425468043946e+00 1.473966614290850521e+04 3.000000000000000000e+00
2.504941542174502267e+00 1.501396231467441430e+04 2.999999999999999556e+00
2.551606073727183954e+00 1.529346836313663698e+04 3.000000000000000000e+00
2.599139918382932901e+00 1.557825688430970513e+04 2.999999999999999112e+00
2.647559270567066747e+00 1.586839112012402074e+04 3.000000000000000444e+00
2.696880626390692370e+00 1.616394063276152519e+04 3.000000000000000888e+00
2.747120789270811603e+00 1.646498286571389326e+04 3.000000000000000000e+00
2.798296875655115645e+00 1.677160493169760593e+04 3.000000000000000000e+00
2.850426320853434614e+00 1.708390565239474381e+04 3.000000000000000000e+00
2.903526884977813971e+00 1.740199787752566044e+04 3.000000000000000888e+00
2.957616658993253544e+00 1.772601111362517986e+04 3.000000000000000888e+00
3.012714070881164385e+00 1.805609427866209080e+04 3.000000000000000444e+00
3.068837891917642224e+00 1.839238497990425094e+04 3.000000000000000444e+00
3.126007243068700259e+00 1.873496724171038295e+04 3.000000000000000444e+00
3.184241601504649744e+00 1.908392520919648814e+04 3.000000000000000444e+00
3.243560807235807975e+00 1.943935298367868381e+04 3.000000000000000888e+00
3.303985069871854918e+00 1.980135682520561750e+04 3.000000000000000000e+00
3.365534975507090909e+00 2.017005766210466027e+04 3.000000000000000444e+00
3.428231493733967294e+00 2.054559394099488782e+04 3.000000000000000444e+00
3.492095984787267682e+00 2.092812485423396356e+04 3.000000000000000000e+00
3.557150206821382277e+00 2.131782180596620310e+04 2.999999999999999556e+00
3.623416323323146226e+00 2.171480847591409838e+04 2.999999999999999556e+00
3.690916910662774608e+00 2.211919722994127733e+04 2.999999999999999556e+00
3.759674965785463563e+00 2.253111475540609536e+04 3.000000000000000000e+00
3.829713914046277257e+00 2.295070499233375085e+04 3.000000000000000444e+00
3.901057617190989202e+00 2.337813242438044472e+04 3.000000000000000444e+00
3.973730381485604202e+00 2.381358580381352658e+04 3.000000000000000444e+00
4.047756965997318268e+00 2.425727491431334056e+04 3.000000000000000000e+00
4.123162591029748469e+00 2.470934247536489420e+04 3.000000000000000000e+00
4.199972946715301525e+00 2.516987825549416084e+04 2.999999999999999556e+00
4.278214201767612579e+00 2.563897870561964373e+04 3.000000000000000000e+00
4.357913012397025554e+00 2.611675039655860382e+04 3.000000000000000444e+00
4.439096531392166867e+00 2.660331257483029185e+04 2.999999999999999556e+00
4.521792417370697592e+00 2.709880009001941653e+04 2.999999999999999556e+00
4.606028844202397998e+00 2.760336673443231484e+04 3.000000000000000444e+00
4.691834510607794329e+00 2.811718903989504543e+04 2.999999999999999556e+00
4.779238649935595440e+00 2.864047058120297879e+04 2.999999999999999112e+00
4.868271040122278848e+00 2.917344684101656094e+04 3.000000000000000000e+00
4.958962013837211913e+00 2.971639069705274233e+04 2.999999999999999556e+00
5.051342468816761411e+00 3.026961129543175775e+04 3.000000000000000000e+00
5.145443878390924652e+00 3.083332838048893245e+04 3.000000000000000000e+00
5.241298302206056192e+00 3.140766598744023213e+04 3.000000000000000444e+00
5.338938397147350301e+00 3.199275552705166774e+04 3.000000000000000888e+00
5.438397428464796235e+00 3.258874233236063810e+04 3.000000000000000000e+00
5.539709281106400596e+00 3.319578897131542908e+04 3.000000000000000000e+00
5.642908471262536807e+00 3.381407903429247381e+04 3.000000000000000000e+00
5.748030158125351008e+00 3.444382144856610103e+04 2.999999999999999556e+00
5.855110155867238042e+00 3.508525537715404062e+04 2.999999999999999556e+00
5.964184945842459840e+00 3.573865576551000413e+04 3.000000000000000000e+00
6.075291689016070862e+00 3.640432836382151436e+04 3.000000000000000000e+00
6.188468238624382778e+00 3.708249338034269749e+04 3.000000000000000000e+00
6.303753153071275150e+00 3.777331311320936948e+04 2.999999999999999556e+00
6.421185709064758385e+00 3.847696685110795079e+04 3.000000000000000000e+00
6.540805914998252923e+00 3.919365621284042572e+04 3.000000000000000444e+00
6.662654524581149929e+00 3.992360988486722636e+04 3.000000000000000444e+00
6.786773050723295064e+00 4.066708900881547015e+04 3.000000000000000444e+00
6.913203779678127603e+00 4.142439328962346190e+04 3.000000000000000000e+00
7.041989785449288775e+00 4.219586659524896095e+04 3.000000000000000000e+00
7.173174944465612768e+00 4.298181787149852607e+04 3.000000000000000000e+00
7.306803950529499936e+00 4.378245479046937544e+04 3.000000000000000000e+00
7.442922330043757917e+00 4.459799644173307024e+04 2.999999999999999556e+00
7.581576457522110069e+00 4.542868968072282587e+04 3.000000000000000444e+00
7.722813571388642551e+00 4.627481484132634796e+04 3.000000000000000000e+00
7.866681790071582192e+00 4.713669222429570073e+04 2.999999999999999112e+00
8.013230128396878982e+00 4.801468941456476750e+04 3.000000000000000000e+00
8.162508514287219796e+00 4.890917066605734726e+04 3.000000000000000000e+00
8.314567805772055564e+00 4.982036487428123655e+04 2.999999999999999556e+00
8.469459808314576676e+00 5.074849015176464309e+04 3.000000000000000444e+00
8.627237292461440887e+00 5.169379030867427355e+04 2.999999999999999556e+00
8.787954011821311084e+00 5.265654062763084949e+04 3.000000000000000000e+00
8.951664721378293166e+00 5.363705444703501416e+04 3.000000000000000888e+00
9.118425196146562328e+00 5.463569064098806848e+04 3.000000000000000444e+00
9.288292250172489162e+00 5.565286209309998958e+04 3.000000000000000888e+00
9.461323755890759912e+00 5.668904527196107665e+04 3.000000000000000444e+00
9.637578663841079418e+00 5.774479102806104493e+04 3.000000000000000444e+00
9.817117022752183786e+00 5.882073674576543272e+04 3.000000000000000444e+00
1.000000000000000000e+01 5.991762000000005355e+04 3.000000000000000000e+00
