# Source: PRIMAT compilation, https://doi.org/10.1016/j.physrep.2018.04.005
1.000000000000000021e-03 1.419999999999997948e-22 3.000000000000000000e+00
1.018628990244687619e-03 2.116338152958396655e-22 3.000000000000000000e+00
1.037605019766911670e-03 3.161760794770842259e-22 3.000000000000000000e+00
1.056934553557988335e-03 4.734526713508920892e-22 2.999999999999999556e+00
1.076624177045493267e-03 7.105293394086087491e-22 2.999999999999999556e+00
1.096680598336868600e-03 1.068556463547747556e-21 3.000000000000000000e+00
1.117110650504824203e-03 1.610174418880343617e-21 2.999999999999999556e+00
1.137921293915315117e-03 2.430838730435016226e-21 2.999999999999999556e+00
1.159119618598885779e-03 3.676145940620190369e-21 3.000000000000000000e+00
1.180712846666190276e-03 5.568344568871037028e-21 3.000000000000000444e+00
1.202708334768511989e-03 8.446900832273969267e-21 3.000000000000000000e+00
1.225113576604118949e-03 1.283055939730914580e-20 2.999999999999999556e+00
1.247936205471311460e-03 1.951225445308657810e-20 2.999999999999999112e+00
1.271183996869028896e-03 2.970417843772059198e-20 3.000000000000000888e+00
1.294864871145904933e-03 4.525934642083700968e-20 3.000000000000000000e+00
1.318986896198670470e-03 6.900966456137928309e-20 3.000000000000000888e+00
1.343558290220826226e-03 1.052811521350744231e-19 3.000000000000000000e+00
1.368587424502519176e-03 1.606780443284998166e-19 2.999999999999999556e+00
1.394082826282578647e-03 2.452741479373424452e-19 3.000000000000000000e+00
1.420053181653683095e-03 3.744195920245513450e-19 3.000000000000000888e+00
1.446507338521647217e-03 5.714750848629732440e-19 2.999999999999999556e+00
1.473454309619835756e-03 8.719400921408847437e-19 3.000000000000000444e+00
1.500903275579736594e-03 1.329669353987739022e-18 3.000000000000000000e+00
1.528863588058731147e-03 2.026207471413436328e-18 3.000000000000000000e+00
1.557344772926135207e-03 3.084761929985202724e-18 3.000000000000000444e+00
1.586356533508589657e-03 4.691048964975085677e-18 3.000000000000000444e+00
1.615908753895919101e-03 7.124279860627403730e-18 3.000000000000000000e+00
1.646011502308549748e-03 1.080304117048570398e-17 3.000000000000000000e+00
1.676675034527699143e-03 1.635294557783836035e-17 3.000000000000000000e+00
1.707909797389426916e-03 2.470594356838322721e-17 3.000000000000000888e+00
1.739726432343800767e-03 3.724543279324914776e-17 3.000000000000000444e+00
1.772135779080358372e-03 5.601724266723536841e-17 3.000000000000000000e+00
1.805148879221108154e-03 8.403481889567735518e-17 2.999999999999999556e+00
1.838776980082326793e-03 1.257182924313177873e-16 2.999999999999999556e+00
1.873031538506436536e-03 1.875226405365324601e-16 3.000000000000000888e+00
1.907924224765265072e-03 2.788311911238214214e-16 2.999999999999999556e+00
1.943466926536020246e-03 4.132190239967490505e-16 2.999999999999999556e+00
1.979671752951332481e-03 6.102285982607685960e-16 3.000000000000000000e+00
2.016551038724746607e-03 8.978499947734517564e-16 2.999999999999999556e+00
2.054117348353064112e-03 1.315964075707927963e-15 3.000000000000000444e+00
2.092383480396977150e-03 1.921093187120278689e-15 3.000000000000000000e+00
2.131362471841437810e-03 2.792916644087210077e-15 3.000000000000000000e+00
2.171067602537264923e-03 4.043154848717567119e-15 3.000000000000000000e+00
2.211512399725488933e-03 5.827616811151361032e-15 2.999999999999999556e+00
2.252710642645980484e-03 8.362455190543752243e-15 3.000000000000000000e+00
2.294676367231936100e-03 1.194600052705484102e-14 3.000000000000000000e+00
2.337423870891814758e-03 1.698798039488472881e-14 3.000000000000000000e+00
2.380967717380358135e-03 2.404851095680219986e-14 2.999999999999999556e+00
2.425322741760352948e-03 3.389003857887292980e-14 3.000000000000000444e+00
2.470504055456825433e-03 4.754649819228585162e-14 2.999999999999999556e+00
2.516527051405391836e-03 6.641547851957643462e-14 3.000000000000000444e+00
2.563407409296514835e-03 9.238134645100944108e-14 3.000000000000000444e+00
2.611161100917459583e-03 1.279803934115184416e-13 3.000000000000000000e+00
2.659804395593758260e-03 1.766235975022838297e-13 3.000000000000000444e+00
2.709353865732051433e-03 2.428992711344723007e-13 2.999999999999999556e+00
2.759826392466180594e-03 3.329878068018494498e-13 3.000000000000000888e+00
2.811239171408464344e-03 4.552356987673696498e-13 3.000000000000000000e+00
2.863609718508115885e-03 6.209587838332346819e-13 3.000000000000000444e+00
2.916955876018795853e-03 8.455796645137226577e-13 2.999999999999999556e+00
2.971295818577334054e-03 1.150258796410716811e-12 3.000000000000000444e+00
3.026648059395692196e-03 1.564236023837374359e-12 3.000000000000000444e+00
3.083031456568277075e-03 2.127286385741429619e-12 3.000000000000000000e+00
3.140465219496752208e-03 2.892777099706001977e-12 2.999999999999999556e+00
3.198968915434537586e-03 3.932837407796020708e-12 3.000000000000000000e+00
3.258562476153226226e-03 5.344831250906862855e-12 3.000000000000000444e+00
3.319266204733189573e-03 7.259927934439910115e-12 3.000000000000000888e+00
3.381100782480685445e-03 9.854456087582331290e-12 3.000000000000000444e+00
3.444087275973823411e-03 1.336488605638562688e-11 3.000000000000000000e+00
3.508247144239792347e-03 1.810751698417143758e-11 3.000000000000000000e+00
3.573602246065788347e-03 2.450422858993136784e-11 3.000000000000000000e+00
3.640174847446141400e-03 3.311600182492245111e-11 2.999999999999999556e+00
3.707987629168172684e-03 4.468632436002806794e-11 2.999999999999999556e+00
3.777063694539364597e-03 6.019708194460325409e-11 2.999999999999999556e+00
3.847426577258505898e-03 8.094009810721142089e-11 2.999999999999999556e+00
3.919100249433401899e-03 1.086081212406487036e-10 3.000000000000000444e+00
3.992109129748053209e-03 1.454097625603038129e-10 3.000000000000000444e+00
4.066478091781853925e-03 1.942168997762992621e-10 3.000000000000000000e+00
4.142232472483897525e-03 2.587702746187893806e-10 2.999999999999999556e+00
4.219398080805024202e-03 3.439282947826943537e-10 3.000000000000000000e+00
4.298001206490798497e-03 4.559824393089867304e-10 3.000000000000000444e+00
4.378068629038166758e-03 6.030659154509331346e-10 2.999999999999999556e+00
4.459627626819095622e-03 7.956789860588823949e-10 3.000000000000000000e+00
4.542705986374042521e-03 1.047366585293967231e-09 3.000000000000000444e+00
4.627332011878692967e-03 1.375596294141921321e-09 3.000000000000000000e+00
4.713534534786906725e-03 1.802902223796924461e-09 3.000000000000000000e+00
4.801342923653449841e-03 2.358385106080474247e-09 2.999999999999999112e+00
4.890787094139589959e-03 3.079694244886684042e-09 3.000000000000000000e+00
4.981897519205159656e-03 4.015667916281114137e-09 2.999999999999999556e+00
5.074705239490466188e-03 5.229689664314505105e-09 3.000000000000000000e+00
5.169241873891598608e-03 6.802549851140153703e-09 2.999999999999999556e+00
5.265539630332755246e-03 8.837059263238989156e-09 3.000000000000000000e+00
5.363631316739239652e-03 1.146432980870951060e-08 3.000000000000000444e+00
5.463550352214875498e-03 1.485120982011459312e-08 3.000000000000000000e+00
5.565330778427646403e-03 1.920957727123354074e-08 3.000000000000000000e+00
5.669007271207434327e-03 2.480794394644988047e-08 2.999999999999999556e+00
5.774615152359819509e-03 3.198593357195557757e-08 3.000000000000000000e+00
5.882190401699956099e-03 4.117234061697967447e-08 2.999999999999999556e+00
5.991769669310619169e-03 5.290766258899054501e-08 3.000000000000000000e+00
6.103390288028621123e-03 6.787198372768206604e-08 3.000000000000000000e+00
6.217090286163826779e-03 8.691841350396911925e-08 2.999999999999999556e+00
6.332908400455114321e-03 1.111158625900211708e-07 3.000000000000000000e+00
6.450884089267692675e-03 1.418024173945607238e-07 3.000000000000000444e+00
6.571057546036270826e-03 1.806517013328681153e-07 3.000000000000000000e+00
6.693469712958660493e-03 2.297560388675916958e-07 3.000000000000000444e+00
6.818162294944479437e-03 2.917311438146125456e-07 3.000000000000000888e+00
6.945177773823696388e-03 3.698486090194781874e-07 3.000000000000000888e+00
7.074559422819878297e-03 4.682020671899070673e-07 3.000000000000000888e+00
7.206351321293052656e-03 5.918678914152791755e-07 3.000000000000000000e+00
7.340598369757212090e-03 7.471128584610675243e-07 3.000000000000000000e+00
7.477346305177588227e-03 9.416934523157666687e-07 3.000000000000000888e+00
7.616641716552892058e-03 1.185201892799481979e-06 2.999999999999999112e+00
7.758532060787835978e-03 1.489492604043604570e-06 3.000000000000000000e+00
7.903065678861348128e-03 1.869210943826332971e-06 3.000000000000000444e+00
8.050291812295981564e-03 2.342450064550834560e-06 3.000000000000000000e+00
8.200260619934130954e-03 2.931459860510987754e-06 2.999999999999999556e+00
8.353023195026778799e-03 3.663442142622221643e-06 3.000000000000000000e+00
8.508631582640582489e-03 4.571718828183011528e-06 3.000000000000000000e+00
8.667138797389234081e-03 5.697088444674036695e-06 3.000000000000000888e+00
8.828598841495149604e-03 7.089477998908716926e-06 3.000000000000000000e+00
8.993066723187623582e-03 8.809976281763619017e-06 3.000000000000000000e+00
9.160598475443709407e-03 1.093317292837258845e-05 2.999999999999999556e+00
9.331251175078249249e-03 1.354925233916170370e-05 2.999999999999999112e+00
9.505082962189511861e-03 1.676732413798941258e-05 3.000000000000000000e+00
9.682153059967075343e-03 2.071940121659705103e-05 2.999999999999999556e+00
9.862521794868784469e-03 2.556500415195937868e-05 2.999999999999999112e+00
1.004625061717340749e-02 3.149669996002827754e-05 2.999999999999999112e+00
1.023340212191641702e-02 3.874694237333427250e-05 3.000000000000000000e+00
1.042404007021556327e-02 4.759656891861711457e-05 2.999999999999998668e+00
1.061822941099384125e-02 5.838486632483980951e-05 2.999999999999999112e+00
1.081603630310709954e-02 7.152211822502361311e-05 2.999999999999998668e+00
1.101752813788386791e-02 8.750525088900302367e-05 3.000000000000000444e+00
1.122277356208507652e-02 1.069334719216116802e-04 3.000000000000000444e+00
1.143184250129149725e-02 1.305175152605807817e-04 2.999999999999999556e+00
1.164480618372686072e-02 1.591048347297939394e-04 2.999999999999999556e+00
1.186173716452478509e-02 1.937068482022648048e-04 3.000000000000000444e+00
1.208270935044776506e-02 2.355294974998548712e-04 2.999999999999999556e+00
1.230779802506665188e-02 2.860093991790576932e-04 3.000000000000000000e+00
1.253707987440920262e-02 3.468569773703408430e-04 2.999999999999999112e+00
1.277063301308643990e-02 4.201087733723894951e-04 2.999999999999999556e+00
1.300853701090571267e-02 5.081905257994301980e-04 2.999999999999999556e+00
1.325087291997953214e-02 6.139856181788892059e-04 2.999999999999998668e+00
1.349772330233941706e-02 7.408923711894584499e-04 2.999999999999999112e+00
1.374917225806419029e-02 8.929270353760622794e-04 2.999999999999999112e+00
1.400530545393219653e-02 1.074841903335504696e-03 2.999999999999999112e+00
1.426621015260736910e-02 1.292251765368807514e-03 2.999999999999999556e+00
1.453197524236895383e-02 1.551752243762684509e-03 3.000000000000000000e+00
1.480269126739508674e-02 1.861105522912500244e-03 3.000000000000000000e+00
1.507845045861051086e-02 2.229456023955305073e-03 3.000000000000000000e+00
1.535934676510897039e-02 2.667549001535721599e-03 3.000000000000000000e+00
1.564547588616095955e-02 3.187965029125244820e-03 3.000000000000000888e+00
1.593693530381774456e-02 3.805473496674347238e-03 3.000000000000000444e+00
1.623382431612278159e-02 4.537406556239267225e-03 2.999999999999999556e+00
1.653624407094180307e-02 5.403905751635833081e-03 2.999999999999999556e+00
1.684429760042315330e-02 6.428384671254178638e-03 2.999999999999999112e+00
1.715808985610004986e-02 7.638130077051316635e-03 3.000000000000000000e+00
1.747772774464680795e-02 9.064943484535261525e-03 2.999999999999999556e+00
1.780332016430113962e-02 1.074590397649324326e-02 2.999999999999999556e+00
1.813497804196495186e-02 1.272427471898886567e-02 3.000000000000000000e+00
1.847281437099634188e-02 1.505023864870938706e-02 3.000000000000000000e+00
1.881694424970555696e-02 1.778171660101611831e-02 2.999999999999999556e+00
1.916748492056815148e-02 2.098589143868053591e-02 3.000000000000000000e+00
1.952455581016860828e-02 2.474077314141433920e-02 3.000000000000000444e+00
1.988827856988809734e-02 2.913705254349477011e-02 3.000000000000000000e+00
2.025877711735016989e-02 3.428013984066546199e-02 3.000000000000000888e+00
2.063617767863858837e-02 4.029033841451421655e-02 3.000000000000000000e+00
2.102060883130158278e-02 4.730470630239464597e-02 3.000000000000000000e+00
2.141220154815729262e-02 5.548033642915142089e-02 3.000000000000000444e+00
2.181108924191518805e-02 6.499715210360909601e-02 3.000000000000000444e+00
2.221740781062883641e-02 7.606111211588678644e-02 3.000000000000000000e+00
2.263129568399528321e-02 8.890793089172625840e-02 2.999999999999999556e+00
2.305289387051707301e-02 1.038074317837957006e-01 3.000000000000000000e+00
2.348234600554275145e-02 1.210686864914846672e-01 3.000000000000000000e+00
2.391979840020238418e-02 1.410461391576494083e-01 3.000000000000000000e+00
2.436540009125464853e-02 1.641469731108270436e-01 2.999999999999999112e+00
2.481930289186254010e-02 1.908400557809750708e-01 2.999999999999999112e+00
2.528166144331499277e-02 2.216659276404160939e-01 3.000000000000000000e+00
2.575263326771199887e-02 2.572337007141159981e-01 3.000000000000000000e+00
2.623237882163122203e-02 2.982262771500460152e-01 3.000000000000000000e+00
2.672106155079433804e-02 3.454180978073617680e-01 2.999999999999999556e+00
2.721884794575178332e-02 3.996876312845289436e-01 2.999999999999999112e+00
2.772590759860482645e-02 4.620316563849941605e-01 2.999999999999999556e+00
2.824241326078434297e-02 5.335820400934593311e-01 2.999999999999999556e+00
2.876854090190592711e-02 6.156256319229345131e-01 2.999999999999999112e+00
2.930446976972142861e-02 7.096280756897890285e-01 2.999999999999999556e+00
2.985038245118730796e-02 8.172625725991006229e-01 3.000000000000000000e+00
3.040646493467067182e-02 9.404378908507335932e-01 2.999999999999999556e+00
3.097290667331408301e-02 1.081265623585859981e+00 2.999999999999999556e+00
3.154990064958086704e-02 1.242082510390816186e+00 2.999999999999999556e+00
3.213764344100276948e-02 1.425502291186317327e+00 2.999999999999999556e+00
3.273633528715245988e-02 1.634445822983045193e+00 3.000000000000000000e+00
3.334618015786364187e-02 1.872174557863856892e+00 3.000000000000000000e+00
3.396738582272208068e-02 2.142328496301714846e+00 3.000000000000000000e+00
3.460016392185108480e-02 2.448969672779054640e+00 3.000000000000000444e+00
3.524473003801584237e-02 2.796632548934098406e+00 3.000000000000000444e+00
3.590130377007068330e-02 3.190383095766899491e+00 3.000000000000000444e+00
3.657010880777489259e-02 3.635888863339599819e+00 2.999999999999999112e+00
3.725137300800209633e-02 4.139502992865367048e+00 3.000000000000000444e+00
3.794532847236938011e-02 4.708365959817437663e+00 2.999999999999999112e+00
3.865221162631261864e-02 5.350529897467408702e+00 2.999999999999999112e+00
3.937226329963479377e-02 6.075111704560703707e+00 3.000000000000000000e+00
4.010572880855495931e-02 6.892482414891513365e+00 3.000000000000000000e+00
4.085285803928561527e-02 7.814230395390691086e+00 3.000000000000000000e+00
4.161390553316707264e-02 8.852714751392252168e+00 2.999999999999999556e+00
4.238913057338778573e-02 1.002149499480595907e+01 3.000000000000000000e+00
4.317879727332021161e-02 1.133554118428946822e+01 3.000000000000000000e+00
4.398317466650223523e-02 1.281137438607817813e+01 3.000000000000000000e+00
4.480253679829489938e-02 1.446722681720102877e+01 3.000000000000000000e+00
4.563716281924758839e-02 1.632322664060000861e+01 2.999999999999999112e+00
4.648733708020256344e-02 1.840161379881400094e+01 3.000000000000000000e+00
4.735334922917116413e-02 2.072699504970081819e+01 3.000000000000001332e+00
4.823549431001467047e-02 2.332664859127099177e+01 3.000000000000000444e+00
4.913407286296361809e-02 2.623089144501576442e+01 3.000000000000000444e+00
5.004939102700953213e-02 2.947352619734299850e+01 3.000000000000000444e+00
5.098176064420424647e-02 3.309189016659048832e+01 3.000000000000000444e+00
5.193149936590212012e-02 3.712576309041670442e+01 3.000000000000000888e+00
5.289893076098151070e-02 4.161836874174789358e+01 3.000000000000001332e+00
5.388438442608223938e-02 4.661701221907610204e+01 3.000000000000000444e+00
5.488819609789671872e-02 5.217350835715141244e+01 3.000000000000000444e+00
5.591070776755290017e-02 5.834468919067165160e+01 3.000000000000000888e+00
5.695226779712821846e-02 6.519301181196254902e+01 3.000000000000000000e+00
5.801323103833375128e-02 7.278729349066460941e+01 3.000000000000001332e+00
5.909395895340967958e-02 8.120360776820722037e+01 3.000000000000000444e+00
6.019481973827271043e-02 9.052637779766291715e+01 2.999999999999999556e+00
6.131618844795772016e-02 1.008477187843567577e+02 3.000000000000000444e+00
6.245844712439614643e-02 1.122644502568417835e+02 3.000000000000000444e+00
6.362198492657485105e-02 1.248811846812269124e+02 3.000000000000000000e+00
6.480719826311967524e-02 1.388116869935770978e+02 2.999999999999999556e+00
6.601449092734885948e-02 1.541798540364119106e+02 2.999999999999999556e+00
6.724427423484245769e-02 1.711208928762659696e+02 3.000000000000000444e+00
6.849696716357443760e-02 1.897827510407453531e+02 3.000000000000000000e+00
6.977299649665534564e-02 2.103278646734891311e+02 3.000000000000000444e+00
7.107279696773415034e-02 2.329341410990040799e+02 3.000000000000000000e+00
7.239681140910873836e-02 2.577890514329484404e+02 2.999999999999999556e+00
7.374549090259549522e-02 2.850924634620096185e+02 3.000000000000000888e+00
7.511929493320965157e-02 3.150607330644676267e+02 3.000000000000000000e+00
7.651869154570821452e-02 3.479285652989149753e+02 3.000000000000000000e+00
7.794415750404946885e-02 3.839512726143248074e+02 3.000000000000000444e+00
7.939617845382279659e-02 4.234075462743957701e+02 3.000000000000000444e+00
8.087524908770453436e-02 4.666021196663808155e+02 3.000000000000001332e+00
8.238187331399605962e-02 5.138570552483827214e+02 3.000000000000000000e+00
8.391656442830157381e-02 5.655112320341301029e+02 3.000000000000001332e+00
8.547984528840409102e-02 6.219297397669612337e+02 3.000000000000000444e+00
8.707224849239916797e-02 6.835071536880726626e+02 3.000000000000000000e+00
8.869431656014709064e-02 7.506712880769512140e+02 3.000000000000000000e+00
9.034660211810524588e-02 8.238877837913274789e+02 3.000000000000000000e+00
9.202966808760409956e-02 9.036555059942631942e+02 2.999999999999999556e+00
9.374408787662991127e-02 9.904932748963884706e+02 3.000000000000000000e+00
9.549044557518077125e-02 1.084955859873128020e+03 2.999999999999999556e+00
9.726933615426168467e-02 1.187640854745292245e+03 2.999999999999999556e+00
9.908136566858666283e-02 1.299194296626398454e+03 3.000000000000000444e+00
1.009271514630570854e-01 1.420316624534301582e+03 2.999999999999999556e+00
1.028073223830864719e-01 1.551745657174124062e+03 3.000000000000000444e+00
1.047225189888434382e-01 1.694251111477334916e+03 3.000000000000000000e+00
1.066733937734857113e-01 1.848657552584524865e+03 3.000000000000000000e+00
1.086606113854596822e-01 2.015852524157002790e+03 3.000000000000000000e+00
1.106848488549412035e-01 2.196795139082966671e+03 2.999999999999999556e+00
1.127467958244946084e-01 2.392500214350484384e+03 3.000000000000000444e+00
1.148471547840289042e-01 2.604019452685795386e+03 3.000000000000000000e+00
1.169866413101306873e-01 2.832475156334903659e+03 3.000000000000000000e+00
1.191659843098558796e-01 3.079073021528818117e+03 2.999999999999999556e+00
1.213859262690627772e-01 3.345110978236378287e+03 3.000000000000000444e+00
1.236472235053715091e-01 3.631941521375575121e+03 3.000000000000000000e+00
1.259506464258357550e-01 3.940975464463511344e+03 2.999999999999999112e+00
1.282969797894147612e-01 4.273721160737055470e+03 3.000000000000000444e+00
1.306870229743346268e-01 4.631799284143197838e+03 2.999999999999998668e+00
1.331215902504307713e-01 5.016920051505271658e+03 3.000000000000000000e+00
1.356015110565633452e-01 5.430847587947381726e+03 2.999999999999999556e+00
1.381276302832009362e-01 5.875458103694818419e+03 2.999999999999999556e+00
1.407008085602685088e-01 6.352763228437355792e+03 2.999999999999999112e+00
1.433219225503573890e-01 6.864880828792491229e+03 2.999999999999999112e+00
1.459918652473978506e-01 7.413986124244735947e+03 2.999999999999999556e+00
1.487115462808953625e-01 8.002386868080665408e+03 3.000000000000000444e+00
1.514818922258345801e-01 8.632550331602824372e+03 3.000000000000000000e+00
1.543038469183564687e-01 9.307058549209836201e+03 3.000000000000000000e+00
1.571783717773162781e-01 1.002860913426204570e+04 3.000000000000000444e+00
1.601064461318317811e-01 1.080008963340996888e+04 3.000000000000000000e+00
1.630890675549332702e-01 1.162454886050423920e+04 3.000000000000000000e+00
1.661272522034293042e-01 1.250501940481933161e+04 3.000000000000000000e+00
1.692220351641037235e-01 1.344464786372656636e+04 3.000000000000000444e+00
1.723744708063619790e-01 1.444676079823855434e+04 3.000000000000000444e+00
1.755856331414468730e-01 1.551489467281144061e+04 3.000000000000000444e+00
1.788566161883461958e-01 1.665283378178526982e+04 3.000000000000000444e+00
1.821885343465165230e-01 1.786463621771221733e+04 3.000000000000000888e+00
1.855825227755517060e-01 1.915441636540492982e+04 3.000000000000000000e+00
1.890397377819219571e-01 2.052637497844571408e+04 3.000000000000000444e+00
1.925613572129196704e-01 2.198497994062729776e+04 2.999999999999999556e+00
1.961485808579429280e-01 2.353502080093993209e+04 3.000000000000000000e+00
1.998026308572548593e-01 2.518167327912333349e+04 3.000000000000000444e+00
2.035247521183575770e-01 2.693040226485841049e+04 3.000000000000000000e+00
2.073162127401229071e-01 2.878625356729662235e+04 2.999999999999999556e+00
2.111783044448242164e-01 3.075421611181402841e+04 2.999999999999999556e+00
2.151123430182164953e-01 3.283944254025498958e+04 2.999999999999999556e+00
2.191196687578147451e-01 3.504727598253913311e+04 2.999999999999999112e+00
2.232016469295232397e-01 3.738328626369994163e+04 2.999999999999999112e+00
2.273596682327715113e-01 3.985331763198738918e+04 2.999999999999999556e+00
2.315951492743152096e-01 4.246355038312642137e+04 2.999999999999999556e+00
2.359095330508633737e-01 4.522057912268722430e+04 3.000000000000000888e+00
2.403042894406967056e-01 4.813151083608962654e+04 2.999999999999999556e+00
2.447809157044440187e-01 5.120408644071533490e+04 3.000000000000000444e+00
2.493409369951877785e-01 5.444683009937160386e+04 3.000000000000000000e+00
2.539859068780723761e-01 5.786889265917170997e+04 2.999999999999999556e+00
2.587174078595921300e-01 6.147820194384559727e+04 3.000000000000000888e+00
2.635370519267393186e-01 6.528219429940789269e+04 3.000000000000000444e+00
2.684464810961962322e-01 6.928851800133143843e+04 2.999999999999999556e+00
2.734473679737579599e-01 7.350508673777872173e+04 3.000000000000000888e+00
2.785414163241766161e-01 7.794014867914406932e+04 3.000000000000000444e+00
2.837303616516211324e-01 8.260237589515266882e+04 3.000000000000000444e+00
2.890159717909508430e-01 8.750097791374940425e+04 3.000000000000000444e+00
2.944000475100033709e-01 9.264584376191570482e+04 3.000000000000000888e+00
2.998844231231027613e-01 9.804771746673002781e+04 3.000000000000000444e+00
3.054709671159968054e-01 1.037178356471787993e+05 3.000000000000000444e+00
3.111615827824359970e-01 1.096658919407651556e+05 3.000000000000000000e+00
3.169582088726115021e-01 1.159012807304195594e+05 2.999999999999999556e+00
3.228628202536730218e-01 1.224337401061176206e+05 3.000000000000000000e+00
3.288774285825510346e-01 1.292734687332543544e+05 3.000000000000000444e+00
3.350040829913132900e-01 1.364312741372293967e+05 3.000000000000000000e+00
3.412448707852889229e-01 1.439187577609620930e+05 2.999999999999999556e+00
3.476019181541977754e-01 1.517485428808593424e+05 2.999999999999999556e+00
3.540773908965269556e-01 1.599343410971742414e+05 2.999999999999999556e+00
3.606734951574028236e-01 1.684883521936752077e+05 3.000000000000000888e+00
3.673924781802074269e-01 1.774213253300741198e+05 3.000000000000000444e+00
3.742366290721980682e-01 1.867443659705604077e+05 3.000000000000000444e+00
3.812082795843887983e-01 1.964691416029033426e+05 3.000000000000000888e+00
3.883098049059605095e-01 2.066080886170478771e+05 3.000000000000000444e+00
3.955436244734701345e-01 2.171746678055348166e+05 3.000000000000000000e+00
4.029122027951347884e-01 2.281836170556114521e+05 3.000000000000000444e+00
4.104180502904709038e-01 2.396487862771665968e+05 2.999999999999999112e+00
4.180637241455757991e-01 2.515816586405425624e+05 2.999999999999999556e+00
4.258518291843414461e-01 2.639939770478115533e+05 3.000000000000000000e+00
4.337850187558989212e-01 2.768981689432038693e+05 3.000000000000000000e+00
4.418659956385941334e-01 2.903076234060184215e+05 2.999999999999999556e+00
4.500975129608046355e-01 3.042370297168385587e+05 3.000000000000000444e+00
4.584823751389096036e-01 3.187017126871218788e+05 2.999999999999999556e+00
4.670234388327330621e-01 3.337144027893826133e+05 2.999999999999999556e+00
4.757236139187884794e-01 3.492877008763282211e+05 2.999999999999999112e+00
4.845858644816490868e-01 3.654352612595553510e+05 3.000000000000000000e+00
4.936132098237911991e-01 3.821721815424079541e+05 2.999999999999999556e+00
5.028087254942474882e-01 3.995154200497572892e+05 3.000000000000000000e+00
5.121755443364236493e-01 4.174802376457587234e+05 2.999999999999999556e+00
5.217168575554343990e-01 4.360762890180086251e+05 3.000000000000000888e+00
5.314359158053235666e-01 4.553126956122259726e+05 3.000000000000000000e+00
5.413360302965375404e-01 4.751988721425502445e+05 3.000000000000000000e+00
5.514205739240296555e-01 4.957448375817413907e+05 3.000000000000000444e+00
5.616929824163804374e-01 5.169615971774628852e+05 2.999999999999999556e+00
5.721567555063246102e-01 5.388616049930310110e+05 3.000000000000000444e+00
5.828154581230839959e-01 5.614593175015925663e+05 3.000000000000000444e+00
5.936727216069119795e-01 5.847718499883337645e+05 2.999999999999999112e+00
6.047322449462643190e-01 6.088194968913964694e+05 3.000000000000000000e+00
6.159977960380161877e-01 6.336177588847675361e+05 2.999999999999999112e+00
6.274732129711574347e-01 6.591731462336058030e+05 2.999999999999999556e+00
6.391624053343999412e-01 6.854917123925668420e+05 2.999999999999999112e+00
6.510693555481454897e-01 7.125799982159518404e+05 3.000000000000000000e+00
6.631981202212668958e-01 7.404454779143242631e+05 3.000000000000000444e+00
6.755528315331639222e-01 7.690970956147896359e+05 3.000000000000000000e+00
6.881376986415662644e-01 7.985459035490775714e+05 2.999999999999999556e+00
7.009570091165617800e-01 8.288058128235319164e+05 3.000000000000000444e+00
7.140151304013395706e-01 8.598904768431041157e+05 3.000000000000000444e+00
7.273165113001454074e-01 8.918035786119494587e+05 3.000000000000000888e+00
7.408656834939559843e-01 9.245469892633510754e+05 3.000000000000000888e+00
7.546672630843886953e-01 9.581235384594729403e+05 3.000000000000000888e+00
7.687259521663728501e-01 9.925376312414540444e+05 3.000000000000000000e+00
7.830465404301183430e-01 1.027795976198131568e+06 3.000000000000000444e+00
7.976339067929273385e-01 1.063908437411091523e+06 3.000000000000000444e+00
8.124930210614047521e-01 1.100886743898048531e+06 3.000000000000000000e+00
8.276289456246344045e-01 1.138731521805589087e+06 3.000000000000000000e+00
8.430468371788967241e-01 1.177438594071563333e+06 3.000000000000000000e+00
8.587519484845170803e-01 1.217004823511439376e+06 2.999999999999999556e+00
8.747496301554414933e-01 1.257428834970684722e+06 3.000000000000000000e+00
8.910453324821513421e-01 1.298711842942634132e+06 2.999999999999999112e+00
9.076446072885356875e-01 1.340858338519976707e+06 2.999999999999999112e+00
9.245531098233570333e-01 1.383869208126568934e+06 2.999999999999999556e+00
9.417766006869519035e-01 1.427739498959611868e+06 2.999999999999999556e+00
9.593209477938241525e-01 1.472466383981858846e+06 3.000000000000000444e+00
9.771921283717996953e-01 1.518050569202798884e+06 3.000000000000000000e+00
9.953962309984233370e-01 1.564497421729169553e+06 3.000000000000000444e+00
1.013939457675291811e+00 1.611815391159529565e+06 3.000000000000000888e+00
1.032828125941028574e+00 1.659993234847101150e+06 3.000000000000001332e+00
1.052068671023622892e+00 1.709007412267067702e+06 3.000000000000000000e+00
1.071667648032863296e+00 1.758833943608218571e+06 3.000000000000000000e+00
1.091631734193614811e+00 1.809449137757721124e+06 3.000000000000000888e+00
1.111967731120699021e+00 1.860830329865268199e+06 3.000000000000000000e+00
1.132682567136153784e+00 1.912956738652373664e+06 3.000000000000000888e+00
1.153783299629660863e+00 1.965810453917815583e+06 3.000000000000000444e+00
1.175277117462945276e+00 2.019377565399790648e+06 3.000000000000000444e+00
1.197171343418965694e+00 2.073649445055361371e+06 3.000000000000000444e+00
1.219473436696737023e+00 2.128624195984286256e+06 3.000000000000000000e+00
1.242190995452616242e+00 2.184308282749628183e+06 3.000000000000000444e+00
1.265331759388941713e+00 2.240715169327441137e+06 3.000000000000000444e+00
1.288903612390891462e+00 2.297829862312233075e+06 3.000000000000000888e+00
1.312914585212463958e+00 2.355614787698090076e+06 3.000000000000000000e+00
1.337372858212495075e+00 2.414032351501505822e+06 3.000000000000000888e+00
1.362286764141645401e+00 2.473046151415035129e+06 3.000000000000000444e+00
1.387664790981307128e+00 2.532621895415224601e+06 2.999999999999999556e+00
1.413515584835394190e+00 2.592728447286476381e+06 3.000000000000000000e+00
1.439847952876006643e+00 2.653339008546131663e+06 2.999999999999999556e+00
1.466670866343967150e+00 2.714432446893807035e+06 3.000000000000000444e+00
1.493993463605256311e+00 2.775994782160087023e+06 3.000000000000000444e+00
1.521825053264385552e+00 2.838016520689934958e+06 3.000000000000000444e+00
1.550175117335768737e+00 2.900462439185801428e+06 3.000000000000000444e+00
1.579053314474174297e+00 2.963284292515903711e+06 3.000000000000000444e+00
1.608469483265355215e+00 3.026436046123230364e+06 3.000000000000000444e+00
1.638433645577983100e+00 3.089875039874721318e+06 3.000000000000000000e+00
1.668956009978023181e+00 3.153563193355077412e+06 3.000000000000000444e+00
1.700046975206716438e+00 3.217468349028784316e+06 3.000000000000000444e+00
1.731717133723352786e+00 3.281565762182204518e+06 3.000000000000000000e+00
1.763977275314043469e+00 3.345839067941274494e+06 3.000000000000000000e+00
1.796838390767719229e+00 3.410259431830825750e+06 3.000000000000000000e+00
1.830311675620611256e+00 3.474777189025744796e+06 2.999999999999999556e+00
1.864408533970485227e+00 3.539345341391802765e+06 3.000000000000000444e+00
1.899140582361933616e+00 3.603922301241984125e+06 3.000000000000000444e+00
1.934519653744044332e+00 3.668473274674758781e+06 3.000000000000000888e+00
1.970557801501798378e+00 3.732971783564957790e+06 3.000000000000000888e+00
2.007267303562568106e+00 3.797401243985735346e+06 3.000000000000000444e+00
2.044660666579115826e+00 3.861735854413971305e+06 3.000000000000000888e+00
2.082750630190514318e+00 3.925910302778580692e+06 3.000000000000000444e+00
2.121550171362450055e+00 3.989855039532088209e+06 3.000000000000000444e+00
2.161072508808376647e+00 4.053503147657580674e+06 3.000000000000000444e+00
2.201331107493030181e+00 4.116791389745316468e+06 3.000000000000000888e+00
2.242339683219845003e+00 4.179661360754281282e+06 3.000000000000000444e+00
2.284112207303823361e+00 4.242060750908137299e+06 3.000000000000000444e+00
2.326662911331458083e+00 4.303944723296105862e+06 3.000000000000000000e+00
2.370006292009327886e+00 4.365277411020901054e+06 3.000000000000000444e+00
2.414157116103017753e+00 4.426033539211374708e+06 3.000000000000000000e+00
2.459130425468043946e+00 4.486200177966732532e+06 3.000000000000000000e+00
2.504941542174502267e+00 4.545778613306401297e+06 2.999999999999999556e+00
2.551606073727183954e+00 4.604763302199766040e+06 3.000000000000000000e+00
2.599139918382932901e+00 4.663093330529958010e+06 2.999999999999999112e+00
2.647559270567066747e+00 4.720699770455494523e+06 3.000000000000000444e+00
2.696880626390692370e+00 4.777517867793835700e+06 3.000000000000000888e+00
2.747120789270811603e+00 4.833488095341794193e+06 3.000000000000000000e+00
2.798296875655115645e+00 4.888557293366584927e+06 3.000000000000000000e+00
2.850426320853434614e+00 4.942679899761620909e+06 3.000000000000000000e+00
2.903526884977813971e+00 4.995819272468927316e+06 3.000000000000000888e+00
2.957616658993253544e+00 5.047949107029207982e+06 3.000000000000000888e+00
3.012714070881164385e+00 5.099054812147038989e+06 3.000000000000000444e+00
3.068837891917642224e+00 5.149113322278183885e+06 3.000000000000000444e+00
3.126007243068700259e+00 5.198066593873011880e+06 3.000000000000000444e+00
3.184241601504649744e+00 5.245856935324551538e+06 3.000000000000000444e+00
3.243560807235807975e+00 5.292433198289883323e+06 3.000000000000000888e+00
3.303985069871854918e+00 5.337751890729674138e+06 3.000000000000000000e+00
3.365534975507090909e+00 5.381778363026181236e+06 3.000000000000000444e+00
3.428231493733967294e+00 5.424488068497472443e+06 3.000000000000000444e+00
3.492095984787267682e+00 5.465867899924933910e+06 3.000000000000000000e+00
3.557150206821382277e+00 5.505910640176756307e+06 2.999999999999999556e+00
3.623416323323146226e+00 5.544580651596835814e+06 2.999999999999999556e+00
3.690916910662774608e+00 5.581835740836544894e+06 2.999999999999999556e+00
3.759674965785463563e+00 5.617641670520937070e+06 3.000000000000000000e+00
3.829713914046277257e+00 5.651973251428339630e+06 3.000000000000000444e+00
3.901057617190989202e+00 5.684815475230460055e+06 3.000000000000000444e+00
3.973730381485604202e+00 5.716164706945918500e+06 3.000000000000000444e+00
4.047756965997318268e+00 5.746026454818714410e+06 3.000000000000000000e+00
4.123162591029748469e+00 5.774374057296814397e+06 3.000000000000000000e+00
4.199972946715301525e+00 5.801157247390061617e+06 2.999999999999999556e+00
4.278214201767612579e+00 5.826330655346177518e+06 3.000000000000000000e+00
4.357913012397025554e+00 5.849855162982060574e+06 3.000000000000000444e+00
4.439096531392166867e+00 5.871698720636106096e+06 2.999999999999999556e+00
4.521792417370697592e+00 5.891837202902107500e+06 2.999999999999999556e+00
4.606028844202397998e+00 5.910255302504373714e+06 3.000000000000000444e+00
4.691834510607794329e+00 5.926947461755505763e+06 2.999999999999999556e+00
4.779238649935595440e+00 5.941918841230469756e+06 2.999999999999999112e+00
4.868271040122278848e+00 5.955186325622012839e+06 3.000000000000000000e+00
4.958962013837211913e+00 5.966779567245145328e+06 2.999999999999999556e+00
5.051342468816761411e+00 5.976739455902765505e+06 3.000000000000000000e+00
5.145443878390924652e+00 5.985072832344589755e+06 3.000000000000000000e+00
5.241298302206056192e+00 5.991753008872438222e+06 3.000000000000000444e+00
5.338938397147350301e+00 5.996757647966048680e+06 3.000000000000000888e+00
5.438397428464796235e+00 6.000070690398886800e+06 3.000000000000000000e+00
5.539709281106400596e+00 6.001682972959291190e+06 3.000000000000000000e+00
5.642908471262536807e+00 6.001592866727991961e+06 3.000000000000000000e+00
5.748030158125351008e+00 5.999806935068359599e+06 2.999999999999999556e+00
5.855110155867238042e+00 5.996340610607555136e+06 2.999999999999999556e+00
5.964184945842459840e+00 5.991218890696961433e+06 3.000000000000000000e+00
6.075291689016070862e+00 5.984474170239849016e+06 3.000000000000000000e+00
6.188468238624382778e+00 5.976116255491668358e+06 3.000000000000000000e+00
6.303753153071275150e+00 5.966141328578479588e+06 2.999999999999999556e+00
6.421185709064758385e+00 5.954551440684352070e+06 3.000000000000000000e+00
6.540805914998252923e+00 5.941355307855084538e+06 3.000000000000000444e+00
6.662654524581149929e+00 5.926568806896856986e+06 3.000000000000000444e+00
6.786773050723295064e+00 5.910215481046730652e+06 3.000000000000000444e+00
6.913203779678127603e+00 5.892327054819122888e+06 3.000000000000000000e+00
7.041989785449288775e+00 5.872943691635387950e+06 3.000000000000000000e+00
7.173174944465612768e+00 5.852097260250638239e+06 3.000000000000000000e+00
7.306803950529499936e+00 5.829799182830742560e+06 3.000000000000000000e+00
7.442922330043757917e+00 5.806064058863480575e+06 2.999999999999999556e+00
7.581576457522110069e+00 5.780912380857872777e+06 3.000000000000000444e+00
7.722813571388642551e+00 5.754370896936372854e+06 3.000000000000000000e+00
7.866681790071582192e+00 5.726472977224340662e+06 2.999999999999999112e+00
8.013230128396878982e+00 5.697258978906911798e+06 3.000000000000000000e+00
8.162508514287219796e+00 5.666767938953028060e+06 3.000000000000000000e+00
8.314567805772055564e+00 5.635018647229270078e+06 2.999999999999999556e+00
8.469459808314576676e+00 5.602029469468398951e+06 3.000000000000000444e+00
8.627237292461440887e+00 5.567823449901623651e+06 2.999999999999999556e+00
8.787954011821311084e+00 5.532428558473629877e+06 3.000000000000000000e+00
8.951664721378293166e+00 5.495877938406458125e+06 3.000000000000000888e+00
9.118425196146562328e+00 5.458210153697825037e+06 3.000000000000000444e+00
9.288292250172489162e+00 5.419469436273526400e+06 3.000000000000000888e+00
9.461323755890759912e+00 5.379705932689899579e+06 3.000000000000000444e+00
9.637578663841079418e+00 5.338975950505447574e+06 3.000000000000000444e+00
9.817117022752183786e+00 5.297342204717591405e+06 3.000000000000000444e+00
1.000000000000000000e+01 5.254874065000003204e+06 3.000000000000000000e+00
