# Source: PRIMAT compilation, https://doi.org/10.1016/j.physrep.2018.04.005
1.000000000000000021e-03 6.740000000000013633e-27 3.000000000000000000e+00
1.018628990244687619e-03 1.004215287808269129e-26 3.000000000000000000e+00
1.037605019766911670e-03 1.499828604839846977e-26 3.000000000000000000e+00
1.056934553557988335e-03 2.245229733781565246e-26 2.999999999999999556e+00
1.076624177045493267e-03 3.368516328716165518e-26 2.999999999999999556e+00
1.096680598336868600e-03 5.064393976722598531e-26 3.000000000000000000e+00
1.117110650504824203e-03 7.629170884375324962e-26 2.999999999999999556e+00
1.137921293915315117e-03 1.151426271654398609e-25 2.999999999999999556e+00
1.159119618598885779e-03 1.740802757779579230e-25 3.000000000000000000e+00
1.180712846666190276e-03 2.636095512423303730e-25 3.000000000000000444e+00
1.202708334768511989e-03 3.997718015372641826e-25 3.000000000000000000e+00
1.225113576604118949e-03 6.070740938378440262e-25 2.999999999999999556e+00
1.247936205471311460e-03 9.229680291049143477e-25 2.999999999999999112e+00
1.271183996869028896e-03 1.404694007605697004e-24 3.000000000000000888e+00
1.294864871145904933e-03 2.139732346340233381e-24 3.000000000000000000e+00
1.318986896198670470e-03 3.261746652939357499e-24 3.000000000000000888e+00
1.343558290220826226e-03 4.974877100651433924e-24 3.000000000000000000e+00
1.368587424502519176e-03 7.590704872808815835e-24 2.999999999999999556e+00
1.394082826282578647e-03 1.158440553653560280e-23 3.000000000000000000e+00
1.420053181653683095e-03 1.767989416304307240e-23 3.000000000000000888e+00
1.446507338521647217e-03 2.697865981658192797e-23 2.999999999999999556e+00
1.473454309619835756e-03 4.115425090972062714e-23 3.000000000000000444e+00
1.500903275579736594e-03 6.274510541014089174e-23 3.000000000000000000e+00
1.528863588058731147e-03 9.559420277767802337e-23 3.000000000000000000e+00
1.557344772926135207e-03 1.455071074840952411e-22 3.000000000000000444e+00
1.586356533508589657e-03 2.212335810691874106e-22 3.000000000000000444e+00
1.615908753895919101e-03 3.359265681233409507e-22 3.000000000000000000e+00
1.646011502308549748e-03 5.093022987720557801e-22 3.000000000000000000e+00
1.676675034527699143e-03 7.708251897490594331e-22 3.000000000000000000e+00
1.707909797389426916e-03 1.164383077813699478e-21 3.000000000000000888e+00
1.739726432343800767e-03 1.755118242850154787e-21 3.000000000000000444e+00
1.772135779080358372e-03 2.639359383567231764e-21 3.000000000000000000e+00
1.805148879221108154e-03 3.958988070966833965e-21 2.999999999999999556e+00
1.838776980082326793e-03 5.922108243645364420e-21 2.999999999999999556e+00
1.873031538506436536e-03 8.832618600866896022e-21 3.000000000000000888e+00
1.907924224765265072e-03 1.313227935577125991e-20 2.999999999999999556e+00
1.943466926536020246e-03 1.946019886188933677e-20 2.999999999999999556e+00
1.979671752951332481e-03 2.873644678665493408e-20 3.000000000000000000e+00
2.016551038724746607e-03 4.227886172706778896e-20 2.999999999999999556e+00
2.054117348353064112e-03 6.196523140444702589e-20 3.000000000000000444e+00
2.092383480396977150e-03 9.045709865960575668e-20 3.000000000000000000e+00
2.131362471841437810e-03 1.315067649735737719e-19 3.000000000000000000e+00
2.171067602537264923e-03 1.903759904622959609e-19 3.000000000000000000e+00
2.211512399725488933e-03 2.744039140386160497e-19 2.999999999999999556e+00
2.252710642645980484e-03 3.937735088286111718e-19 3.000000000000000000e+00
2.294676367231936100e-03 5.625413831814138786e-19 3.000000000000000000e+00
2.337423870891814758e-03 8.000162770032377821e-19 3.000000000000000000e+00
2.380967717380358135e-03 1.132599136618981173e-18 2.999999999999999556e+00
2.425322741760352948e-03 1.596235053416001237e-18 3.000000000000000444e+00
2.470504055456825433e-03 2.239678900399504439e-18 2.999999999999999556e+00
2.516527051405391836e-03 3.128848608819419184e-18 3.000000000000000444e+00
2.563407409296514835e-03 4.352642359356715080e-18 3.000000000000000444e+00
2.611161100917459583e-03 6.030743164874743750e-18 3.000000000000000000e+00
2.659804395593758260e-03 8.324148719636046526e-18 3.000000000000000444e+00
2.709353865732051433e-03 1.144948025699741947e-17 2.999999999999999556e+00
2.759826392466180594e-03 1.569859456698715085e-17 3.000000000000000888e+00
2.811239171408464344e-03 2.146573130349593233e-17 3.000000000000000000e+00
2.863609718508115885e-03 2.928550467025371895e-17 3.000000000000000444e+00
2.916955876018795853e-03 3.988670522494962942e-17 2.999999999999999556e+00
2.971295818577334054e-03 5.426945651028767340e-17 3.000000000000000444e+00
3.026648059395692196e-03 7.381598860322416216e-17 3.000000000000000444e+00
3.083031456568277075e-03 1.004070488054047976e-16 3.000000000000000000e+00
3.140465219496752208e-03 1.365669374902374792e-16 2.999999999999999556e+00
3.198968915434537586e-03 1.857084801624478748e-16 3.000000000000000000e+00
3.258562476153226226e-03 2.524400378148220703e-16 3.000000000000000444e+00
3.319266204733189573e-03 3.429722761752663886e-16 3.000000000000000888e+00
3.381100782480685445e-03 4.656573770097462546e-16 3.000000000000000444e+00
3.444087275973823411e-03 6.317010754878168847e-16 3.000000000000000000e+00
3.508247144239792347e-03 8.560990340294129785e-16 3.000000000000000000e+00
3.573602246065788347e-03 1.158862765436830894e-15 3.000000000000000000e+00
3.640174847446141400e-03 1.566616998636306361e-15 2.999999999999999556e+00
3.707987629168172684e-03 2.114670426299098138e-15 2.999999999999999556e+00
3.777063694539364597e-03 2.849685518600449114e-15 2.999999999999999556e+00
3.847426577258505898e-03 3.833100758657696930e-15 2.999999999999999556e+00
3.919100249433401899e-03 5.145490306217347136e-15 3.000000000000000444e+00
3.992109129748053209e-03 6.892081525409958673e-15 3.000000000000000444e+00
4.066478091781853925e-03 9.209837393671799093e-15 3.000000000000000000e+00
4.142232472483897525e-03 1.227729947321506201e-14 2.999999999999999556e+00
4.219398080805024202e-03 1.632654505605265867e-14 3.000000000000000000e+00
4.298001206490798497e-03 2.165836424046657690e-14 3.000000000000000444e+00
4.378068629038166758e-03 2.866192420746261958e-14 2.999999999999999556e+00
4.459627626819095622e-03 3.784005809704101287e-14 3.000000000000000000e+00
4.542705986374042521e-03 4.984189263710379396e-14 3.000000000000000444e+00
4.627332011878692967e-03 6.550512499713060722e-14 3.000000000000000000e+00
4.713534534786906725e-03 8.591109497718444673e-14 3.000000000000000000e+00
4.801342923653449841e-03 1.124569805097386509e-13 2.999999999999999112e+00
4.890787094139589959e-03 1.469511304867381654e-13 3.000000000000000000e+00
4.981897519205159656e-03 1.917399748797614518e-13 2.999999999999999556e+00
5.074705239490466188e-03 2.498694961933454553e-13 3.000000000000000000e+00
5.169241873891598608e-03 3.252253390686339844e-13 2.999999999999999556e+00
5.265539630332755246e-03 4.227563170424501663e-13 3.000000000000000000e+00
5.363631316739239652e-03 5.487781428914748251e-13 3.000000000000000444e+00
5.463550352214875498e-03 7.113344037969288247e-13 3.000000000000000000e+00
5.565330778427646403e-03 9.206485647798504234e-13 3.000000000000000000e+00
5.669007271207434327e-03 1.189689552599574912e-12 2.999999999999999556e+00
5.774615152359819509e-03 1.534879100965767196e-12 3.000000000000000000e+00
5.882190401699956099e-03 1.976976427249740505e-12 2.999999999999999556e+00
5.991769669310619169e-03 2.542185441019829087e-12 3.000000000000000000e+00
6.103390288028621123e-03 3.263527304743921188e-12 3.000000000000000000e+00
6.217090286163826779e-03 4.182479836932144623e-12 2.999999999999999556e+00
6.332908400455114321e-03 5.351091120483718473e-12 3.000000000000000000e+00
6.450884089267692675e-03 6.834624845062755001e-12 3.000000000000000444e+00
6.571057546036270826e-03 8.714856060063503594e-12 3.000000000000000000e+00
6.693469712958660493e-03 1.109421344437286297e-11 3.000000000000000444e+00
6.818162294944479437e-03 1.410100924516990286e-11 3.000000000000000888e+00
6.945177773823696388e-03 1.789607821497864347e-11 3.000000000000000888e+00
7.074559422819878297e-03 2.268111870051511284e-11 3.000000000000000888e+00
7.206351321293052656e-03 2.870656724652713809e-11 3.000000000000000000e+00
7.340598369757212090e-03 3.628179342832949264e-11 3.000000000000000000e+00
7.477346305177588227e-03 4.578997923606633353e-11 3.000000000000000888e+00
7.616641716552892058e-03 5.770513749848699740e-11 2.999999999999999112e+00
7.758532060787835978e-03 7.261295619197478643e-11 3.000000000000000000e+00
7.903065678861348128e-03 9.123645221940737647e-11 3.000000000000000444e+00
8.050291812295981564e-03 1.144676037977942838e-10 3.000000000000000000e+00
8.200260619934130954e-03 1.434038199837394632e-10 2.999999999999999556e+00
8.353023195026778799e-03 1.793909399872008148e-10 3.000000000000000000e+00
8.508631582640582489e-03 2.240808247327844936e-10 3.000000000000000000e+00
8.667138797389234081e-03 2.795005962296445951e-10 3.000000000000000888e+00
8.828598841495149604e-03 3.481380716488482052e-10 3.000000000000000000e+00
8.993066723187623582e-03 4.330480865000024658e-10 3.000000000000000000e+00
9.160598475443709407e-03 5.379738536847994346e-10 2.999999999999999556e+00
9.331251175078249249e-03 6.674454552249718522e-10 2.999999999999999112e+00
9.505082962189511861e-03 8.269531359860205174e-10 3.000000000000000000e+00
9.682153059967075343e-03 1.023154668954070490e-09 2.999999999999999556e+00
9.862521794868784469e-03 1.264113398697692571e-09 2.999999999999999112e+00
1.004625061717340749e-02 1.559585001987527704e-09 2.999999999999999112e+00
1.023340212191641702e-02 1.921366692471631690e-09 3.000000000000000000e+00
1.042404007021556327e-02 2.363724499010226666e-09 2.999999999999998668e+00
1.061822941099384125e-02 2.903909422740918025e-09 2.999999999999999112e+00
1.081603630310709954e-02 3.562794121537527762e-09 2.999999999999998668e+00
1.101752813788386791e-02 4.365661683377507518e-09 3.000000000000000444e+00
1.122277356208507652e-02 5.343001916659044521e-09 3.000000000000000444e+00
1.143184250129149725e-02 6.531013206529722353e-09 2.999999999999999556e+00
1.164480618372686072e-02 7.972857254708498641e-09 2.999999999999999556e+00
1.186173716452478509e-02 9.720015707679881033e-09 3.000000000000000444e+00
1.208270935044776506e-02 1.183381490988687049e-08 2.999999999999999556e+00
1.230779802506665188e-02 1.438777866123761352e-08 3.000000000000000000e+00
1.253707987440920262e-02 1.747073448611168497e-08 2.999999999999999112e+00
1.277063301308643990e-02 2.118976224683269662e-08 2.999999999999999556e+00
1.300853701090571267e-02 2.567430307818185186e-08 2.999999999999999556e+00
1.325087291997953214e-02 3.107993949478538388e-08 2.999999999999998668e+00
1.349772330233941706e-02 3.758850018948033002e-08 2.999999999999999112e+00
1.374917225806419029e-02 4.541430865128260525e-08 2.999999999999999112e+00
1.400530545393219653e-02 5.481056638051895128e-08 2.999999999999999112e+00
1.426621015260736910e-02 6.607430184060486046e-08 2.999999999999999556e+00
1.453197524236895383e-02 7.954687608792418156e-08 3.000000000000000000e+00
1.480269126739508674e-02 9.562006576455739167e-08 3.000000000000000000e+00
1.507845045861051086e-02 1.147413400917440815e-07 3.000000000000000000e+00
1.535934676510897039e-02 1.374415762469808757e-07 3.000000000000000000e+00
1.564547588616095955e-02 1.643883848130508516e-07 3.000000000000000888e+00
1.593693530381774456e-02 1.964001838824435175e-07 3.000000000000000444e+00
1.623382431612278159e-02 2.344749484689654659e-07 2.999999999999999556e+00
1.653624407094180307e-02 2.797419084602549147e-07 2.999999999999999556e+00
1.684429760042315330e-02 3.334837733491243962e-07 2.999999999999999112e+00
1.715808985610004986e-02 3.971875065298246978e-07 3.000000000000000000e+00
1.747772774464680795e-02 4.725700909162854194e-07 2.999999999999999556e+00
1.780332016430113962e-02 5.616053449490391754e-07 2.999999999999999556e+00
1.813497804196495186e-02 6.665528093465863160e-07 3.000000000000000000e+00
1.847281437099634188e-02 7.900486574138896886e-07 3.000000000000000000e+00
1.881694424970555696e-02 9.352236369620223686e-07 2.999999999999999556e+00
1.916748492056815148e-02 1.105750718035367248e-06 3.000000000000000000e+00
1.952455581016860828e-02 1.305949128763657143e-06 3.000000000000000444e+00
1.988827856988809734e-02 1.540919695579156781e-06 3.000000000000000000e+00
2.025877711735016989e-02 1.816691739035517897e-06 3.000000000000000888e+00
2.063617767863858837e-02 2.140133092600582180e-06 3.000000000000000000e+00
2.102060883130158278e-02 2.519045414804771226e-06 3.000000000000000000e+00
2.141220154815729262e-02 2.962411230221853682e-06 3.000000000000000444e+00
2.181108924191518805e-02 3.480559872099566915e-06 3.000000000000000444e+00
2.221740781062883641e-02 4.085353744713863076e-06 3.000000000000000000e+00
2.263129568399528321e-02 4.790400212560211752e-06 2.999999999999999556e+00
2.305289387051707301e-02 5.611293664985320240e-06 3.000000000000000000e+00
2.348234600554275145e-02 6.565893530737115315e-06 3.000000000000000000e+00
2.391979840020238418e-02 7.674645627634202991e-06 3.000000000000000000e+00
2.436540009125464853e-02 8.960956343114700941e-06 2.999999999999999112e+00
2.481930289186254010e-02 1.045163190020290601e-05 2.999999999999999112e+00
2.528166144331499277e-02 1.217737716678778727e-05 3.000000000000000000e+00
2.575263326771199887e-02 1.417304918768280967e-05 3.000000000000000000e+00
2.623237882163122203e-02 1.647814341859350963e-05 3.000000000000000000e+00
2.672106155079433804e-02 1.913762266704258089e-05 2.999999999999999556e+00
2.721884794575178332e-02 2.220271369471544972e-05 2.999999999999999112e+00
2.772590759860482645e-02 2.573184740341087108e-05 2.999999999999999556e+00
2.824241326078434297e-02 2.979178603700287484e-05 2.999999999999999556e+00
2.876854090190592711e-02 3.445898739956607598e-05 2.999999999999999112e+00
2.930446976972142861e-02 3.982127093186866608e-05 2.999999999999999556e+00
2.985038245118730796e-02 4.597986984376831816e-05 3.000000000000000000e+00
3.040646493467067182e-02 5.305143065998141507e-05 2.999999999999999556e+00
3.097290667331408301e-02 6.116527257492339483e-05 2.999999999999999556e+00
3.154990064958086704e-02 7.046487642122208962e-05 2.999999999999999556e+00
3.213764344100276948e-02 8.111166929820132351e-05 2.999999999999999556e+00
3.273633528715245988e-02 9.328710345850280855e-05 3.000000000000000000e+00
3.334618015786364187e-02 1.071949636540887131e-04 3.000000000000000000e+00
3.396738582272208068e-02 1.230639760973147078e-04 3.000000000000000000e+00
3.460016392185108480e-02 1.411507829931269754e-04 3.000000000000000444e+00
3.524473003801584237e-02 1.617433653338067989e-04 3.000000000000000444e+00
3.590130377007068330e-02 1.851650207383963179e-04 3.000000000000000444e+00
3.657010880777489259e-02 2.117790339794316744e-04 2.999999999999999112e+00
3.725137300800209633e-02 2.419942172789410018e-04 3.000000000000000444e+00
3.794532847236938011e-02 2.762715478138598924e-04 2.999999999999999112e+00
3.865221162631261864e-02 3.151321942097177293e-04 2.999999999999999112e+00
3.937226329963479377e-02 3.591673061739518317e-04 3.000000000000000000e+00
4.010572880855495931e-02 4.090500226015316983e-04 3.000000000000000000e+00
4.085285803928561527e-02 4.655357619912158331e-04 3.000000000000000000e+00
4.161390553316707264e-02 5.294406548453738353e-04 2.999999999999999556e+00
4.238913057338778573e-02 6.016667274647033263e-04 3.000000000000000000e+00
4.317879727332021161e-02 6.832159646967669517e-04 3.000000000000000000e+00
4.398317466650223523e-02 7.752011087130548277e-04 3.000000000000000000e+00
4.480253679829489938e-02 8.788580149230601230e-04 3.000000000000000000e+00
4.563716281924758839e-02 9.955599394468003273e-04 2.999999999999999112e+00
4.648733708020256344e-02 1.126834238140292160e-03 3.000000000000000000e+00
4.735334922917116413e-02 1.274382090435171189e-03 3.000000000000001332e+00
4.823549431001467047e-02 1.440102029271225379e-03 3.000000000000000444e+00
4.913407286296361809e-02 1.626118270292155592e-03 3.000000000000000444e+00
5.004939102700953213e-02 1.834815097333759599e-03 3.000000000000000444e+00
5.098176064420424647e-02 2.068844908320500650e-03 3.000000000000000444e+00
5.193149936590212012e-02 2.331058097764875624e-03 3.000000000000000888e+00
5.289893076098151070e-02 2.624575120376103701e-03 3.000000000000001332e+00
5.388438442608223938e-02 2.952834968013934736e-03 3.000000000000000444e+00
5.488819609789671872e-02 3.319630068076929140e-03 3.000000000000000444e+00
5.591070776755290017e-02 3.729147168217723535e-03 3.000000000000000888e+00
5.695226779712821846e-02 4.186015751133127447e-03 3.000000000000000000e+00
5.801323103833375128e-02 4.695365932885161436e-03 3.000000000000001332e+00
5.909395895340967958e-02 5.262898309875907281e-03 3.000000000000000444e+00
6.019481973827271043e-02 5.894968487860012367e-03 2.999999999999999556e+00
6.131618844795772016e-02 6.598564365991350412e-03 3.000000000000000444e+00
6.245844712439614643e-02 7.381136043076799019e-03 3.000000000000000444e+00
6.362198492657485105e-02 8.250807142627186730e-03 3.000000000000000000e+00
6.480719826311967524e-02 9.216482707573950620e-03 2.999999999999999556e+00
6.601449092734885948e-02 1.028793680021535158e-02 2.999999999999999556e+00
6.724427423484245769e-02 1.147591662736288307e-02 3.000000000000000444e+00
6.849696716357443760e-02 1.279226746698523126e-02 3.000000000000000000e+00
6.977299649665534564e-02 1.425008375460158454e-02 3.000000000000000444e+00
7.107279696773415034e-02 1.586381126759514246e-02 3.000000000000000000e+00
7.239681140910873836e-02 1.764886668120661806e-02 2.999999999999999556e+00
7.374549090259549522e-02 1.962186467577935883e-02 3.000000000000000888e+00
7.511929493320965157e-02 2.180094176417533489e-02 3.000000000000000000e+00
7.651869154570821452e-02 2.420593043854194631e-02 3.000000000000000000e+00
7.794415750404946885e-02 2.685856720765450109e-02 3.000000000000000444e+00
7.939617845382279659e-02 2.978274409635128100e-02 3.000000000000000444e+00
8.087524908770453436e-02 3.300476173468047669e-02 3.000000000000001332e+00
8.238187331399605962e-02 3.655278705954382451e-02 3.000000000000000000e+00
8.391656442830157381e-02 4.045687695483497770e-02 3.000000000000001332e+00
8.547984528840409102e-02 4.474971256436024308e-02 3.000000000000000444e+00
8.707224849239916797e-02 4.946691982092320250e-02 3.000000000000000000e+00
8.869431656014709064e-02 5.464743737620829378e-02 3.000000000000000000e+00
9.034660211810524588e-02 6.033396002968720306e-02 3.000000000000000000e+00
9.202966808760409956e-02 6.657271337467692007e-02 2.999999999999999556e+00
9.374408787662991127e-02 7.341257061384781624e-02 3.000000000000000000e+00
9.549044557518077125e-02 8.090634642416601185e-02 2.999999999999999556e+00
9.726933615426168467e-02 8.911144621307895419e-02 2.999999999999999556e+00
9.908136566858666283e-02 9.809044398402999576e-02 3.000000000000000444e+00
1.009271514630570854e-01 1.079117090433500126e-01 2.999999999999999556e+00
1.028073223830864719e-01 1.186482902484097962e-01 3.000000000000000444e+00
1.047225189888434382e-01 1.303776518698959996e-01 3.000000000000000000e+00
1.066733937734857113e-01 1.431836152362487014e-01 3.000000000000000000e+00
1.086606113854596822e-01 1.571572154127974241e-01 3.000000000000000000e+00
1.106848488549412035e-01 1.723976295720549279e-01 2.999999999999999556e+00
1.127467958244946084e-01 1.890111919740350421e-01 3.000000000000000444e+00
1.148471547840289042e-01 2.071101329007725145e-01 3.000000000000000000e+00
1.169866413101306873e-01 2.268155159083617978e-01 3.000000000000000000e+00
1.191659843098558796e-01 2.482585927521312186e-01 2.999999999999999556e+00
1.213859262690627772e-01 2.715818913517514255e-01 3.000000000000000444e+00
1.236472235053715091e-01 2.969365102354908914e-01 3.000000000000000000e+00
1.259506464258357550e-01 3.244827438941403908e-01 2.999999999999999112e+00
1.282969797894147612e-01 3.543937057848949856e-01 3.000000000000000444e+00
1.306870229743346268e-01 3.868570467872091689e-01 2.999999999999998668e+00
1.331215902504307713e-01 4.220735532031579806e-01 3.000000000000000000e+00
1.356015110565633452e-01 4.602545815933473672e-01 2.999999999999999556e+00
1.381276302832009362e-01 5.016274814276042715e-01 2.999999999999999556e+00
1.407008085602685088e-01 5.464382291651774803e-01 2.999999999999999112e+00
1.433219225503573890e-01 5.949495731963719836e-01 2.999999999999999112e+00
1.459918652473978506e-01 6.474373517836485847e-01 2.999999999999999556e+00
1.487115462808953625e-01 7.041976963696717773e-01 3.000000000000000444e+00
1.514818922258345801e-01 7.655502406546906835e-01 3.000000000000000000e+00
1.543038469183564687e-01 8.318349854905081608e-01 3.000000000000000000e+00
1.571783717773162781e-01 9.034131727592749073e-01 3.000000000000000444e+00
1.601064461318317811e-01 9.806749635967558776e-01 3.000000000000000000e+00
1.630890675549332702e-01 1.064037919300748092e+00 3.000000000000000000e+00
1.661272522034293042e-01 1.153931459909925294e+00 3.000000000000000000e+00
1.692220351641037235e-01 1.250809627469955831e+00 3.000000000000000444e+00
1.723744708063619790e-01 1.355158354502800533e+00 3.000000000000000444e+00
1.755856331414468730e-01 1.467499632523206365e+00 3.000000000000000444e+00
1.788566161883461958e-01 1.588396660285659623e+00 3.000000000000000444e+00
1.821885343465165230e-01 1.718458081245398672e+00 3.000000000000000888e+00
1.855825227755517060e-01 1.858318442854416386e+00 3.000000000000000000e+00
1.890397377819219571e-01 2.008642242810455336e+00 3.000000000000000444e+00
1.925613572129196704e-01 2.170143287194063131e+00 2.999999999999999556e+00
1.961485808579429280e-01 2.343592298086800252e+00 3.000000000000000000e+00
1.998026308572548593e-01 2.529825937207457631e+00 3.000000000000000444e+00
2.035247521183575770e-01 2.729739596475253105e+00 3.000000000000000000e+00
2.073162127401229071e-01 2.944215992048193176e+00 2.999999999999999556e+00
2.111783044448242164e-01 3.174162565439021755e+00 2.999999999999999556e+00
2.151123430182164953e-01 3.420535884601483279e+00 2.999999999999999556e+00
2.191196687578147451e-01 3.684346595635859423e+00 2.999999999999999112e+00
2.232016469295232397e-01 3.966665655386836686e+00 2.999999999999999112e+00
2.273596682327715113e-01 4.268632156066566985e+00 2.999999999999999556e+00
2.315951492743152096e-01 4.591463108251392811e+00 2.999999999999999556e+00
2.359095330508633737e-01 4.936465617039213605e+00 3.000000000000000888e+00
2.403042894406967056e-01 5.305051967180530959e+00 2.999999999999999556e+00
2.447809157044440187e-01 5.698758229693702049e+00 3.000000000000000444e+00
2.493409369951877785e-01 6.119267118919233361e+00 3.000000000000000000e+00
2.539859068780723761e-01 6.568396600234707172e+00 2.999999999999999556e+00
2.587174078595921300e-01 7.047888946841816882e+00 3.000000000000000888e+00
2.635370519267393186e-01 7.559493115276938902e+00 3.000000000000000444e+00
2.684464810961962322e-01 8.105048771227886917e+00 2.999999999999999556e+00
2.734473679737579599e-01 8.686496796625753802e+00 3.000000000000000888e+00
2.785414163241766161e-01 9.305892308405454116e+00 3.000000000000000444e+00
2.837303616516211324e-01 9.965420956416469522e+00 3.000000000000000444e+00
2.890159717909508430e-01 1.066741921017589867e+01 3.000000000000000444e+00
2.944000475100033709e-01 1.141439947103812536e+01 3.000000000000000888e+00
2.998844231231027613e-01 1.220908099651770229e+01 3.000000000000000444e+00
3.054709671159968054e-01 1.305435285792604105e+01 3.000000000000000444e+00
3.111615827824359970e-01 1.395301470809963185e+01 3.000000000000000000e+00
3.169582088726115021e-01 1.490793559277206448e+01 2.999999999999999556e+00
3.228628202536730218e-01 1.592214267639861802e+01 3.000000000000000000e+00
3.288774285825510346e-01 1.699884444874603417e+01 3.000000000000000444e+00
3.350040829913132900e-01 1.814145968993049607e+01 3.000000000000000000e+00
3.412448707852889229e-01 1.935365337576712363e+01 2.999999999999999556e+00
3.476019181541977754e-01 2.063938090914068368e+01 2.999999999999999556e+00
3.540773908965269556e-01 2.200291221263696073e+01 2.999999999999999556e+00
3.606734951574028236e-01 2.344847297193840774e+01 3.000000000000000888e+00
3.673924781802074269e-01 2.498024849217998877e+01 3.000000000000000444e+00
3.742366290721980682e-01 2.660264533153537769e+01 3.000000000000000444e+00
3.812082795843887983e-01 2.832033255756043388e+01 3.000000000000000888e+00
3.883098049059605095e-01 3.013828595906699448e+01 3.000000000000000444e+00
3.955436244734701345e-01 3.206184268022629169e+01 3.000000000000000000e+00
4.029122027951347884e-01 3.409675910092703788e+01 3.000000000000000444e+00
4.104180502904709038e-01 3.624889133434099620e+01 2.999999999999999112e+00
4.180637241455757991e-01 3.852396120213161623e+01 2.999999999999999556e+00
4.258518291843414461e-01 4.092796813780110909e+01 3.000000000000000000e+00
4.337850187558989212e-01 4.346727182766694852e+01 3.000000000000000000e+00
4.418659956385941334e-01 4.614865635211645412e+01 2.999999999999999556e+00
4.500975129608046355e-01 4.897940918633320706e+01 3.000000000000000444e+00
4.584823751389096036e-01 5.196723477168514904e+01 2.999999999999999556e+00
4.670234388327330621e-01 5.511971778427535185e+01 2.999999999999999556e+00
4.757236139187884794e-01 5.844474028422104084e+01 2.999999999999999112e+00
4.845858644816490868e-01 6.195070468223668314e+01 3.000000000000000000e+00
4.936132098237911991e-01 6.564663163372524934e+01 2.999999999999999556e+00
5.028087254942474882e-01 6.954227016901411673e+01 3.000000000000000000e+00
5.121755443364236493e-01 7.364747662103997072e+01 2.999999999999999556e+00
5.217168575554343990e-01 7.797147599586541844e+01 3.000000000000000888e+00
5.314359158053235666e-01 8.252377856319253624e+01 3.000000000000000000e+00
5.413360302965375404e-01 8.731435043695876175e+01 3.000000000000000000e+00
5.514205739240296555e-01 9.235369674388101657e+01 3.000000000000000444e+00
5.616929824163804374e-01 9.765296532054411216e+01 2.999999999999999556e+00
5.721567555063246102e-01 1.032240747389117672e+02 3.000000000000000444e+00
5.828154581230839959e-01 1.090798710497169282e+02 3.000000000000000444e+00
5.936727216069119795e-01 1.152343183266625886e+02 2.999999999999999112e+00
6.047322449462643190e-01 1.217026753973267574e+02 3.000000000000000000e+00
6.159977960380161877e-01 1.284998570202559165e+02 2.999999999999999112e+00
6.274732129711574347e-01 1.356394743486731329e+02 2.999999999999999556e+00
6.391624053343999412e-01 1.431356139553807623e+02 2.999999999999999112e+00
6.510693555481454897e-01 1.510030696461788864e+02 3.000000000000000000e+00
6.631981202212668958e-01 1.592574806337399593e+02 3.000000000000000444e+00
6.755528315331639222e-01 1.679155022076635362e+02 3.000000000000000000e+00
6.881376986415662644e-01 1.769950146563461715e+02 2.999999999999999556e+00
7.009570091165617800e-01 1.865153767766186945e+02 3.000000000000000444e+00
7.140151304013395706e-01 1.964967510200750667e+02 3.000000000000000444e+00
7.273165113001454074e-01 2.069577181430493340e+02 3.000000000000000888e+00
7.408656834939559843e-01 2.179171924102780622e+02 3.000000000000000888e+00
7.546672630843886953e-01 2.293951351416823741e+02 3.000000000000000888e+00
7.687259521663728501e-01 2.414127730299027519e+02 3.000000000000000000e+00
7.830465404301183430e-01 2.539928651452813995e+02 3.000000000000000444e+00
7.976339067929273385e-01 2.671600269040561670e+02 3.000000000000000444e+00
8.124930210614047521e-01 2.809404901513943855e+02 3.000000000000000000e+00
8.276289456246344045e-01 2.953585544614135188e+02 3.000000000000000000e+00
8.430468371788967241e-01 3.104381872352451524e+02 3.000000000000000000e+00
8.587519484845170803e-01 3.262046555013766351e+02 2.999999999999999556e+00
8.747496301554414933e-01 3.426848109324296843e+02 3.000000000000000000e+00
8.910453324821513421e-01 3.599074328368590159e+02 2.999999999999999112e+00
9.076446072885356875e-01 3.779035595980899416e+02 2.999999999999999112e+00
9.245531098233570333e-01 3.967044887186307847e+02 2.999999999999999556e+00
9.417766006869519035e-01 4.163410395588967958e+02 2.999999999999999556e+00
9.593209477938241525e-01 4.368460326479500964e+02 3.000000000000000444e+00
9.771921283717996953e-01 4.582548771371700695e+02 3.000000000000000000e+00
9.953962309984233370e-01 4.806061228106635781e+02 3.000000000000000444e+00
1.013939457675291811e+00 5.039411283904589141e+02 3.000000000000000888e+00
1.032828125941028574e+00 5.282962256822247582e+02 3.000000000000001332e+00
1.052068671023622892e+00 5.537048382822312078e+02 3.000000000000000000e+00
1.071667648032863296e+00 5.802014752511487359e+02 3.000000000000000000e+00
1.091631734193614811e+00 6.078220379890533422e+02 3.000000000000000888e+00
1.111967731120699021e+00 6.366041625612492680e+02 3.000000000000000000e+00
1.132682567136153784e+00 6.665876433264279513e+02 3.000000000000000888e+00
1.153783299629660863e+00 6.978149512280831459e+02 3.000000000000000444e+00
1.175277117462945276e+00 7.303318619283824091e+02 3.000000000000000444e+00
1.197171343418965694e+00 7.641882110745917771e+02 3.000000000000000444e+00
1.219473436696737023e+00 7.994387964655674068e+02 3.000000000000000000e+00
1.242190995452616242e+00 8.361444498246975172e+02 3.000000000000000444e+00
1.265331759388941713e+00 8.743719078367538486e+02 3.000000000000000444e+00
1.288903612390891462e+00 9.141784329658994466e+02 3.000000000000000888e+00
1.312914585212463958e+00 9.556134082540660302e+02 3.000000000000000000e+00
1.337372858212495075e+00 9.987279017435321293e+02 3.000000000000000888e+00
1.362286764141645401e+00 1.043575303852214347e+03 3.000000000000000444e+00
1.387664790981307128e+00 1.090211896865567724e+03 2.999999999999999556e+00
1.413515584835394190e+00 1.138697550583884777e+03 3.000000000000000000e+00
1.439847952876006643e+00 1.189096564031301568e+03 2.999999999999999556e+00
1.466670866343967150e+00 1.241478675824027277e+03 3.000000000000000444e+00
1.493993463605256311e+00 1.295920268930386555e+03 3.000000000000000444e+00
1.521825053264385552e+00 1.352503428156636346e+03 3.000000000000000444e+00
1.550175117335768737e+00 1.411299418804130710e+03 3.000000000000000444e+00
1.579053314474174297e+00 1.472374603220617928e+03 3.000000000000000444e+00
1.608469483265355215e+00 1.535798641560444594e+03 3.000000000000000444e+00
1.638433645577983100e+00 1.601645379187074013e+03 3.000000000000000000e+00
1.668956009978023181e+00 1.669993864106530509e+03 3.000000000000000444e+00
1.700046975206716438e+00 1.740929568858113726e+03 3.000000000000000444e+00
1.731717133723352786e+00 1.814545847567346300e+03 3.000000000000000000e+00
1.763977275314043469e+00 1.890945217514808292e+03 3.000000000000000000e+00
1.796838390767719229e+00 1.970226153034825074e+03 3.000000000000000000e+00
1.830311675620611256e+00 2.052476625246718413e+03 2.999999999999999556e+00
1.864408533970485227e+00 2.137789125412898102e+03 3.000000000000000444e+00
1.899140582361933616e+00 2.226262924533721161e+03 3.000000000000000444e+00
1.934519653744044332e+00 2.318005630761709199e+03 3.000000000000000888e+00
1.970557801501798378e+00 2.413135039350817806e+03 3.000000000000000888e+00
2.007267303562568106e+00 2.511781246534832917e+03 3.000000000000000444e+00
2.044660666579115826e+00 2.614072292552367344e+03 3.000000000000000888e+00
2.082750630190514318e+00 2.720108467204115641e+03 3.000000000000000444e+00
2.121550171362450055e+00 2.829988496868068978e+03 3.000000000000000444e+00
2.161072508808376647e+00 2.943815039179190990e+03 3.000000000000000444e+00
2.201331107493030181e+00 3.061695822611491167e+03 3.000000000000000888e+00
2.242339683219845003e+00 3.183745035847381587e+03 3.000000000000000444e+00
2.284112207303823361e+00 3.310085004389422920e+03 3.000000000000000444e+00
2.326662911331458083e+00 3.440848196568640560e+03 3.000000000000000000e+00
2.370006292009327886e+00 3.576179606518211131e+03 3.000000000000000444e+00
2.414157116103017753e+00 3.716239567983457164e+03 3.000000000000000000e+00
2.459130425468043946e+00 3.861207060250989798e+03 3.000000000000000000e+00
2.504941542174502267e+00 4.011283554627184458e+03 2.999999999999999556e+00
2.551606073727183954e+00 4.166672012284367156e+03 3.000000000000000000e+00
2.599139918382932901e+00 4.327521351356046580e+03 2.999999999999999112e+00
2.647559270567066747e+00 4.493973837503004688e+03 3.000000000000000444e+00
2.696880626390692370e+00 4.666178328513523411e+03 3.000000000000000888e+00
2.747120789270811603e+00 4.844292042030780976e+03 3.000000000000000000e+00
2.798296875655115645e+00 5.028482686874261162e+03 3.000000000000000000e+00
2.850426320853434614e+00 5.218931010993435848e+03 3.000000000000000000e+00
2.903526884977813971e+00 5.415833825779203835e+03 3.000000000000000888e+00
2.957616658993253544e+00 5.619407574188763647e+03 3.000000000000000888e+00
3.012714070881164385e+00 5.829892314471118880e+03 3.000000000000000444e+00
3.068837891917642224e+00 6.047523938477736920e+03 3.000000000000000444e+00
3.126007243068700259e+00 6.272491937448376120e+03 3.000000000000000444e+00
3.184241601504649744e+00 6.504987993711632043e+03 3.000000000000000444e+00
3.243560807235807975e+00 6.745215779982978347e+03 3.000000000000000888e+00
3.303985069871854918e+00 6.993393940148422189e+03 3.000000000000000000e+00
3.365534975507090909e+00 7.249759630383093281e+03 3.000000000000000444e+00
3.428231493733967294e+00 7.514572699292280049e+03 3.000000000000000444e+00
3.492095984787267682e+00 7.788120595996646443e+03 3.000000000000000000e+00
3.557150206821382277e+00 8.070710920374081979e+03 2.999999999999999556e+00
3.623416323323146226e+00 8.362606432645892710e+03 2.999999999999999556e+00
3.690916910662774608e+00 8.664061204672876556e+03 2.999999999999999556e+00
3.759674965785463563e+00 8.975348467389476355e+03 3.000000000000000000e+00
3.829713914046277257e+00 9.296765025380433144e+03 3.000000000000000444e+00
3.901057617190989202e+00 9.628636412943562391e+03 3.000000000000000444e+00
3.973730381485604202e+00 9.971322932502760523e+03 3.000000000000000444e+00
4.047756965997318268e+00 1.032521820359720186e+04 3.000000000000000000e+00
4.123162591029748469e+00 1.069064897468099844e+04 3.000000000000000000e+00
4.199972946715301525e+00 1.106788543321981888e+04 2.999999999999999556e+00
4.278214201767612579e+00 1.145720744809767166e+04 3.000000000000000000e+00
4.357913012397025554e+00 1.185890914161908950e+04 3.000000000000000444e+00
4.439096531392166867e+00 1.227330275342423374e+04 2.999999999999999556e+00
4.521792417370697592e+00 1.270072325489646755e+04 2.999999999999999556e+00
4.606028844202397998e+00 1.314153381868171527e+04 3.000000000000000444e+00
4.691834510607794329e+00 1.359613226077053878e+04 2.999999999999999556e+00
4.779238649935595440e+00 1.406495858740490257e+04 2.999999999999999112e+00
4.868271040122278848e+00 1.454850379632656222e+04 3.000000000000000000e+00
4.958962013837211913e+00 1.504732010216801064e+04 2.999999999999999556e+00
5.051342468816761411e+00 1.556202315130086754e+04 3.000000000000000000e+00
5.145443878390924652e+00 1.609312749153416917e+04 3.000000000000000000e+00
5.241298302206056192e+00 1.664102899314522074e+04 3.000000000000000444e+00
5.338938397147350301e+00 1.720613703552012157e+04 3.000000000000000888e+00
5.438397428464796235e+00 1.778888399650354768e+04 3.000000000000000000e+00
5.539709281106400596e+00 1.838973090984945884e+04 3.000000000000000000e+00
5.642908471262536807e+00 1.900917417417936667e+04 3.000000000000000000e+00
5.748030158125351008e+00 1.964775345830713195e+04 2.999999999999999556e+00
5.855110155867238042e+00 2.030606096578118377e+04 2.999999999999999556e+00
5.964184945842459840e+00 2.098475224230427557e+04 3.000000000000000000e+00
6.075291689016070862e+00 2.168454271097831588e+04 3.000000000000000000e+00
6.188468238624382778e+00 2.240604265542978101e+04 3.000000000000000000e+00
6.303753153071275150e+00 2.314978894166001555e+04 2.999999999999999556e+00
6.421185709064758385e+00 2.391635021132460679e+04 3.000000000000000000e+00
6.540805914998252923e+00 2.470633639653154751e+04 3.000000000000000444e+00
6.662654524581149929e+00 2.552040797171410668e+04 3.000000000000000444e+00
6.786773050723295064e+00 2.635928680263298156e+04 3.000000000000000444e+00
6.913203779678127603e+00 2.722376880760150380e+04 3.000000000000000000e+00
7.041989785449288775e+00 2.811473664005482715e+04 3.000000000000000000e+00
7.173174944465612768e+00 2.903303957121554413e+04 3.000000000000000000e+00
7.306803950529499936e+00 2.997938352262013723e+04 3.000000000000000000e+00
7.442922330043757917e+00 3.095450239171602516e+04 2.999999999999999556e+00
7.581576457522110069e+00 3.195918560847940535e+04 3.000000000000000444e+00
7.722813571388642551e+00 3.299429007568814268e+04 3.000000000000000000e+00
7.866681790071582192e+00 3.406075412720045279e+04 2.999999999999999112e+00
8.013230128396878982e+00 3.515961372397946252e+04 3.000000000000000000e+00
8.162508514287219796e+00 3.629192417671909789e+04 3.000000000000000000e+00
8.314567805772055564e+00 3.745853933487168251e+04 2.999999999999999556e+00
8.469459808314576676e+00 3.866030746476220520e+04 3.000000000000000444e+00
8.627237292461440887e+00 3.989813225489276374e+04 2.999999999999999556e+00
8.787954011821311084e+00 4.117298527704841399e+04 3.000000000000000000e+00
8.951664721378293166e+00 4.248592062071724649e+04 3.000000000000000888e+00
9.118425196146562328e+00 4.383809199283489579e+04 3.000000000000000444e+00
9.288292250172489162e+00 4.523077261160217313e+04 3.000000000000000888e+00
9.461323755890759912e+00 4.666537826576401130e+04 3.000000000000000444e+00
9.637578663841079418e+00 4.814349396062494634e+04 3.000000000000000444e+00
9.817117022752183786e+00 4.966690463086027739e+04 3.000000000000000444e+00
1.000000000000000000e+01 5.123763046999995277e+04 3.000000000000000000e+00
