# Source: PRIMAT compilation, https://doi.org/10.1016/j.physrep.2018.04.005
1.000000000000000021e-03 2.000000000000000332e-22 3.000000000000000000e+00
1.018628990244687619e-03 2.981239979297634936e-22 3.000000000000000000e+00
1.037605019766911670e-03 4.454623780770643931e-22 3.000000000000000000e+00
1.056934553557988335e-03 6.671578776497691369e-22 2.999999999999999556e+00
1.076624177045493267e-03 1.001391555805736602e-21 2.999999999999999556e+00
1.096680598336868600e-03 1.506222177110802429e-21 3.000000000000000000e+00
1.117110650504824203e-03 2.270041940377544146e-21 2.999999999999999556e+00
1.137921293915315117e-03 3.427568925507684440e-21 2.999999999999999556e+00
1.159119618598885779e-03 5.184316759161950607e-21 3.000000000000000000e+00
1.180712846666190276e-03 7.854041881029774626e-21 3.000000000000000444e+00
1.202708334768511989e-03 1.191605147945716871e-20 3.000000000000000000e+00
1.225113576604118949e-03 1.810288998473727925e-20 2.999999999999999556e+00
1.247936205471311460e-03 2.753445852449047648e-20 2.999999999999999112e+00
1.271183996869028896e-03 4.192303999198572136e-20 3.000000000000000888e+00
1.294864871145904933e-03 6.388647639470686488e-20 3.000000000000000000e+00
1.318986896198670470e-03 9.742608438891226928e-20 3.000000000000000888e+00
1.343558290220826226e-03 1.486550986458291540e-19 3.000000000000000000e+00
1.368587424502519176e-03 2.269074072821446334e-19 2.999999999999999556e+00
1.394082826282578647e-03 3.464223524330567570e-19 3.000000000000000000e+00
1.420053181653683095e-03 5.289001125176232378e-19 3.000000000000000888e+00
1.446507338521647217e-03 8.073693412698446430e-19 2.999999999999999556e+00
1.473454309619835756e-03 1.232027159597138511e-18 3.000000000000000444e+00
1.500903275579736594e-03 1.879034366130402112e-18 3.000000000000000000e+00
1.528863588058731147e-03 2.863723450188144766e-18 3.000000000000000000e+00
1.557344772926135207e-03 4.360371654231043345e-18 3.000000000000000444e+00
1.586356533508589657e-03 6.631702352246217113e-18 3.000000000000000444e+00
1.615908753895919101e-03 1.007274099606200825e-17 3.000000000000000000e+00
1.646011502308549748e-03 1.527575597803391843e-17 3.000000000000000000e+00
1.676675034527699143e-03 2.312602144309062477e-17 3.000000000000000000e+00
1.707909797389426916e-03 3.494240647491416517e-17 3.000000000000000888e+00
1.739726432343800767e-03 5.268280893063066431e-17 3.000000000000000444e+00
1.772135779080358372e-03 7.924286483085342701e-17 3.000000000000000000e+00
1.805148879221108154e-03 1.188880428030108686e-16 2.999999999999999556e+00
1.838776980082326793e-03 1.778753187960597620e-16 2.999999999999999556e+00
1.873031538506436536e-03 2.653426061637267819e-16 3.000000000000000888e+00
1.907924224765265072e-03 3.945739102749340060e-16 2.999999999999999556e+00
1.943466926536020246e-03 5.847882444707047068e-16 2.999999999999999556e+00
1.979671752951332481e-03 8.636538167150871907e-16 3.000000000000000000e+00
2.016551038724746607e-03 1.270799847177873865e-15 2.999999999999999556e+00
2.054117348353064112e-03 1.862691650795369402e-15 3.000000000000000444e+00
2.092383480396977150e-03 2.719356753205493955e-15 3.000000000000000000e+00
2.131362471841437810e-03 3.953609106248625733e-15 3.000000000000000000e+00
2.171067602537264923e-03 5.723625812131761943e-15 3.000000000000000000e+00
2.211512399725488933e-03 8.250000710372494815e-15 2.999999999999999556e+00
2.252710642645980484e-03 1.183875165732812716e-14 3.000000000000000000e+00
2.294676367231936100e-03 1.691222125638709426e-14 3.000000000000000000e+00
2.337423870891814758e-03 2.405042412755038817e-14 3.000000000000000000e+00
2.380967717380358135e-03 3.404621569115733671e-14 2.999999999999999556e+00
2.425322741760352948e-03 4.797877364990379621e-14 3.000000000000000444e+00
2.470504055456825433e-03 6.731142158798369404e-14 2.999999999999999556e+00
2.516527051405391836e-03 9.402197581878300908e-14 3.000000000000000444e+00
2.563407409296514835e-03 1.307768504147306819e-13 3.000000000000000444e+00
2.611161100917459583e-03 1.811645486025498536e-13 3.000000000000000000e+00
2.659804395593758260e-03 2.500105680575380359e-13 3.000000000000000444e+00
2.709353865732051433e-03 3.438051764519709377e-13 2.999999999999999556e+00
2.759826392466180594e-03 4.712895564448356184e-13 3.000000000000000888e+00
2.811239171408464344e-03 6.442669547534060083e-13 3.000000000000000000e+00
2.863609718508115885e-03 8.787376208312401278e-13 3.000000000000000444e+00
2.916955876018795853e-03 1.196505776675977884e-12 2.999999999999999556e+00
2.971295818577334054e-03 1.627483847750696843e-12 3.000000000000000444e+00
3.026648059395692196e-03 2.213000058946746317e-12 3.000000000000000444e+00
3.083031456568277075e-03 3.009266301123705520e-12 3.000000000000000000e+00
3.140465219496752208e-03 4.091694753949830866e-12 2.999999999999999556e+00
3.198968915434537586e-03 5.562199723860166634e-12 3.000000000000000000e+00
3.258562476153226226e-03 7.558339402157053120e-12 3.000000000000000444e+00
3.319266204733189573e-03 1.026542195546758066e-11 3.000000000000000888e+00
3.381100782480685445e-03 1.393254573461910966e-11 3.000000000000000444e+00
3.444087275973823411e-03 1.889377072750436382e-11 3.000000000000000000e+00
3.508247144239792347e-03 2.559594752284810255e-11 3.000000000000000000e+00
3.573602246065788347e-03 3.463513526897046714e-11 3.000000000000000000e+00
3.640174847446141400e-03 4.680403330164167677e-11 2.999999999999999556e+00
3.707987629168172684e-03 6.315344378237288507e-11 2.999999999999999556e+00
3.777063694539364597e-03 8.507148483596713223e-11 2.999999999999999556e+00
3.847426577258505898e-03 1.143850923043947130e-10 2.999999999999999556e+00
3.919100249433401899e-03 1.534892854289898233e-10 3.000000000000000444e+00
3.992109129748053209e-03 2.055107224180527257e-10 3.000000000000000444e+00
4.066478091781853925e-03 2.745174813485294870e-10 3.000000000000000000e+00
4.142232472483897525e-03 3.658097375475860156e-10 2.999999999999999556e+00
4.219398080805024202e-03 4.862729702034353653e-10 3.000000000000000000e+00
4.298001206490798497e-03 6.448258875062170559e-10 3.000000000000000444e+00
4.378068629038166758e-03 8.529999190900300920e-10 2.999999999999999556e+00
4.459627626819095622e-03 1.125683414688490810e-09 3.000000000000000000e+00
4.542705986374042521e-03 1.482080321976816176e-09 3.000000000000000444e+00
4.627332011878692967e-03 1.946950286684761468e-09 3.000000000000000000e+00
4.713534534786906725e-03 2.552221135758377686e-09 3.000000000000000000e+00
4.801342923653449841e-03 3.339098612856299726e-09 2.999999999999999112e+00
4.890787094139589959e-03 4.360846521838778349e-09 3.000000000000000000e+00
4.981897519205159656e-03 5.686479781758392261e-09 2.999999999999999556e+00
5.074705239490466188e-03 7.405457694589870984e-09 3.000000000000000000e+00
5.169241873891598608e-03 9.631789892327741681e-09 2.999999999999999556e+00
5.265539630332755246e-03 1.251055003533985484e-08 3.000000000000000000e+00
5.363631316739239652e-03 1.622671349115026923e-08 3.000000000000000444e+00
5.463550352214875498e-03 2.101567955506668041e-08 3.000000000000000000e+00
5.565330778427646403e-03 2.717646350984696495e-08 3.000000000000000000e+00
5.669007271207434327e-03 3.508823440032904405e-08 2.999999999999999556e+00
5.774615152359819509e-03 4.523105103000678690e-08 3.000000000000000000e+00
5.882190401699956099e-03 5.821188315519582951e-08 2.999999999999999556e+00
5.991769669310619169e-03 7.479731424877554085e-08 3.000000000000000000e+00
6.103390288028621123e-03 9.595376102312139886e-08 3.000000000000000000e+00
6.217090286163826779e-03 1.228928450816334696e-07 2.999999999999999556e+00
6.332908400455114321e-03 1.571321556854039336e-07 3.000000000000000000e+00
6.450884089267692675e-03 2.005709856519524732e-07 3.000000000000000444e+00
6.571057546036270826e-03 2.555833055531537952e-07 3.000000000000000000e+00
6.693469712958660493e-03 3.251334969713607375e-07 3.000000000000000444e+00
6.818162294944479437e-03 4.129208756382615259e-07 3.000000000000000888e+00
6.945177773823696388e-03 5.235609003327915093e-07 3.000000000000000888e+00
7.074559422819878297e-03 6.628114091570957263e-07 3.000000000000000888e+00
7.206351321293052656e-03 8.378163365384501797e-07 3.000000000000000000e+00
7.340598369757212090e-03 1.057415967126067550e-06 3.000000000000000000e+00
7.477346305177588227e-03 1.332568401919244409e-06 3.000000000000000888e+00
7.616641716552892058e-03 1.676856024945759427e-06 2.999999999999999112e+00
7.758532060787835978e-03 2.107118994712879222e-06 3.000000000000000000e+00
7.903065678861348128e-03 2.644253145706913796e-06 3.000000000000000444e+00
8.050291812295981564e-03 3.314216299765661783e-06 3.000000000000000000e+00
8.200260619934130954e-03 4.148940441421978948e-06 2.999999999999999556e+00
8.353023195026778799e-03 5.187192847884914868e-06 3.000000000000000000e+00
8.508631582640582489e-03 6.476238436116324748e-06 3.000000000000000000e+00
8.667138797389234081e-03 8.073578138934767116e-06 3.000000000000000888e+00
8.828598841495149604e-03 1.004895805879911963e-05 3.000000000000000000e+00
8.993066723187623582e-03 1.248672274905337373e-05 3.000000000000000000e+00
9.160598475443709407e-03 1.548890307440215259e-05 2.999999999999999556e+00
9.331251175078249249e-03 1.918041205412950126e-05 2.999999999999999112e+00
9.505082962189511861e-03 2.371387771608795265e-05 3.000000000000000000e+00
9.682153059967075343e-03 2.927576641018869697e-05 2.999999999999999556e+00
9.862521794868784469e-03 3.609451305618084291e-05 2.999999999999999112e+00
1.004625061717340749e-02 4.445092135219992039e-05 2.999999999999999112e+00
1.023340212191641702e-02 5.468590611869718744e-05 3.000000000000000000e+00
1.042404007021556327e-02 6.720364835815473520e-05 2.999999999999998668e+00
1.061822941099384125e-02 8.248817006772811618e-05 2.999999999999999112e+00
1.081603630310709954e-02 1.011186401937095035e-04 2.999999999999998668e+00
1.101752813788386791e-02 1.237860932686704802e-04 3.000000000000000444e+00
1.122277356208507652e-02 1.513159771245625609e-04 3.000000000000000444e+00
1.143184250129149725e-02 1.847031922235968862e-04 2.999999999999999556e+00
1.164480618372686072e-02 2.251425605343263729e-04 2.999999999999999556e+00
1.186173716452478509e-02 2.740684911040331241e-04 3.000000000000000444e+00
1.208270935044776506e-02 3.332051971388602955e-04 2.999999999999999556e+00
1.230779802506665188e-02 4.046077040486246545e-04 3.000000000000000000e+00
1.253707987440920262e-02 4.907026819055432948e-04 2.999999999999999112e+00
1.277063301308643990e-02 5.943725712987830414e-04 2.999999999999999556e+00
1.300853701090571267e-02 7.190416936814815214e-04 2.999999999999999556e+00
1.325087291997953214e-02 8.687731173242614017e-04 2.999999999999998668e+00
1.349772330233941706e-02 1.048370720946794092e-03 2.999999999999999112e+00
1.374917225806419029e-02 1.263520237806326461e-03 2.999999999999999112e+00
1.400530545393219653e-02 1.520955908194109377e-03 2.999999999999999112e+00
1.426621015260736910e-02 1.828639633977250647e-03 2.999999999999999556e+00
1.453197524236895383e-02 2.195913734514403151e-03 3.000000000000000000e+00
1.480269126739508674e-02 2.633767276570359462e-03 3.000000000000000000e+00
1.507845045861051086e-02 3.155142208490190059e-03 3.000000000000000000e+00
1.535934676510897039e-02 3.775245844866993196e-03 3.000000000000000000e+00
1.564547588616095955e-02 4.511891095182256686e-03 3.000000000000000888e+00
1.593693530381774456e-02 5.385993557596818922e-03 3.000000000000000444e+00
1.623382431612278159e-02 6.422101339413037110e-03 2.999999999999999556e+00
1.653624407094180307e-02 7.648740755646950620e-03 2.999999999999999556e+00
1.684429760042315330e-02 9.099071828817740376e-03 2.999999999999999112e+00
1.715808985610004986e-02 1.081174143148243630e-02 3.000000000000000000e+00
1.747772774464680795e-02 1.283179224471208205e-02 2.999999999999999556e+00
1.780332016430113962e-02 1.521174340159496541e-02 2.999999999999999556e+00
1.813497804196495186e-02 1.801287466667040801e-02 3.000000000000000000e+00
1.847281437099634188e-02 2.130627055889384308e-02 3.000000000000000000e+00
1.881694424970555696e-02 2.517398187074390906e-02 2.999999999999999556e+00
1.916748492056815148e-02 2.971118464482424767e-02 3.000000000000000000e+00
1.952455581016860828e-02 3.502839872308493446e-02 3.000000000000000444e+00
1.988827856988809734e-02 4.125411573898637302e-02 3.000000000000000000e+00
2.025877711735016989e-02 4.853768937600960037e-02 3.000000000000000888e+00
2.063617767863858837e-02 5.704958444758467806e-02 3.000000000000000000e+00
2.102060883130158278e-02 6.698401701191671054e-02 3.000000000000000000e+00
2.141220154815729262e-02 7.856360512633880910e-02 3.000000000000000444e+00
2.181108924191518805e-02 9.204333370964537520e-02 3.000000000000000444e+00
2.221740781062883641e-02 1.077151005437728959e-01 3.000000000000000000e+00
2.263129568399528321e-02 1.259129929675748272e-01 2.999999999999999556e+00
2.305289387051707301e-02 1.470194627363652640e-01 3.000000000000000000e+00
2.348234600554275145e-02 1.714726160281421219e-01 3.000000000000000000e+00
2.391979840020238418e-02 1.997749001826800985e-01 3.000000000000000000e+00
2.436540009125464853e-02 2.325035530277353435e-01 2.999999999999999112e+00
2.481930289186254010e-02 2.703232906440384276e-01 2.999999999999999112e+00
2.528166144331499277e-02 3.140004777312087603e-01 3.000000000000000000e+00
2.575263326771199887e-02 3.643987592676680154e-01 3.000000000000000000e+00
2.623237882163122203e-02 4.224864782030089416e-01 3.000000000000000000e+00
2.672106155079433804e-02 4.893618466653510968e-01 2.999999999999999556e+00
2.721884794575178332e-02 5.662706734331087732e-01 2.999999999999999112e+00
2.772590759860482645e-02 6.546266382797770733e-01 2.999999999999999556e+00
2.824241326078434297e-02 7.560351089921176770e-01 2.999999999999999556e+00
2.876854090190592711e-02 8.723213822110014171e-01 2.999999999999999112e+00
2.930446976972142861e-02 1.005564484981952944e+00 2.999999999999999556e+00
2.985038245118730796e-02 1.158138004348010730e+00 3.000000000000000000e+00
3.040646493467067182e-02 1.332749862643358041e+00 2.999999999999999556e+00
3.097290667331408301e-02 1.532396002974713012e+00 2.999999999999999556e+00
3.154990064958086704e-02 1.760392110440129443e+00 2.999999999999999556e+00
3.213764344100276948e-02 2.020447205612279973e+00 2.999999999999999556e+00
3.273633528715245988e-02 2.316706449943035206e+00 3.000000000000000000e+00
3.334618015786364187e-02 2.653798732463021448e+00 3.000000000000000000e+00
3.396738582272208068e-02 3.036890619490850263e+00 3.000000000000000000e+00
3.460016392185108480e-02 3.471748168784659860e+00 3.000000000000000444e+00
3.524473003801584237e-02 3.964808561530801967e+00 3.000000000000000444e+00
3.590130377007068330e-02 4.523264082612207027e+00 3.000000000000000444e+00
3.657010880777489259e-02 5.155161713781787114e+00 2.999999999999999112e+00
3.725137300800209633e-02 5.869522536856925932e+00 3.000000000000000444e+00
3.794532847236938011e-02 6.676486328468347331e+00 2.999999999999999112e+00
3.865221162631261864e-02 7.587488234981257129e+00 2.999999999999999112e+00
3.937226329963479377e-02 8.615476340461571070e+00 3.000000000000000000e+00
4.010572880855495931e-02 9.775180752169374543e+00 3.000000000000000000e+00
4.085285803928561527e-02 1.108306200298047806e+01 3.000000000000000000e+00
4.161390553316707264e-02 1.255667819181531364e+01 2.999999999999999556e+00
4.238913057338778573e-02 1.421529492450668997e+01 3.000000000000000000e+00
4.317879727332021161e-02 1.608018406085439977e+01 3.000000000000000000e+00
4.398317466650223523e-02 1.817482373764361014e+01 3.000000000000000000e+00
4.480253679829489938e-02 2.052512641580343455e+01 3.000000000000000000e+00
4.563716281924758839e-02 2.315970201888623947e+01 2.999999999999999112e+00
4.648733708020256344e-02 2.611016524518447923e+01 3.000000000000000000e+00
4.735334922917116413e-02 2.941149866269917368e+01 3.000000000000001332e+00
4.823549431001467047e-02 3.310248635887516855e+01 3.000000000000000444e+00
4.913407286296361809e-02 3.722623687488149358e+01 3.000000000000000444e+00
5.004939102700953213e-02 4.183081903452328731e+01 3.000000000000000444e+00
5.098176064420424647e-02 4.696933375401206234e+01 3.000000000000000444e+00
5.193149936590212012e-02 5.269836558451545017e+01 3.000000000000000888e+00
5.289893076098151070e-02 5.907940630527613024e+01 3.000000000000001332e+00
5.388438442608223938e-02 6.617976191515624862e+01 3.000000000000000444e+00
5.488819609789671872e-02 7.407316350644917691e+01 3.000000000000000444e+00
5.591070776755290017e-02 8.284049073733237378e+01 3.000000000000000888e+00
5.695226779712821846e-02 9.257063827805042422e+01 3.000000000000000000e+00
5.801323103833375128e-02 1.033615634758973698e+02 3.000000000000001332e+00
5.909395895340967958e-02 1.153215632318728439e+02 3.000000000000000444e+00
6.019481973827271043e-02 1.285708317487946886e+02 2.999999999999999556e+00
6.131618844795772016e-02 1.432405321131084008e+02 3.000000000000000444e+00
6.245844712439614643e-02 1.594685575475385804e+02 3.000000000000000444e+00
6.362198492657485105e-02 1.774039232812660600e+02 3.000000000000000000e+00
6.480719826311967524e-02 1.972087039929785703e+02 2.999999999999999556e+00
6.601449092734885948e-02 2.190594323112630946e+02 2.999999999999999556e+00
6.724427423484245769e-02 2.431487808398778725e+02 3.000000000000000444e+00
6.849696716357443760e-02 2.696876032807791148e+02 3.000000000000000000e+00
6.977299649665534564e-02 2.989074287063963311e+02 3.000000000000000444e+00
7.107279696773415034e-02 3.310618692391383320e+02 3.000000000000000000e+00
7.239681140910873836e-02 3.664182348721218432e+02 2.999999999999999556e+00
7.374549090259549522e-02 4.052615696487680452e+02 3.000000000000000888e+00
7.511929493320965157e-02 4.479004795451192535e+02 3.000000000000000000e+00
7.651869154570821452e-02 4.946697925917609382e+02 3.000000000000000000e+00
7.794415750404946885e-02 5.459337856043723605e+02 3.000000000000000444e+00
7.939617845382279659e-02 6.020901430561527832e+02 3.000000000000000444e+00
8.087524908770453436e-02 6.635737649726025893e+02 3.000000000000001332e+00
8.238187331399605962e-02 7.308443961951131769e+02 3.000000000000000000e+00
8.391656442830157381e-02 8.043859148378007831e+02 3.000000000000001332e+00
8.547984528840409102e-02 8.847197146249756088e+02 3.000000000000000444e+00
8.707224849239916797e-02 9.724093889807430742e+02 3.000000000000000000e+00
8.869431656014709064e-02 1.068066099985795972e+03 3.000000000000000000e+00
9.034660211810524588e-02 1.172355138335490892e+03 3.000000000000000000e+00
9.202966808760409956e-02 1.285989409230714045e+03 2.999999999999999556e+00
9.374408787662991127e-02 1.409710579329035909e+03 3.000000000000000000e+00
9.549044557518077125e-02 1.544311869944304590e+03 2.999999999999999556e+00
9.726933615426168467e-02 1.690647883202858111e+03 2.999999999999999556e+00
9.908136566858666283e-02 1.849642646817345621e+03 3.000000000000000444e+00
1.009271514630570854e-01 2.022298149381096209e+03 2.999999999999999556e+00
1.028073223830864719e-01 2.209670155472418628e+03 3.000000000000000444e+00
1.047225189888434382e-01 2.412860444132868452e+03 3.000000000000000000e+00
1.066733937734857113e-01 2.633049542493637546e+03 3.000000000000000000e+00
1.086606113854596822e-01 2.871508370859962724e+03 3.000000000000000000e+00
1.106848488549412035e-01 3.129610553889139283e+03 2.999999999999999556e+00
1.127467958244946084e-01 3.408809894686507505e+03 3.000000000000000444e+00
1.148471547840289042e-01 3.710613627287291820e+03 3.000000000000000000e+00
1.169866413101306873e-01 4.036630525301407033e+03 3.000000000000000000e+00
1.191659843098558796e-01 4.388589227682018645e+03 2.999999999999999556e+00
1.213859262690627772e-01 4.768350942959985332e+03 3.000000000000000444e+00
1.236472235053715091e-01 5.177855854437871130e+03 3.000000000000000000e+00
1.259506464258357550e-01 5.619128556837818905e+03 2.999999999999999112e+00
1.282969797894147612e-01 6.094334082148152447e+03 3.000000000000000444e+00
1.306870229743346268e-01 6.605799111490700852e+03 2.999999999999998668e+00
1.331215902504307713e-01 7.155979628462956498e+03 3.000000000000000000e+00
1.356015110565633452e-01 7.747410208929001783e+03 2.999999999999999556e+00
1.381276302832009362e-01 8.382787136589271540e+03 2.999999999999999556e+00
1.407008085602685088e-01 9.065001864751340690e+03 2.999999999999999112e+00
1.433219225503573890e-01 9.797099552655081425e+03 2.999999999999999112e+00
1.459918652473978506e-01 1.058220944968027834e+04 2.999999999999999556e+00
1.487115462808953625e-01 1.142365235636616671e+04 3.000000000000000444e+00
1.514818922258345801e-01 1.232497935978251007e+04 3.000000000000000000e+00
1.543038469183564687e-01 1.328990815572799329e+04 3.000000000000000000e+00
1.571783717773162781e-01 1.432232441449893668e+04 3.000000000000000444e+00
1.601064461318317811e-01 1.542638820868558651e+04 3.000000000000000000e+00
1.630890675549332702e-01 1.660649334913544590e+04 3.000000000000000000e+00
1.661272522034293042e-01 1.786701402053745915e+04 3.000000000000000000e+00
1.692220351641037235e-01 1.921249100191752586e+04 3.000000000000000444e+00
1.723744708063619790e-01 2.064772618164492451e+04 3.000000000000000444e+00
1.755856331414468730e-01 2.217782567841901255e+04 3.000000000000000444e+00
1.788566161883461958e-01 2.380825443434318731e+04 3.000000000000000444e+00
1.821885343465165230e-01 2.554487377140616081e+04 3.000000000000000888e+00
1.855825227755517060e-01 2.739363073923709453e+04 3.000000000000000000e+00
1.890397377819219571e-01 2.936060136472297017e+04 3.000000000000000444e+00
1.925613572129196704e-01 3.145224956001378814e+04 2.999999999999999556e+00
1.961485808579429280e-01 3.367550566072011861e+04 3.000000000000000000e+00
1.998026308572548593e-01 3.603785933370796556e+04 3.000000000000000444e+00
2.035247521183575770e-01 3.854722138058103883e+04 3.000000000000000000e+00
2.073162127401229071e-01 4.121091016546289757e+04 2.999999999999999556e+00
2.111783044448242164e-01 4.403617002637192491e+04 2.999999999999999556e+00
2.151123430182164953e-01 4.703048740984277538e+04 2.999999999999999556e+00
2.191196687578147451e-01 5.020162966106976819e+04 2.999999999999999112e+00
2.232016469295232397e-01 5.355769739145450876e+04 2.999999999999999112e+00
2.273596682327715113e-01 5.710719343301760091e+04 2.999999999999999556e+00
2.315951492743152096e-01 6.085911180966533720e+04 2.999999999999999556e+00
2.359095330508633737e-01 6.482305068786683114e+04 3.000000000000000888e+00
2.403042894406967056e-01 6.900935389018186834e+04 2.999999999999999556e+00
2.447809157044440187e-01 7.342928628851985559e+04 3.000000000000000444e+00
2.493409369951877785e-01 7.809524927244984428e+04 3.000000000000000000e+00
2.539859068780723761e-01 8.302055760216554336e+04 2.999999999999999556e+00
2.587174078595921300e-01 8.821678591945537482e+04 3.000000000000000888e+00
2.635370519267393186e-01 9.369481753895559814e+04 3.000000000000000444e+00
2.684464810961962322e-01 9.946585410901054274e+04 2.999999999999999556e+00
2.734473679737579599e-01 1.055414931457575003e+05 3.000000000000000888e+00
2.785414163241766161e-01 1.119338280799706990e+05 3.000000000000000444e+00
2.837303616516211324e-01 1.186555776975579356e+05 3.000000000000000444e+00
2.890159717909508430e-01 1.257202504790683597e+05 3.000000000000000444e+00
2.944000475100033709e-01 1.331423501407935109e+05 3.000000000000000888e+00
2.998844231231027613e-01 1.409376296122159983e+05 3.000000000000000444e+00
3.054709671159968054e-01 1.491225717923519842e+05 3.000000000000000444e+00
3.111615827824359970e-01 1.577114627145405393e+05 3.000000000000000000e+00
3.169582088726115021e-01 1.667181791358976916e+05 2.999999999999999556e+00
3.228628202536730218e-01 1.761571139777784119e+05 3.000000000000000000e+00
3.288774285825510346e-01 1.860433457556699286e+05 3.000000000000000444e+00
3.350040829913132900e-01 1.963928535329156439e+05 3.000000000000000000e+00
3.412448707852889229e-01 2.072227852050776710e+05 2.999999999999999556e+00
3.476019181541977754e-01 2.185517879919009283e+05 2.999999999999999556e+00
3.540773908965269556e-01 2.304001068770529528e+05 2.999999999999999556e+00
3.606734951574028236e-01 2.427858394539991859e+05 3.000000000000000888e+00
3.673924781802074269e-01 2.557250221712290659e+05 3.000000000000000444e+00
3.742366290721980682e-01 2.692342343608857482e+05 3.000000000000000444e+00
3.812082795843887983e-01 2.833308964727037237e+05 3.000000000000000888e+00
3.883098049059605095e-01 2.980335705122124637e+05 3.000000000000000444e+00
3.955436244734701345e-01 3.133623312169692363e+05 3.000000000000000000e+00
4.029122027951347884e-01 3.293391338719411287e+05 3.000000000000000444e+00
4.104180502904709038e-01 3.459846908523695893e+05 2.999999999999999112e+00
4.180637241455757991e-01 3.633163344414489693e+05 2.999999999999999556e+00
4.258518291843414461e-01 3.813518085128984530e+05 3.000000000000000000e+00
4.337850187558989212e-01 4.001098840939883958e+05 3.000000000000000000e+00
4.418659956385941334e-01 4.196107624674722902e+05 2.999999999999999556e+00
4.500975129608046355e-01 4.398765679921103874e+05 3.000000000000000444e+00
4.584823751389096036e-01 4.609303903243294335e+05 2.999999999999999556e+00
4.670234388327330621e-01 4.827916122335278196e+05 2.999999999999999556e+00
4.757236139187884794e-01 5.054794734268964967e+05 2.999999999999999112e+00
4.845858644816490868e-01 5.290147847874035360e+05 3.000000000000000000e+00
4.936132098237911991e-01 5.534204967168398434e+05 2.999999999999999556e+00
5.028087254942474882e-01 5.787223086844485952e+05 3.000000000000000000e+00
5.121755443364236493e-01 6.049435162823490100e+05 2.999999999999999556e+00
5.217168575554343990e-01 6.320993398394595133e+05 3.000000000000000888e+00
5.314359158053235666e-01 6.602042717600621982e+05 3.000000000000000000e+00
5.413360302965375404e-01 6.892732757227995899e+05 3.000000000000000000e+00
5.514205739240296555e-01 7.193222399177870248e+05 3.000000000000000444e+00
5.616929824163804374e-01 7.503685344254852971e+05 2.999999999999999556e+00
5.721567555063246102e-01 7.824316868338638451e+05 3.000000000000000444e+00
5.828154581230839959e-01 8.155341917413923657e+05 3.000000000000000444e+00
5.936727216069119795e-01 8.497024716357712168e+05 2.999999999999999112e+00
6.047322449462643190e-01 8.849676421817303635e+05 3.000000000000000000e+00
6.159977960380161877e-01 9.213539217252843082e+05 2.999999999999999112e+00
6.274732129711574347e-01 9.588725116973156109e+05 2.999999999999999556e+00
6.391624053343999412e-01 9.975339992371869739e+05 2.999999999999999112e+00
6.510693555481454897e-01 1.037349732322728145e+06 3.000000000000000000e+00
6.631981202212668958e-01 1.078332472008300712e+06 3.000000000000000444e+00
6.755528315331639222e-01 1.120497178349702386e+06 3.000000000000000000e+00
6.881376986415662644e-01 1.163861946528510889e+06 2.999999999999999556e+00
7.009570091165617800e-01 1.208449109657586087e+06 3.000000000000000444e+00
7.140151304013395706e-01 1.254280699128599372e+06 3.000000000000000444e+00
7.273165113001454074e-01 1.301364261445104377e+06 3.000000000000000888e+00
7.408656834939559843e-01 1.349704748827948235e+06 3.000000000000000888e+00
7.546672630843886953e-01 1.399308563656094018e+06 3.000000000000000888e+00
7.687259521663728501e-01 1.450184464145491598e+06 3.000000000000000000e+00
7.830465404301183430e-01 1.502344635318281595e+06 3.000000000000000444e+00
7.976339067929273385e-01 1.555805944091130281e+06 3.000000000000000444e+00
8.124930210614047521e-01 1.610588060739716515e+06 3.000000000000000000e+00
8.276289456246344045e-01 1.666694469579484081e+06 3.000000000000000000e+00
8.430468371788967241e-01 1.724121666486803209e+06 3.000000000000000000e+00
8.587519484845170803e-01 1.782867710879773134e+06 2.999999999999999556e+00
8.747496301554414933e-01 1.842933288832619321e+06 3.000000000000000000e+00
8.910453324821513421e-01 1.904322934061886743e+06 2.999999999999999112e+00
9.076446072885356875e-01 1.967046046007225988e+06 2.999999999999999112e+00
9.245531098233570333e-01 2.031106792960731545e+06 2.999999999999999556e+00
9.417766006869519035e-01 2.096500816077094525e+06 2.999999999999999556e+00
9.593209477938241525e-01 2.163226921621600166e+06 3.000000000000000444e+00
9.771921283717996953e-01 2.231289159326627385e+06 3.000000000000000000e+00
9.953962309984233370e-01 2.300698496203716844e+06 3.000000000000000444e+00
1.013939457675291811e+00 2.371470508798738476e+06 3.000000000000000888e+00
1.032828125941028574e+00 2.443591830635565333e+06 3.000000000000001332e+00
1.052068671023622892e+00 2.517030982196765486e+06 3.000000000000000000e+00
1.071667648032863296e+00 2.591755818317772355e+06 3.000000000000000000e+00
1.091631734193614811e+00 2.667734599420738406e+06 3.000000000000000888e+00
1.111967731120699021e+00 2.744937080244039185e+06 3.000000000000000000e+00
1.132682567136153784e+00 2.823335779041566420e+06 3.000000000000000888e+00
1.153783299629660863e+00 2.902907443512043450e+06 3.000000000000000444e+00
1.175277117462945276e+00 2.983634730868157465e+06 3.000000000000000444e+00
1.197171343418965694e+00 3.065508120895344764e+06 3.000000000000000444e+00
1.219473436696737023e+00 3.148528082696248777e+06 3.000000000000000000e+00
1.242190995452616242e+00 3.232707518208823167e+06 3.000000000000000444e+00
1.265331759388941713e+00 3.318069777447470929e+06 3.000000000000000444e+00
1.288903612390891462e+00 3.404596079567747191e+06 3.000000000000000888e+00
1.312914585212463958e+00 3.492234116746848449e+06 3.000000000000000000e+00
1.337372858212495075e+00 3.580931468482507393e+06 3.000000000000000888e+00
1.362286764141645401e+00 3.670637399271034170e+06 3.000000000000000444e+00
1.387664790981307128e+00 3.761304226934474893e+06 2.999999999999999556e+00
1.413515584835394190e+00 3.852888884969647974e+06 3.000000000000000000e+00
1.439847952876006643e+00 3.945354694040113594e+06 2.999999999999999556e+00
1.466670866343967150e+00 4.038673358787847683e+06 3.000000000000000444e+00
1.493993463605256311e+00 4.132827207525974140e+06 3.000000000000000444e+00
1.521825053264385552e+00 4.227805244446270168e+06 3.000000000000000444e+00
1.550175117335768737e+00 4.323558040138836950e+06 3.000000000000000444e+00
1.579053314474174297e+00 4.420016599490826949e+06 3.000000000000000444e+00
1.608469483265355215e+00 4.517115074664042331e+06 3.000000000000000444e+00
1.638433645577983100e+00 4.614792512542774901e+06 3.000000000000000000e+00
1.668956009978023181e+00 4.712994671451380476e+06 3.000000000000000444e+00
1.700046975206716438e+00 4.811676052157321014e+06 3.000000000000000444e+00
1.731717133723352786e+00 4.910802157745686360e+06 3.000000000000000000e+00
1.763977275314043469e+00 5.010350978680413216e+06 3.000000000000000000e+00
1.796838390767719229e+00 5.110281723326816224e+06 3.000000000000000000e+00
1.830311675620611256e+00 5.210522188323752023e+06 2.999999999999999556e+00
1.864408533970485227e+00 5.311003981643409468e+06 3.000000000000000444e+00
1.899140582361933616e+00 5.411666660735402256e+06 3.000000000000000444e+00
1.934519653744044332e+00 5.512459840019633994e+06 3.000000000000000888e+00
1.970557801501798378e+00 5.613345517144019715e+06 3.000000000000000888e+00
2.007267303562568106e+00 5.714300495264490135e+06 3.000000000000000444e+00
2.044660666579115826e+00 5.815287570080605336e+06 3.000000000000000888e+00
2.082750630190514318e+00 5.916209694669572636e+06 3.000000000000000444e+00
2.121550171362450055e+00 6.016963105822289363e+06 3.000000000000000444e+00
2.161072508808376647e+00 6.117447691567188129e+06 3.000000000000000444e+00
2.201331107493030181e+00 6.217568584842797369e+06 3.000000000000000888e+00
2.242339683219845003e+00 6.317237925083773211e+06 3.000000000000000444e+00
2.284112207303823361e+00 6.416376795545996167e+06 3.000000000000000444e+00
2.326662911331458083e+00 6.514917344448957592e+06 3.000000000000000000e+00
2.370006292009327886e+00 6.612805098496232182e+06 3.000000000000000444e+00
2.414157116103017753e+00 6.710001478134067729e+06 3.000000000000000000e+00
2.459130425468043946e+00 6.806486525129692629e+06 3.000000000000000000e+00
2.504941542174502267e+00 6.902261824199316092e+06 2.999999999999999556e+00
2.551606073727183954e+00 6.997318490486481227e+06 3.000000000000000000e+00
2.599139918382932901e+00 7.091563037340839393e+06 2.999999999999999112e+00
2.647559270567066747e+00 7.184889379974799231e+06 3.000000000000000444e+00
2.696880626390692370e+00 7.277197413207899779e+06 3.000000000000000888e+00
2.747120789270811603e+00 7.368394643656615168e+06 3.000000000000000000e+00
2.798296875655115645e+00 7.458397964317934588e+06 3.000000000000000000e+00
2.850426320853434614e+00 7.547135576357115991e+06 3.000000000000000000e+00
2.903526884977813971e+00 7.634549063118452206e+06 3.000000000000000888e+00
2.957616658993253544e+00 7.720595621821964160e+06 3.000000000000000888e+00
3.012714070881164385e+00 7.805250243053724058e+06 3.000000000000000444e+00
3.068837891917642224e+00 7.888474691882930696e+06 3.000000000000000444e+00
3.126007243068700259e+00 7.970176597347878851e+06 3.000000000000000444e+00
3.184241601504649744e+00 8.050263729257323779e+06 3.000000000000000444e+00
3.243560807235807975e+00 8.128653556921369396e+06 3.000000000000000888e+00
3.303985069871854918e+00 8.205275009572630748e+06 3.000000000000000000e+00
3.365534975507090909e+00 8.280070360112112015e+06 3.000000000000000444e+00
3.428231493733967294e+00 8.352997235104275867e+06 3.000000000000000444e+00
3.492095984787267682e+00 8.424030754435453564e+06 3.000000000000000000e+00
3.557150206821382277e+00 8.493154998037444428e+06 2.999999999999999556e+00
3.623416323323146226e+00 8.560309758251920342e+06 2.999999999999999556e+00
3.690916910662774608e+00 8.625424338345523924e+06 2.999999999999999556e+00
3.759674965785463563e+00 8.688440088241674006e+06 3.000000000000000000e+00
3.829713914046277257e+00 8.749312162695102394e+06 3.000000000000000444e+00
3.901057617190989202e+00 8.808011353484289721e+06 3.000000000000000444e+00
3.973730381485604202e+00 8.864526026065964252e+06 3.000000000000000444e+00
4.047756965997318268e+00 8.918858709553610533e+06 3.000000000000000000e+00
4.123162591029748469e+00 8.970961425794115290e+06 3.000000000000000000e+00
4.199972946715301525e+00 9.020748897330822423e+06 2.999999999999999556e+00
4.278214201767612579e+00 9.068143126845067367e+06 3.000000000000000000e+00
4.357913012397025554e+00 9.113075562112690881e+06 3.000000000000000444e+00
4.439096531392166867e+00 9.155488428823664784e+06 2.999999999999999556e+00
4.521792417370697592e+00 9.195336132976738736e+06 2.999999999999999556e+00
4.606028844202397998e+00 9.232586732323421165e+06 3.000000000000000444e+00
4.691834510607794329e+00 9.267223476452440023e+06 2.999999999999999556e+00
4.779238649935595440e+00 9.299246415401618928e+06 2.999999999999999112e+00
4.868271040122278848e+00 9.328674077204961330e+06 3.000000000000000000e+00
4.958962013837211913e+00 9.355545215580303222e+06 2.999999999999999556e+00
5.051342468816761411e+00 9.379916483342135325e+06 3.000000000000000000e+00
5.145443878390924652e+00 9.401790574388135225e+06 3.000000000000000000e+00
5.241298302206056192e+00 9.421116807911455631e+06 3.000000000000000444e+00
5.338938397147350301e+00 9.437851181002423167e+06 3.000000000000000888e+00
5.438397428464796235e+00 9.451959481942838058e+06 3.000000000000000000e+00
5.539709281106400596e+00 9.463418332338593900e+06 3.000000000000000000e+00
5.642908471262536807e+00 9.472216268964886665e+06 3.000000000000000000e+00
5.748030158125351008e+00 9.478354864205041900e+06 2.999999999999999556e+00
5.855110155867238042e+00 9.481849884142883122e+06 2.999999999999999556e+00
5.964184945842459840e+00 9.482732483694903553e+06 3.000000000000000000e+00
6.075291689016070862e+00 9.481045795396532863e+06 3.000000000000000000e+00
6.188468238624382778e+00 9.476796619869790971e+06 3.000000000000000000e+00
6.303753153071275150e+00 9.469969738957410678e+06 2.999999999999999556e+00
6.421185709064758385e+00 9.460559329168573022e+06 3.000000000000000000e+00
6.540805914998252923e+00 9.448570305308450013e+06 3.000000000000000444e+00
6.662654524581149929e+00 9.434019186756931245e+06 3.000000000000000444e+00
6.786773050723295064e+00 9.416934985110713169e+06 3.000000000000000444e+00
6.913203779678127603e+00 9.397360112290197983e+06 3.000000000000000000e+00
7.041989785449288775e+00 9.375350875112947077e+06 3.000000000000000000e+00
7.173174944465612768e+00 9.350950261277658865e+06 3.000000000000000000e+00
7.306803950529499936e+00 9.324168050044013187e+06 3.000000000000000000e+00
7.442922330043757917e+00 9.295019269779641181e+06 2.999999999999999556e+00
7.581576457522110069e+00 9.263528678365774453e+06 3.000000000000000444e+00
7.722813571388642551e+00 9.229731417175371200e+06 3.000000000000000000e+00
7.866681790071582192e+00 9.193673675292273983e+06 2.999999999999999112e+00
8.013230128396878982e+00 9.155413355479730293e+06 3.000000000000000000e+00
8.162508514287219796e+00 9.115006396087531000e+06 3.000000000000000000e+00
8.314567805772055564e+00 9.072475429520320147e+06 2.999999999999999556e+00
8.469459808314576676e+00 9.027842494822321460e+06 3.000000000000000444e+00
8.627237292461440887e+00 8.981137513390097767e+06 2.999999999999999556e+00
8.787954011821311084e+00 8.932398749556992203e+06 3.000000000000000000e+00
8.951664721378293166e+00 8.881673274459781125e+06 3.000000000000000888e+00
9.118425196146562328e+00 8.829017432427829131e+06 3.000000000000000444e+00
9.288292250172489162e+00 8.774497309357214719e+06 3.000000000000000888e+00
9.461323755890759912e+00 8.718189202825274318e+06 3.000000000000000444e+00
9.637578663841079418e+00 8.660180094084950164e+06 3.000000000000000444e+00
9.817117022752183786e+00 8.600568122552754357e+06 3.000000000000000444e+00
1.000000000000000000e+01 8.539463063999999315e+06 3.000000000000000000e+00
