# Source: PRIMAT compilation, https://doi.org/10.1016/j.physrep.2018.04.005
1.000000000000000021e-03 1.430000000000001661e-30 3.000000000000000000e+00
1.018628990244687619e-03 2.420889381152720911e-30 3.000000000000000000e+00
1.037605019766911670e-03 4.111485967628606160e-30 3.000000000000000000e+00
1.056934553557988335e-03 7.004066226762321672e-30 2.999999999999999556e+00
1.076624177045493267e-03 1.196655291263840399e-29 2.999999999999999556e+00
1.096680598336868600e-03 2.050181388960432098e-29 3.000000000000000000e+00
1.117110650504824203e-03 3.521713894649889318e-29 2.999999999999999556e+00
1.137921293915315117e-03 6.064370244122635655e-29 2.999999999999999556e+00
1.159119618598885779e-03 1.046684027179229566e-28 3.000000000000000000e+00
1.180712846666190276e-03 1.810377853033601645e-28 3.000000000000000444e+00
1.202708334768511989e-03 3.137394859705340044e-28 3.000000000000000000e+00
1.225113576604118949e-03 5.446720882067041671e-28 2.999999999999999556e+00
1.247936205471311460e-03 9.470737733934910967e-28 2.999999999999999112e+00
1.271183996869028896e-03 1.649032172697894675e-27 3.000000000000000888e+00
1.294864871145904933e-03 2.874630966804675398e-27 3.000000000000000000e+00
1.318986896198670470e-03 5.015923807959650531e-27 3.000000000000000888e+00
1.343558290220826226e-03 8.758728571937937979e-27 3.000000000000000000e+00
1.368587424502519176e-03 1.530224881734823760e-26 2.999999999999999556e+00
1.394082826282578647e-03 2.674198475570657673e-26 3.000000000000000000e+00
1.420053181653683095e-03 4.673624452916896589e-26 3.000000000000000888e+00
1.446507338521647217e-03 8.166406400851634850e-26 2.999999999999999556e+00
1.473454309619835756e-03 1.426323694434475719e-25 3.000000000000000444e+00
1.500903275579736594e-03 2.489464531206017089e-25 3.000000000000000000e+00
1.528863588058731147e-03 4.340936027841439540e-25 3.000000000000000000e+00
1.557344772926135207e-03 7.560273958996816939e-25 3.000000000000000444e+00
1.586356533508589657e-03 1.314782657719644050e-24 3.000000000000000444e+00
1.615908753895919101e-03 2.282532624444953715e-24 3.000000000000000000e+00
1.646011502308549748e-03 3.954667052361303528e-24 3.000000000000000000e+00
1.676675034527699143e-03 6.836209998693657749e-24 3.000000000000000000e+00
1.707909797389426916e-03 1.178733705722922598e-23 3.000000000000000888e+00
1.739726432343800767e-03 2.026717422178777761e-23 3.000000000000000444e+00
1.772135779080358372e-03 3.474007279267314940e-23 3.000000000000000000e+00
1.805148879221108154e-03 5.934881534471544490e-23 2.999999999999999556e+00
1.838776980082326793e-03 1.010235065528949423e-22 2.999999999999999556e+00
1.873031538506436536e-03 1.712967625418509718e-22 3.000000000000000888e+00
1.907924224765265072e-03 2.892558362378636295e-22 2.999999999999999556e+00
1.943466926536020246e-03 4.863115897124225585e-22 2.999999999999999556e+00
1.979671752951332481e-03 8.138492057608432256e-22 3.000000000000000000e+00
2.016551038724746607e-03 1.355415023727166710e-21 2.999999999999999556e+00
2.054117348353064112e-03 2.245988936346953130e-21 3.000000000000000444e+00
2.092383480396977150e-03 3.702239715080764066e-21 3.000000000000000000e+00
2.131362471841437810e-03 6.069674970584232069e-21 3.000000000000000000e+00
2.171067602537264923e-03 9.895586484118821991e-21 3.000000000000000000e+00
2.211512399725488933e-03 1.604109975168190931e-20 2.999999999999999556e+00
2.252710642645980484e-03 2.585210512934812837e-20 3.000000000000000000e+00
2.294676367231936100e-03 4.141830655707064141e-20 3.000000000000000000e+00
2.337423870891814758e-03 6.596342975233984066e-20 3.000000000000000000e+00
2.380967717380358135e-03 1.044297869073838839e-19 2.999999999999999556e+00
2.425322741760352948e-03 1.643498887027476875e-19 3.000000000000000444e+00
2.470504055456825433e-03 2.571411530363805341e-19 2.999999999999999556e+00
2.516527051405391836e-03 4.000239359638000877e-19 3.000000000000000444e+00
2.563407409296514835e-03 6.188589388805363912e-19 3.000000000000000444e+00
2.611161100917459583e-03 9.523446481875678169e-19 3.000000000000000000e+00
2.659804395593758260e-03 1.458236256400177873e-18 3.000000000000000444e+00
2.709353865732051433e-03 2.222588967568215649e-18 2.999999999999999556e+00
2.759826392466180594e-03 3.373563758562246846e-18 3.000000000000000888e+00
2.811239171408464344e-03 5.102184119041835987e-18 3.000000000000000000e+00
2.863609718508115885e-03 7.693803072266901876e-18 3.000000000000000444e+00
2.916955876018795853e-03 1.157628171546329039e-17 2.999999999999999556e+00
2.971295818577334054e-03 1.739460313140634334e-17 3.000000000000000444e+00
3.026648059395692196e-03 2.612729420738028557e-17 3.000000000000000444e+00
3.083031456568277075e-03 3.924716180398099371e-17 3.000000000000000000e+00
3.140465219496752208e-03 5.895057474443632820e-17 2.999999999999999556e+00
3.198968915434537586e-03 8.852184125000246077e-17 3.000000000000000000e+00
3.258562476153226226e-03 1.328647661490390256e-16 3.000000000000000444e+00
3.319266204733189573e-03 1.992867446561157600e-16 3.000000000000000888e+00
3.381100782480685445e-03 2.986525977860808087e-16 3.000000000000000444e+00
3.444087275973823411e-03 4.470762250566156090e-16 3.000000000000000000e+00
3.508247144239792347e-03 6.683907834541524664e-16 3.000000000000000000e+00
3.573602246065788347e-03 9.977399686474541203e-16 3.000000000000000000e+00
3.640174847446141400e-03 1.486774667177178047e-15 2.999999999999999556e+00
3.707987629168172684e-03 2.211134585828474800e-15 2.999999999999999556e+00
3.777063694539364597e-03 3.281161169718589689e-15 2.999999999999999556e+00
3.847426577258505898e-03 4.857148486449221030e-15 2.999999999999999556e+00
3.919100249433401899e-03 7.170920200513218054e-15 3.000000000000000444e+00
3.992109129748053209e-03 1.055615614811144238e-14 3.000000000000000444e+00
4.066478091781853925e-03 1.549105257400842341e-14 3.000000000000000000e+00
4.142232472483897525e-03 2.266006901625311423e-14 2.999999999999999556e+00
4.219398080805024202e-03 3.303953924786869642e-14 3.000000000000000000e+00
4.298001206490798497e-03 4.801723289963965755e-14 3.000000000000000444e+00
4.378068629038166758e-03 6.956014142616981253e-14 2.999999999999999556e+00
4.459627626819095622e-03 1.004492944715300996e-13 3.000000000000000000e+00
4.542705986374042521e-03 1.446085237749221964e-13 3.000000000000000444e+00
4.627332011878692967e-03 2.075653970820015560e-13 3.000000000000000000e+00
4.713534534786906725e-03 2.970990167875196061e-13 3.000000000000000000e+00
4.801342923653449841e-03 4.241536325611996541e-13 2.999999999999999112e+00
4.890787094139589959e-03 6.041331209940830978e-13 3.000000000000000000e+00
4.981897519205159656e-03 8.587457304006574808e-13 2.999999999999999556e+00
5.074705239490466188e-03 1.218595312143150121e-12 3.000000000000000000e+00
5.169241873891598608e-03 1.726368752790184946e-12 2.999999999999999556e+00
5.265539630332755246e-03 2.441436535235282644e-12 3.000000000000000000e+00
5.363631316739239652e-03 3.446336332847505217e-12 3.000000000000000444e+00
5.463550352214875498e-03 4.855539933130927417e-12 3.000000000000000000e+00
5.565330778427646403e-03 6.827438292947803899e-12 3.000000000000000000e+00
5.669007271207434327e-03 9.580700883338457840e-12 2.999999999999999556e+00
5.774615152359819509e-03 1.341657881940873798e-11 3.000000000000000000e+00
5.882190401699956099e-03 1.874928847180999766e-11 2.999999999999999556e+00
5.991769669310619169e-03 2.614739408952281693e-11 3.000000000000000000e+00
6.103390288028621123e-03 3.638965285785324766e-11 3.000000000000000000e+00
6.217090286163826779e-03 5.053767960253410553e-11 2.999999999999999556e+00
6.332908400455114321e-03 7.003564771580631265e-11 3.000000000000000000e+00
6.450884089267692675e-03 9.684448782964709443e-11 3.000000000000000444e+00
6.571057546036270826e-03 1.336212998255284550e-10 3.000000000000000000e+00
6.693469712958660493e-03 1.839599157042830672e-10 3.000000000000000444e+00
6.818162294944479437e-03 2.527136291847789076e-10 3.000000000000000888e+00
6.945177773823696388e-03 3.464287090981334095e-10 3.000000000000000888e+00
7.074559422819878297e-03 4.739258134847138982e-10 3.000000000000000888e+00
7.206351321293052656e-03 6.470369325194706998e-10 3.000000000000000000e+00
7.340598369757212090e-03 8.815824438193063855e-10 3.000000000000000000e+00
7.477346305177588227e-03 1.198704343450086898e-09 3.000000000000000888e+00
7.616641716552892058e-03 1.626617714567186191e-09 2.999999999999999112e+00
7.758532060787835978e-03 2.202936633649049706e-09 3.000000000000000000e+00
7.903065678861348128e-03 2.977770936015619257e-09 3.000000000000000444e+00
8.050291812295981564e-03 4.017856518266783054e-09 3.000000000000000000e+00
8.200260619934130954e-03 5.411659608218547875e-09 2.999999999999999556e+00
8.353023195026778799e-03 7.275684012296619947e-09 3.000000000000000000e+00
8.508631582640582489e-03 9.763362497948278633e-09 3.000000000000000000e+00
8.667138797389234081e-03 1.307638080378251799e-08 3.000000000000000888e+00
8.828598841495149604e-03 1.747932626719834836e-08 3.000000000000000000e+00
8.993066723187623582e-03 2.331868485962063150e-08 3.000000000000000000e+00
9.160598475443709407e-03 3.104762562674861979e-08 2.999999999999999556e+00
9.331251175078249249e-03 4.125892074637744137e-08 2.999999999999999112e+00
9.505082962189511861e-03 5.472752048623170422e-08 3.000000000000000000e+00
9.682153059967075343e-03 7.246652115171655037e-08 2.999999999999999556e+00
9.862521794868784469e-03 9.580126826165262465e-08 2.999999999999999112e+00
1.004625061717340749e-02 1.264677584994800959e-07 2.999999999999999112e+00
1.023340212191641702e-02 1.667242894446073763e-07 3.000000000000000000e+00
1.042404007021556327e-02 2.194677088553070197e-07 2.999999999999998668e+00
1.061822941099384125e-02 2.884200692499219118e-07 2.999999999999999112e+00
1.081603630310709954e-02 3.783495685875551682e-07 2.999999999999998668e+00
1.101752813788386791e-02 4.953399824248750364e-07 3.000000000000000444e+00
1.122277356208507652e-02 6.471550287300423938e-07 3.000000000000000444e+00
1.143184250129149725e-02 8.437947420377075345e-07 2.999999999999999556e+00
1.164480618372686072e-02 1.098104365230257620e-06 2.999999999999999556e+00
1.186173716452478509e-02 1.426585382634925251e-06 3.000000000000000444e+00
1.208270935044776506e-02 1.850471957527863870e-06 2.999999999999999556e+00
1.230779802506665188e-02 2.396797199353791023e-06 3.000000000000000000e+00
1.253707987440920262e-02 3.099507003552925135e-06 2.999999999999999112e+00
1.277063301308643990e-02 4.001371188593396148e-06 2.999999999999999556e+00
1.300853701090571267e-02 5.156118801884264679e-06 2.999999999999999556e+00
1.325087291997953214e-02 6.631364685069949944e-06 2.999999999999998668e+00
1.349772330233941706e-02 8.513541494586958952e-06 2.999999999999999112e+00
1.374917225806419029e-02 1.091293650493764135e-05 2.999999999999999112e+00
1.400530545393219653e-02 1.397050220589930649e-05 2.999999999999999112e+00
1.426621015260736910e-02 1.786526150634393920e-05 2.999999999999999556e+00
1.453197524236895383e-02 2.281688080764811443e-05 3.000000000000000000e+00
1.480269126739508674e-02 2.909569233489941716e-05 3.000000000000000000e+00
1.507845045861051086e-02 3.703358982058876215e-05 3.000000000000000000e+00
1.535934676510897039e-02 4.704277715860512369e-05 3.000000000000000000e+00
1.564547588616095955e-02 5.964730534204205594e-05 3.000000000000000888e+00
1.593693530381774456e-02 7.550749175579895775e-05 3.000000000000000444e+00
1.623382431612278159e-02 9.545452220604907123e-05 2.999999999999999556e+00
1.653624407094180307e-02 1.205116152320388832e-04 2.999999999999999556e+00
1.684429760042315330e-02 1.519370291561585994e-04 2.999999999999999112e+00
1.715808985610004986e-02 1.912847738578776606e-04 3.000000000000000000e+00
1.747772774464680795e-02 2.404711732097826666e-04 2.999999999999999556e+00
1.780332016430113962e-02 3.018560492780199018e-04 2.999999999999999556e+00
1.813497804196495186e-02 3.783419559579948672e-04 3.000000000000000000e+00
1.847281437099634188e-02 4.734948191016750811e-04 3.000000000000000000e+00
1.881694424970555696e-02 5.916917152325794176e-04 2.999999999999999556e+00
1.916748492056815148e-02 7.383044223712504532e-04 3.000000000000000000e+00
1.952455581016860828e-02 9.199261144889796585e-04 3.000000000000000444e+00
1.988827856988809734e-02 1.144653560714609325e-03 3.000000000000000000e+00
2.025877711735016989e-02 1.422427747745680458e-03 3.000000000000000888e+00
2.063617767863858837e-02 1.765305513662484942e-03 3.000000000000000000e+00
2.102060883130158278e-02 2.187868681709006016e-03 3.000000000000000000e+00
2.141220154815729262e-02 2.707794426333472778e-03 3.000000000000000444e+00
2.181108924191518805e-02 3.346481830256898930e-03 3.000000000000000444e+00
2.221740781062883641e-02 4.129802607116504765e-03 3.000000000000000000e+00
2.263129568399528321e-02 5.089004205373906520e-03 2.999999999999999556e+00
2.305289387051707301e-02 6.261800095735474761e-03 3.000000000000000000e+00
2.348234600554275145e-02 7.693691935113950581e-03 3.000000000000000000e+00
2.391979840020238418e-02 9.439581542655698862e-03 3.000000000000000000e+00
2.436540009125464853e-02 1.156574843731639386e-02 2.999999999999999112e+00
2.481930289186254010e-02 1.415229275455376530e-02 2.999999999999999112e+00
2.528166144331499277e-02 1.729607772862815085e-02 3.000000000000000000e+00
2.575263326771199887e-02 2.111274750437998685e-02 3.000000000000000000e+00
2.623237882163122203e-02 2.573976387648048772e-02 3.000000000000000000e+00
2.672106155079433804e-02 3.134127569650752010e-02 2.999999999999999556e+00
2.721884794575178332e-02 3.811317169205916122e-02 2.999999999999999112e+00
2.772590759860482645e-02 4.628909801836041116e-02 2.999999999999999556e+00
2.824241326078434297e-02 5.614768982303603578e-02 2.999999999999999556e+00
2.876854090190592711e-02 6.802131112680924463e-02 2.999999999999999112e+00
2.930446976972142861e-02 8.230668578038949357e-02 2.999999999999999556e+00
2.985038245118730796e-02 9.947792076518512105e-02 3.000000000000000000e+00
3.040646493467067182e-02 1.201013803733219087e-01 2.999999999999999556e+00
3.097290667331408301e-02 1.448418200255530419e-01 2.999999999999999556e+00
3.154990064958086704e-02 1.744780272234968399e-01 2.999999999999999556e+00
3.213764344100276948e-02 2.099261778312741245e-01 2.999999999999999556e+00
3.273633528715245988e-02 2.522624281911530209e-01 3.000000000000000000e+00
3.334618015786364187e-02 3.027490586283536622e-01 3.000000000000000000e+00
3.396738582272208068e-02 3.628648848352208356e-01 3.000000000000000000e+00
3.460016392185108480e-02 4.343407777429236782e-01 3.000000000000000444e+00
3.524473003801584237e-02 5.192013628701611649e-01 3.000000000000000444e+00
3.590130377007068330e-02 6.198142758203560865e-01 3.000000000000000444e+00
3.657010880777489259e-02 7.389487563200562992e-01 2.999999999999999112e+00
3.725137300800209633e-02 8.798459018359667816e-01 3.000000000000000444e+00
3.794532847236938011e-02 1.046303617370657024e+00 2.999999999999999112e+00
3.865221162631261864e-02 1.242780249841014983e+00 2.999999999999999112e+00
3.937226329963479377e-02 1.474522164210003261e+00 3.000000000000000000e+00
4.010572880855495931e-02 1.747722059406264350e+00 3.000000000000000000e+00
4.085285803928561527e-02 2.069621521961277022e+00 3.000000000000000000e+00
4.161390553316707264e-02 2.448468286319340326e+00 2.999999999999999556e+00
4.238913057338778573e-02 2.893773637610983052e+00 3.000000000000000000e+00
4.317879727332021161e-02 3.416529242635626851e+00 3.000000000000000000e+00
4.398317466650223523e-02 4.029424533810902709e+00 3.000000000000000000e+00
4.480253679829489938e-02 4.747097426816623944e+00 3.000000000000000000e+00
4.563716281924758839e-02 5.586425073912434591e+00 2.999999999999999112e+00
4.648733708020256344e-02 6.566863232408963746e+00 3.000000000000000000e+00
4.735334922917116413e-02 7.710845292678861540e+00 3.000000000000001332e+00
4.823549431001467047e-02 9.044255242868395328e+00 3.000000000000000444e+00
4.913407286296361809e-02 1.059699308538358409e+01 3.000000000000000444e+00
5.004939102700953213e-02 1.240365674606220026e+01 3.000000000000000444e+00
5.098176064420424647e-02 1.450408109411286972e+01 3.000000000000000444e+00
5.193149936590212012e-02 1.694322265701972796e+01 3.000000000000000888e+00
5.289893076098151070e-02 1.977223949362848643e+01 3.000000000000001332e+00
5.388438442608223938e-02 2.304950529125567726e+01 3.000000000000000444e+00
5.488819609789671872e-02 2.684161390624636567e+01 3.000000000000000444e+00
5.591070776755290017e-02 3.122455100961135699e+01 3.000000000000000888e+00
5.695226779712821846e-02 3.628507262196488625e+01 3.000000000000000000e+00
5.801323103833375128e-02 4.212234201774810316e+01 3.000000000000001332e+00
5.909395895340967958e-02 4.884989167618259387e+01 3.000000000000000444e+00
6.019481973827271043e-02 5.659799177238840429e+01 2.999999999999999556e+00
6.131618844795772016e-02 6.551480809045615672e+01 3.000000000000000444e+00
6.245844712439614643e-02 7.576544435304266756e+01 3.000000000000000444e+00
6.362198492657485105e-02 8.753612272461431587e+01 3.000000000000000000e+00
6.480719826311967524e-02 1.010374022878321085e+02 2.999999999999999556e+00
6.601449092734885948e-02 1.165074158775190369e+02 2.999999999999999556e+00
6.724427423484245769e-02 1.342156611184697397e+02 3.000000000000000444e+00
6.849696716357443760e-02 1.544674834387851092e+02 3.000000000000000000e+00
6.977299649665534564e-02 1.776094286731554917e+02 3.000000000000000444e+00
7.107279696773415034e-02 2.040343336219955859e+02 3.000000000000000000e+00
7.239681140910873836e-02 2.341785585354114403e+02 2.999999999999999556e+00
7.374549090259549522e-02 2.685288610722964791e+02 3.000000000000000888e+00
7.511929493320965157e-02 3.076318232160370485e+02 3.000000000000000000e+00
7.651869154570821452e-02 3.521016237132404285e+02 3.000000000000000000e+00
7.794415750404946885e-02 4.026291878879374053e+02 3.000000000000000444e+00
7.939617845382279659e-02 4.599930828683977779e+02 3.000000000000000444e+00
8.087524908770453436e-02 5.250714882468163296e+02 3.000000000000001332e+00
8.238187331399605962e-02 5.988377988090943518e+02 3.000000000000000000e+00
8.391656442830157381e-02 6.823670564121101734e+02 3.000000000000001332e+00
8.547984528840409102e-02 7.768590134968641223e+02 3.000000000000000444e+00
8.707224849239916797e-02 8.836542396349981345e+02 3.000000000000000000e+00
8.869431656014709064e-02 1.004252796826780468e+03 3.000000000000000000e+00
9.034660211810524588e-02 1.140336472075568963e+03 3.000000000000000000e+00
9.202966808760409956e-02 1.293775940251586235e+03 2.999999999999999556e+00
9.374408787662991127e-02 1.466619875363907113e+03 3.000000000000000000e+00
9.549044557518077125e-02 1.661139257040672874e+03 2.999999999999999556e+00
9.726933615426168467e-02 1.879859451198147781e+03 2.999999999999999556e+00
9.908136566858666283e-02 2.125593335243521324e+03 3.000000000000000444e+00
1.009271514630570854e-01 2.401478723353456189e+03 2.999999999999999556e+00
1.028073223830864719e-01 2.710966141990591950e+03 3.000000000000000444e+00
1.047225189888434382e-01 3.057828007998670273e+03 3.000000000000000000e+00
1.066733937734857113e-01 3.446236927168821239e+03 3.000000000000000000e+00
1.086606113854596822e-01 3.880817920439827958e+03 3.000000000000000000e+00
1.106848488549412035e-01 4.366707509282980936e+03 2.999999999999999556e+00
1.127467958244946084e-01 4.909552041987392840e+03 3.000000000000000444e+00
1.148471547840289042e-01 5.515491468690240254e+03 3.000000000000000000e+00
1.169866413101306873e-01 6.191288004294814527e+03 3.000000000000000000e+00
1.191659843098558796e-01 6.944411612123603845e+03 2.999999999999999556e+00
1.213859262690627772e-01 7.783122794740459540e+03 3.000000000000000444e+00
1.236472235053715091e-01 8.716414170689413368e+03 3.000000000000000000e+00
1.259506464258357550e-01 9.754069633904882721e+03 2.999999999999999112e+00
1.282969797894147612e-01 1.090684869004765642e+04 3.000000000000000444e+00
1.306870229743346268e-01 1.218661170755237436e+04 2.999999999999998668e+00
1.331215902504307713e-01 1.360632214063029642e+04 3.000000000000000000e+00
1.356015110565633452e-01 1.517998982350600272e+04 2.999999999999999556e+00
1.381276302832009362e-01 1.692295486208605507e+04 2.999999999999999556e+00
1.407008085602685088e-01 1.885207603014884080e+04 2.999999999999999112e+00
1.433219225503573890e-01 2.098572563165886459e+04 2.999999999999999112e+00
1.459918652473978506e-01 2.334368560976719527e+04 2.999999999999999556e+00
1.487115462808953625e-01 2.594754992258791390e+04 3.000000000000000444e+00
1.514818922258345801e-01 2.882097208890024194e+04 3.000000000000000000e+00
1.543038469183564687e-01 3.198961001833808405e+04 3.000000000000000000e+00
1.571783717773162781e-01 3.548125795752146951e+04 3.000000000000000444e+00
1.601064461318317811e-01 3.932634321271723456e+04 3.000000000000000000e+00
1.630890675549332702e-01 4.355797461999150255e+04 3.000000000000000000e+00
1.661272522034293042e-01 4.821120654845647368e+04 3.000000000000000000e+00
1.692220351641037235e-01 5.332378925635369524e+04 3.000000000000000444e+00
1.723744708063619790e-01 5.893668603112179699e+04 3.000000000000000444e+00
1.755856331414468730e-01 6.509445565000144416e+04 3.000000000000000444e+00
1.788566161883461958e-01 7.184571967891886015e+04 3.000000000000000444e+00
1.821885343465165230e-01 7.924360774501391279e+04 3.000000000000000888e+00
1.855825227755517060e-01 8.734475488610267348e+04 3.000000000000000000e+00
1.890397377819219571e-01 9.620964897020741773e+04 3.000000000000000444e+00
1.925613572129196704e-01 1.059039873326052184e+05 2.999999999999999556e+00
1.961485808579429280e-01 1.164993955498538999e+05 3.000000000000000000e+00
1.998026308572548593e-01 1.280742915136996162e+05 3.000000000000000444e+00
2.035247521183575770e-01 1.407137094557116507e+05 3.000000000000000000e+00
2.073162127401229071e-01 1.545046313716841687e+05 2.999999999999999556e+00
2.111783044448242164e-01 1.695384375071518298e+05 2.999999999999999556e+00
2.151123430182164953e-01 1.859126894080492784e+05 2.999999999999999556e+00
2.191196687578147451e-01 2.037316680784221680e+05 2.999999999999999112e+00
2.232016469295232397e-01 2.231070348842118692e+05 2.999999999999999112e+00
2.273596682327715113e-01 2.441586494489166944e+05 2.999999999999999556e+00
2.315951492743152096e-01 2.670155861658341601e+05 2.999999999999999556e+00
2.359095330508633737e-01 2.918174000064142747e+05 3.000000000000000888e+00
2.403042894406967056e-01 3.187157031747568981e+05 2.999999999999999556e+00
2.447809157044440187e-01 3.478761272919609910e+05 3.000000000000000444e+00
2.493409369951877785e-01 3.794807617875349824e+05 3.000000000000000000e+00
2.539859068780723761e-01 4.137279206937839044e+05 2.999999999999999556e+00
2.587174078595921300e-01 4.508150388624613406e+05 3.000000000000000888e+00
2.635370519267393186e-01 4.909449508248151396e+05 3.000000000000000444e+00
2.684464810961962322e-01 5.343329209199281177e+05 2.999999999999999556e+00
2.734473679737579599e-01 5.812078374460805207e+05 3.000000000000000888e+00
2.785414163241766161e-01 6.318136900102850050e+05 3.000000000000000444e+00
2.837303616516211324e-01 6.864114206263482338e+05 3.000000000000000444e+00
2.890159717909508430e-01 7.452812414421190042e+05 3.000000000000000444e+00
2.944000475100033709e-01 8.087255307846097276e+05 3.000000000000000888e+00
2.998844231231027613e-01 8.770724416856117314e+05 3.000000000000000444e+00
3.054709671159968054e-01 9.506732448035172420e+05 3.000000000000000444e+00
3.111615827824359970e-01 1.029877898836571956e+06 3.000000000000000000e+00
3.169582088726115021e-01 1.115049480908381054e+06 2.999999999999999556e+00
3.228628202536730218e-01 1.206572862665059976e+06 3.000000000000000000e+00
3.288774285825510346e-01 1.304857454910471337e+06 3.000000000000000444e+00
3.350040829913132900e-01 1.410340674789317884e+06 3.000000000000000000e+00
3.412448707852889229e-01 1.523492304145432310e+06 2.999999999999999556e+00
3.476019181541977754e-01 1.644819939873384777e+06 2.999999999999999556e+00
3.540773908965269556e-01 1.774872607680223882e+06 2.999999999999999556e+00
3.606734951574028236e-01 1.914203712333781412e+06 3.000000000000000888e+00
3.673924781802074269e-01 2.063370298011379782e+06 3.000000000000000444e+00
3.742366290721980682e-01 2.222960403993237298e+06 3.000000000000000444e+00
3.812082795843887983e-01 2.393598030316484626e+06 3.000000000000000888e+00
3.883098049059605095e-01 2.575948673665708397e+06 3.000000000000000444e+00
3.955436244734701345e-01 2.770726290995385498e+06 3.000000000000000000e+00
4.029122027951347884e-01 2.978700955432449467e+06 3.000000000000000444e+00
4.104180502904709038e-01 3.200663549644117244e+06 2.999999999999999112e+00
4.180637241455757991e-01 3.437397952301031444e+06 2.999999999999999556e+00
4.258518291843414461e-01 3.689727136591257993e+06 3.000000000000000000e+00
4.337850187558989212e-01 3.958523215162237640e+06 3.000000000000000000e+00
4.418659956385941334e-01 4.244715769018358551e+06 2.999999999999999556e+00
4.500975129608046355e-01 4.549302312871173024e+06 3.000000000000000444e+00
4.584823751389096036e-01 4.873339072910142131e+06 2.999999999999999556e+00
4.670234388327330621e-01 5.217875748418150470e+06 2.999999999999999556e+00
4.757236139187884794e-01 5.584004665051594377e+06 2.999999999999999112e+00
4.845858644816490868e-01 5.972888425812905654e+06 3.000000000000000000e+00
4.936132098237911991e-01 6.385773158963178284e+06 2.999999999999999556e+00
5.028087254942474882e-01 6.824003813743093051e+06 3.000000000000000000e+00
5.121755443364236493e-01 7.288946652457818389e+06 2.999999999999999556e+00
5.217168575554343990e-01 7.781892402953458019e+06 3.000000000000000888e+00
5.314359158053235666e-01 8.304169475003447384e+06 3.000000000000000000e+00
5.413360302965375404e-01 8.857165386568740010e+06 3.000000000000000000e+00
5.514205739240296555e-01 9.442337602179400623e+06 3.000000000000000444e+00
5.616929824163804374e-01 1.006122744837835617e+07 2.999999999999999556e+00
5.721567555063246102e-01 1.071547772458291054e+07 3.000000000000000444e+00
5.828154581230839959e-01 1.140685472644950449e+07 3.000000000000000444e+00
5.936727216069119795e-01 1.213727551513854787e+07 2.999999999999999112e+00
6.047322449462643190e-01 1.290883411793099903e+07 3.000000000000000000e+00
6.159977960380161877e-01 1.372357951590230875e+07 2.999999999999999112e+00
6.274732129711574347e-01 1.458337794312384538e+07 2.999999999999999556e+00
6.391624053343999412e-01 1.549015038587773778e+07 2.999999999999999112e+00
6.510693555481454897e-01 1.644590351165165007e+07 3.000000000000000000e+00
6.631981202212668958e-01 1.745274844400351122e+07 3.000000000000000444e+00
6.755528315331639222e-01 1.851292457834257931e+07 3.000000000000000000e+00
6.881376986415662644e-01 1.962882938085910678e+07 2.999999999999999556e+00
7.009570091165617800e-01 2.080305521468877047e+07 3.000000000000000444e+00
7.140151304013395706e-01 2.203829439081605896e+07 3.000000000000000444e+00
7.273165113001454074e-01 2.333699500924240053e+07 3.000000000000000888e+00
7.408656834939559843e-01 2.470162652177984267e+07 3.000000000000000888e+00
7.546672630843886953e-01 2.613477977612278610e+07 3.000000000000000888e+00
7.687259521663728501e-01 2.763919776054216549e+07 3.000000000000000000e+00
7.830465404301183430e-01 2.921781401641552523e+07 3.000000000000000444e+00
7.976339067929273385e-01 3.087380005849597603e+07 3.000000000000000444e+00
8.124930210614047521e-01 3.261053068013581261e+07 3.000000000000000000e+00
8.276289456246344045e-01 3.443105929510512203e+07 3.000000000000000000e+00
8.430468371788967241e-01 3.633834299625198543e+07 3.000000000000000000e+00
8.587519484845170803e-01 3.833547853020583838e+07 2.999999999999999556e+00
8.747496301554414933e-01 4.042574269057460874e+07 3.000000000000000000e+00
8.910453324821513421e-01 4.261264187230416387e+07 2.999999999999999112e+00
9.076446072885356875e-01 4.489996043056353182e+07 2.999999999999999112e+00
9.245531098233570333e-01 4.729145850187908113e+07 2.999999999999999556e+00
9.417766006869519035e-01 4.979075391419267654e+07 2.999999999999999556e+00
9.593209477938241525e-01 5.240168901601137966e+07 3.000000000000000444e+00
9.771921283717996953e-01 5.512841674289593846e+07 3.000000000000000000e+00
9.953962309984233370e-01 5.797548198330231756e+07 3.000000000000000444e+00
1.013939457675291811e+00 6.094776996641716361e+07 3.000000000000000888e+00
1.032828125941028574e+00 6.404931674547637254e+07 3.000000000000001332e+00
1.052068671023622892e+00 6.728361314595930278e+07 3.000000000000000000e+00
1.071667648032863296e+00 7.065419964989599586e+07 3.000000000000000000e+00
1.091631734193614811e+00 7.416470772770832479e+07 3.000000000000000888e+00
1.111967731120699021e+00 7.781890677223391831e+07 3.000000000000000000e+00
1.132682567136153784e+00 8.162076354119414091e+07 3.000000000000000888e+00
1.153783299629660863e+00 8.557451609513334930e+07 3.000000000000000444e+00
1.175277117462945276e+00 8.968476446247076988e+07 3.000000000000000444e+00
1.197171343418965694e+00 9.395658054750894010e+07 3.000000000000000444e+00
1.219473436696737023e+00 9.839564013293941319e+07 3.000000000000000000e+00
1.242190995452616242e+00 1.030083802310307026e+08 3.000000000000000444e+00
1.265331759388941713e+00 1.078019725270989537e+08 3.000000000000000444e+00
1.288903612390891462e+00 1.127819674894180596e+08 3.000000000000000888e+00
1.312914585212463958e+00 1.179525213876140118e+08 3.000000000000000000e+00
1.337372858212495075e+00 1.233178442432559133e+08 3.000000000000000888e+00
1.362286764141645401e+00 1.288822883832226247e+08 3.000000000000000444e+00
1.387664790981307128e+00 1.346504260991327465e+08 2.999999999999999556e+00
1.413515584835394190e+00 1.406271457197643220e+08 3.000000000000000000e+00
1.439847952876006643e+00 1.468177687884936333e+08 2.999999999999999556e+00
1.466670866343967150e+00 1.532281913583785892e+08 3.000000000000000444e+00
1.493993463605256311e+00 1.598650527930803597e+08 3.000000000000000444e+00
1.521825053264385552e+00 1.667355804816184044e+08 3.000000000000000444e+00
1.550175117335768737e+00 1.738450999636307955e+08 3.000000000000000444e+00
1.579053314474174297e+00 1.811979150472603738e+08 3.000000000000000444e+00
1.608469483265355215e+00 1.887985272557069361e+08 3.000000000000000444e+00
1.638433645577983100e+00 1.966517561580915749e+08 3.000000000000000000e+00
1.668956009978023181e+00 2.047628771046876907e+08 3.000000000000000444e+00
1.700046975206716438e+00 2.131377868119721115e+08 3.000000000000000444e+00
1.731717133723352786e+00 2.217832005285691619e+08 3.000000000000000000e+00
1.763977275314043469e+00 2.307068191992045939e+08 3.000000000000000000e+00
1.796838390767719229e+00 2.399153578587347567e+08 3.000000000000000000e+00
1.830311675620611256e+00 2.494135873532473743e+08 2.999999999999999556e+00
1.864408533970485227e+00 2.592065414399193823e+08 3.000000000000000444e+00
1.899140582361933616e+00 2.692998279905430079e+08 3.000000000000000444e+00
1.934519653744044332e+00 2.796998313299646378e+08 3.000000000000000888e+00
1.970557801501798378e+00 2.904139514375824928e+08 3.000000000000000888e+00
2.007267303562568106e+00 3.014508745378715396e+08 3.000000000000000444e+00
2.044660666579115826e+00 3.128184937455017567e+08 3.000000000000000888e+00
2.082750630190514318e+00 3.245202565589306951e+08 3.000000000000000444e+00
2.121550171362450055e+00 3.365589151817253828e+08 3.000000000000000444e+00
2.161072508808376647e+00 3.489372964552498460e+08 3.000000000000000444e+00
2.201331107493030181e+00 3.616584451308976412e+08 3.000000000000000888e+00
2.242339683219845003e+00 3.747257978002448678e+08 3.000000000000000444e+00
2.284112207303823361e+00 3.881433912988356352e+08 3.000000000000000444e+00
2.326662911331458083e+00 4.019161097726638913e+08 3.000000000000000000e+00
2.370006292009327886e+00 4.160499750315580964e+08 3.000000000000000444e+00
2.414157116103017753e+00 4.305524853300275207e+08 3.000000000000000000e+00
2.459130425468043946e+00 4.454330083397790194e+08 3.000000000000000000e+00
2.504941542174502267e+00 4.607032319263119698e+08 2.999999999999999556e+00
2.551606073727183954e+00 4.763742672740235329e+08 3.000000000000000000e+00
2.599139918382932901e+00 4.924492209995368123e+08 2.999999999999999112e+00
2.647559270567066747e+00 5.089296427163442373e+08 3.000000000000000444e+00
2.696880626390692370e+00 5.258172882749405503e+08 3.000000000000000888e+00
2.747120789270811603e+00 5.431143230550822020e+08 3.000000000000000000e+00
2.798296875655115645e+00 5.608235639974036217e+08 3.000000000000000000e+00
2.850426320853434614e+00 5.789487648527202606e+08 3.000000000000000000e+00
2.903526884977813971e+00 5.974949495612145662e+08 3.000000000000000888e+00
2.957616658993253544e+00 6.164687991851608753e+08 3.000000000000000888e+00
3.012714070881164385e+00 6.358790729037250280e+08 3.000000000000000444e+00
3.068837891917642224e+00 6.557330702444114685e+08 3.000000000000000444e+00
3.126007243068700259e+00 6.760314331982179880e+08 3.000000000000000444e+00
3.184241601504649744e+00 6.967742661669074297e+08 3.000000000000000444e+00
3.243560807235807975e+00 7.179623189159084558e+08 3.000000000000000888e+00
3.303985069871854918e+00 7.395972989991207123e+08 3.000000000000000000e+00
3.365534975507090909e+00 7.616822354995388985e+08 3.000000000000000444e+00
3.428231493733967294e+00 7.842218995916218758e+08 3.000000000000000444e+00
3.492095984787267682e+00 8.072232880122307539e+08 3.000000000000000000e+00
3.557150206821382277e+00 8.306946351591205597e+08 2.999999999999999556e+00
3.623416323323146226e+00 8.546377816712354422e+08 2.999999999999999556e+00
3.690916910662774608e+00 8.790525186544964314e+08 2.999999999999999556e+00
3.759674965785463563e+00 9.039398050266586542e+08 3.000000000000000000e+00
3.829713914046277257e+00 9.293021832091547251e+08 3.000000000000000444e+00
3.901057617190989202e+00 9.551442524018031359e+08 3.000000000000000444e+00
3.973730381485604202e+00 9.814732098081486225e+08 3.000000000000000444e+00
4.047756965997318268e+00 1.008298548645144224e+09 3.000000000000000000e+00
4.123162591029748469e+00 1.035621170888564110e+09 3.000000000000000000e+00
4.199972946715301525e+00 1.063434777398841739e+09 2.999999999999999556e+00
4.278214201767612579e+00 1.091733112461573839e+09 3.000000000000000000e+00
4.357913012397025554e+00 1.120510410431389570e+09 3.000000000000000444e+00
4.439096531392166867e+00 1.149761743531529188e+09 2.999999999999999556e+00
4.521792417370697592e+00 1.179483424509247780e+09 2.999999999999999556e+00
4.606028844202397998e+00 1.209673469463577271e+09 3.000000000000000444e+00
4.691834510607794329e+00 1.240332126624594688e+09 2.999999999999999556e+00
4.779238649935595440e+00 1.271462477420412779e+09 2.999999999999999112e+00
4.868271040122278848e+00 1.303071116848622799e+09 3.000000000000000000e+00
4.958962013837211913e+00 1.335168921011220455e+09 2.999999999999999556e+00
5.051342468816761411e+00 1.367770991926921129e+09 3.000000000000000000e+00
5.145443878390924652e+00 1.400880828693676949e+09 3.000000000000000000e+00
5.241298302206056192e+00 1.434489156597622633e+09 3.000000000000000444e+00
5.338938397147350301e+00 1.468586737722785234e+09 3.000000000000000888e+00
5.438397428464796235e+00 1.503165196599202156e+09 3.000000000000000000e+00
5.539709281106400596e+00 1.538217443586348057e+09 3.000000000000000000e+00
5.642908471262536807e+00 1.573738159159014225e+09 3.000000000000000000e+00
5.748030158125351008e+00 1.609724344676199198e+09 2.999999999999999556e+00
5.855110155867238042e+00 1.646175945711535692e+09 2.999999999999999556e+00
5.964184945842459840e+00 1.683096554628793240e+09 3.000000000000000000e+00
6.075291689016070862e+00 1.720492866029507637e+09 3.000000000000000000e+00
6.188468238624382778e+00 1.758360849337934256e+09 3.000000000000000000e+00
6.303753153071275150e+00 1.796688840581768274e+09 2.999999999999999556e+00
6.421185709064758385e+00 1.835466378777019262e+09 3.000000000000000000e+00
6.540805914998252923e+00 1.874684851963392496e+09 3.000000000000000444e+00
6.662654524581149929e+00 1.914338069870498896e+09 3.000000000000000444e+00
6.786773050723295064e+00 1.954422909514824629e+09 3.000000000000000444e+00
6.913203779678127603e+00 1.994940040134862661e+09 3.000000000000000000e+00
7.041989785449288775e+00 2.035894582204595327e+09 3.000000000000000000e+00
7.173174944465612768e+00 2.077286870677066088e+09 3.000000000000000000e+00
7.306803950529499936e+00 2.119104605470395803e+09 3.000000000000000000e+00
7.442922330043757917e+00 2.161335905981015205e+09 2.999999999999999556e+00
7.581576457522110069e+00 2.203971190456943512e+09 3.000000000000000444e+00
7.722813571388642551e+00 2.247003807173607349e+09 3.000000000000000000e+00
7.866681790071582192e+00 2.290430741830499649e+09 2.999999999999999112e+00
8.013230128396878982e+00 2.334253404298875809e+09 3.000000000000000000e+00
8.162508514287219796e+00 2.378472125236488819e+09 3.000000000000000000e+00
8.314567805772055564e+00 2.423071809670412540e+09 2.999999999999999556e+00
8.469459808314576676e+00 2.468035397407218456e+09 3.000000000000000444e+00
8.627237292461440887e+00 2.513347797097148895e+09 2.999999999999999556e+00
8.787954011821311084e+00 2.558996483325629711e+09 3.000000000000000000e+00
8.951664721378293166e+00 2.604972165082950592e+09 3.000000000000000888e+00
9.118425196146562328e+00 2.651269531354615211e+09 3.000000000000000444e+00
9.288292250172489162e+00 2.697888080124412060e+09 3.000000000000000888e+00
9.461323755890759912e+00 2.744833037763246059e+09 3.000000000000000444e+00
9.637578663841079418e+00 2.792116376630121708e+09 3.000000000000000444e+00
9.817117022752183786e+00 2.839757939778266907e+09 3.000000000000000444e+00
1.000000000000000000e+01 2.887786683000002384e+09 3.000000000000000000e+00
