# Source: PRIMAT compilation, https://doi.org/10.1016/j.physrep.2018.04.005
1.000000000000000021e-03 1.000000000000000008e-35 1.000000000000000000e+02
1.018628990244687619e-03 9.779252341674285801e-36 1.000000000000000000e+02
1.037605019766911670e-03 9.560411464226691974e-36 1.000000000000000995e+02
1.056934553557988335e-03 9.343576584766115129e-36 1.000000000000000000e+02
1.076624177045493267e-03 9.128846084819755279e-36 1.000000000000000000e+02
1.096680598336868600e-03 8.916317348187511467e-36 1.000000000000000000e+02
1.117110650504824203e-03 8.706086598409263410e-36 1.000000000000000000e+02
1.137921293915315117e-03 8.498248736565563183e-36 1.000000000000000000e+02
1.159119618598885779e-03 8.292897180185200278e-36 1.000000000000000000e+02
1.180712846666190276e-03 8.090123704086022821e-36 1.000000000000000995e+02
1.202708334768511989e-03 7.890018284018516081e-36 1.000000000000000995e+02
1.225113576604118949e-03 7.692668944044223538e-36 1.000000000000000995e+02
1.247936205471311460e-03 7.498161608622451464e-36 1.000000000000000000e+02
1.271183996869028896e-03 7.306579960436386927e-36 1.000000000000001990e+02
1.294864871145904933e-03 7.118005305042194746e-36 1.000000000000000995e+02
1.318986896198670470e-03 6.932516443467272182e-36 1.000000000000001990e+02
1.343558290220826226e-03 6.750189553954795333e-36 1.000000000000000995e+02
1.368587424502519176e-03 6.571098084085933357e-36 1.000000000000000995e+02
1.394082826282578647e-03 6.395312654583879328e-36 1.000000000000000995e+02
1.420053181653683095e-03 6.222900976153362186e-36 1.000000000000000995e+02
1.446507338521647217e-03 6.053927780771478067e-36 1.000000000000000995e+02
1.473454309619835756e-03 5.888454768920539474e-36 1.000000000000000995e+02
1.500903275579736594e-03 5.726540574318071033e-36 1.000000000000000995e+02
1.528863588058731147e-03 5.568240747785266591e-36 1.000000000000000000e+02
1.557344772926135207e-03 5.413607761990107536e-36 1.000000000000000995e+02
1.586356533508589657e-03 5.262691038902116166e-36 1.000000000000000995e+02
1.615908753895919101e-03 5.115537001923888322e-36 1.000000000000000995e+02
1.646011502308549748e-03 4.972189154808321581e-36 1.000000000000000995e+02
1.676675034527699143e-03 4.832688189641480768e-36 1.000000000000000995e+02
1.707909797389426916e-03 4.697072126377458912e-36 1.000000000000001990e+02
1.739726432343800767e-03 4.565376486655947189e-36 1.000000000000000000e+02
1.772135779080358372e-03 4.437634504929488756e-36 1.000000000000000995e+02
1.805148879221108154e-03 4.313877380283262564e-36 1.000000000000000995e+02
1.838776980082326793e-03 4.194134572760057956e-36 1.000000000000000000e+02
1.873031538506436536e-03 4.078434148522824568e-36 1.000000000000001990e+02
1.907924224765265072e-03 3.966803178821127153e-36 1.000000000000000995e+02
1.943466926536020246e-03 3.859268198484464508e-36 1.000000000000000995e+02
1.979671752951332481e-03 3.755855730600846649e-36 1.000000000000000995e+02
2.016551038724746607e-03 3.656592885155749536e-36 1.000000000000000000e+02
2.054117348353064112e-03 3.561508040776919192e-36 1.000000000000001990e+02
2.092383480396977150e-03 3.470631620394649901e-36 1.000000000000000995e+02
2.131362471841437810e-03 3.383996973645564262e-36 1.000000000000000995e+02
2.171067602537264923e-03 3.301641381326342842e-36 1.000000000000000995e+02
2.211512399725488933e-03 3.223607200214864940e-36 1.000000000000000000e+02
2.252710642645980484e-03 3.149943170277372339e-36 1.000000000000000000e+02
2.294676367231936100e-03 3.080705910817043466e-36 1.000000000000000995e+02
2.337423870891814758e-03 3.015961637700937996e-36 1.000000000000000995e+02
2.380967717380358135e-03 2.955788140697217109e-36 1.000000000000000000e+02
2.425322741760352948e-03 2.900277068483694939e-36 1.000000000000000000e+02
2.470504055456825433e-03 2.849536579488813260e-36 1.000000000000000000e+02
2.516527051405391836e-03 2.803694429936622160e-36 1.000000000000000995e+02
2.563407409296514835e-03 2.762901587007833727e-36 1.000000000000000000e+02
2.611161100917459583e-03 2.727336475803776716e-36 1.000000000000000000e+02
2.659804395593758260e-03 2.697209995030461093e-36 1.000000000000000995e+02
2.709353865732051433e-03 2.672771469568401252e-36 1.000000000000000000e+02
2.759826392466180594e-03 2.654315750446916687e-36 1.000000000000000995e+02
2.811239171408464344e-03 2.642191726965615525e-36 1.000000000000000000e+02
2.863609718508115885e-03 2.636812585474106925e-36 1.000000000000000000e+02
2.916955876018795853e-03 2.638668239590516646e-36 9.999999999999994316e+01
2.971295818577334054e-03 2.648340474073781791e-36 1.000000000000000000e+02
3.026648059395692196e-03 2.666502635638385504e-36 1.000000000000000995e+02
3.083031456568277075e-03 2.693460377374168074e-36 1.000000000000000000e+02
3.140465219496752208e-03 2.729044709077073386e-36 9.999999999999994316e+01
3.198968915434537586e-03 2.773038348402254544e-36 9.999999999999994316e+01
3.258562476153226226e-03 2.825173703814645270e-36 1.000000000000000000e+02
3.319266204733189573e-03 2.885102887837551419e-36 1.000000000000000995e+02
3.381100782480685445e-03 2.952362583327051440e-36 1.000000000000000000e+02
3.444087275973823411e-03 3.026333342910151308e-36 9.999999999999994316e+01
3.508247144239792347e-03 3.106193209930196497e-36 1.000000000000000000e+02
3.573602246065788347e-03 3.190866044372473246e-36 9.999999999999994316e+01
3.640174847446141400e-03 3.278965675534296231e-36 9.999999999999994316e+01
3.707987629168172684e-03 3.368738041303271979e-36 1.000000000000000000e+02
3.777063694539364597e-03 3.458004858030114949e-36 1.000000000000000000e+02
3.847426577258505898e-03 3.544114113075425995e-36 9.999999999999994316e+01
3.919100249433401899e-03 3.623904747310150924e-36 1.000000000000000995e+02
3.992109129748053209e-03 3.693695169772066126e-36 1.000000000000000995e+02
4.066478091781853925e-03 3.750955043699795994e-36 1.000000000000000000e+02
4.142232472483897525e-03 3.802467327714993213e-36 1.000000000000000000e+02
4.219398080805024202e-03 3.859787137780306781e-36 1.000000000000000995e+02
4.298001206490798497e-03 3.936598359812555845e-36 1.000000000000000995e+02
4.378068629038166758e-03 4.049398634652803935e-36 1.000000000000000995e+02
4.459627626819095622e-03 4.218932366901757846e-36 1.000000000000000995e+02
4.542705986374042521e-03 4.472817688708556840e-36 1.000000000000000995e+02
4.627332011878692967e-03 4.850185422482220372e-36 1.000000000000000995e+02
4.713534534786906725e-03 5.409905446062973378e-36 1.000000000000000995e+02
4.801342923653449841e-03 6.245562402458040546e-36 1.000000000000000000e+02
4.890787094139589959e-03 7.513790104889985901e-36 1.000000000000000000e+02
4.981897519205159656e-03 9.490416124263510671e-36 1.000000000000000000e+02
5.074705239490466188e-03 1.267498199288350479e-35 1.000000000000000000e+02
5.169241873891598608e-03 1.790400297529382673e-35 1.000000000000000000e+02
5.265539630332755246e-03 2.665818717627371828e-35 1.000000000000000000e+02
5.363631316739239652e-03 4.167381997038830043e-35 1.000000000000000995e+02
5.463550352214875498e-03 6.808386846106965684e-35 1.000000000000000995e+02
5.565330778427646403e-03 1.156290354296702772e-34 1.000000000000000000e+02
5.669007271207434327e-03 2.029069396997616066e-34 1.000000000000000000e+02
5.774615152359819509e-03 3.653797018846059222e-34 1.000000000000000000e+02
5.882190401699956099e-03 6.699386508314790861e-34 1.000000000000000000e+02
5.991769669310619169e-03 1.239876489268961901e-33 1.000000000000000000e+02
6.103390288028621123e-03 2.297669775473891492e-33 1.000000000000000995e+02
6.217090286163826779e-03 4.263317730329939905e-33 1.000000000000000000e+02
6.332908400455114321e-03 7.943153212644956772e-33 1.000000000000000000e+02
6.450884089267692675e-03 1.490754795680560492e-32 1.000000000000000000e+02
6.571057546036270826e-03 2.828333735325832491e-32 1.000000000000000000e+02
6.693469712958660493e-03 5.446060126441919553e-32 1.000000000000000000e+02
6.818162294944479437e-03 1.068967409192529426e-31 1.000000000000000995e+02
6.945177773823696388e-03 2.149220772912048250e-31 1.000000000000000000e+02
7.074559422819878297e-03 4.448914798927001619e-31 1.000000000000000995e+02
7.206351321293052656e-03 9.497984732172330133e-31 1.000000000000000000e+02
7.340598369757212090e-03 2.088194096341221299e-30 1.000000000000000000e+02
7.477346305177588227e-03 4.719255487060792499e-30 1.000000000000000000e+02
7.616641716552892058e-03 1.093990361004261967e-29 9.999999999999990052e+01
7.758532060787835978e-03 2.594939392922983753e-29 1.000000000000000995e+02
7.903065678861348128e-03 6.280607843082136323e-29 1.000000000000000000e+02
8.050291812295981564e-03 1.546313454775754185e-28 1.000000000000000995e+02
8.200260619934130954e-03 3.877812065538212477e-28 9.999999999999994316e+01
8.353023195026778799e-03 9.994381329266402839e-28 1.000000000000000995e+02
8.508631582640582489e-03 2.675457114707137893e-27 1.000000000000000995e+02
8.667138797389234081e-03 7.526539183715974949e-27 1.000000000000000995e+02
8.828598841495149604e-03 2.254018769597007934e-26 1.000000000000000000e+02
8.993066723187623582e-03 7.288899914674844285e-26 1.000000000000000000e+02
9.160598475443709407e-03 2.563859676252048671e-25 1.000000000000000000e+02
9.331251175078249249e-03 9.512471499204675548e-25 1.000000000000000000e+02
9.505082962189511861e-03 3.556088698037910194e-24 1.000000000000000000e+02
9.682153059967075343e-03 1.272698858808652073e-23 9.999999999999994316e+01
9.862521794868784469e-03 4.119487543020645601e-23 9.999999999999994316e+01
1.004625061717340749e-02 1.132515585733012673e-22 9.999999999999994316e+01
1.023340212191641702e-02 2.559035498004756263e-22 9.999999999999994316e+01
1.042404007021556327e-02 4.933627851645023613e-22 9.999999999999990052e+01
1.061822941099384125e-02 8.540491224341417723e-22 9.999999999999994316e+01
1.081603630310709954e-02 1.406002361344483404e-21 9.999999999999984368e+01
1.101752813788386791e-02 2.347744065005585380e-21 1.000000000000000995e+02
1.122277356208507652e-02 4.188961287169612911e-21 1.000000000000000000e+02
1.143184250129149725e-02 7.946143091468181242e-21 9.999999999999994316e+01
1.164480618372686072e-02 1.573358794193630648e-20 9.999999999999990052e+01
1.186173716452478509e-02 3.185307653782403419e-20 1.000000000000000000e+02
1.208270935044776506e-02 6.444655920124881265e-20 9.999999999999990052e+01
1.230779802506665188e-02 1.286778781735386509e-19 1.000000000000000000e+02
1.253707987440920262e-02 2.547122836926206490e-19 9.999999999999994316e+01
1.277063301308643990e-02 5.031531741732994114e-19 1.000000000000000000e+02
1.300853701090571267e-02 9.992356253064587742e-19 9.999999999999994316e+01
1.325087291997953214e-02 2.007524671609776118e-18 1.000000000000000000e+02
1.349772330233941706e-02 4.077820659393954252e-18 1.000000000000000000e+02
1.374917225806419029e-02 8.354636326850479485e-18 9.999999999999994316e+01
1.400530545393219653e-02 1.721839452975495009e-17 1.000000000000000000e+02
1.426621015260736910e-02 3.561274114149229372e-17 1.000000000000000000e+02
1.453197524236895383e-02 7.391430615295226383e-17 9.999999999999994316e+01
1.480269126739508674e-02 1.540249916225949551e-16 1.000000000000000000e+02
1.507845045861051086e-02 3.224433737287101267e-16 9.999999999999994316e+01
1.535934676510897039e-02 6.783238158490722416e-16 1.000000000000000995e+02
1.564547588616095955e-02 1.433393993496017630e-15 1.000000000000000995e+02
1.593693530381774456e-02 3.040980222008494615e-15 1.000000000000000000e+02
1.623382431612278159e-02 6.473593442791063754e-15 1.000000000000000000e+02
1.653624407094180307e-02 1.382241375439588226e-14 1.000000000000000000e+02
1.684429760042315330e-02 2.959217198972760814e-14 9.999999999999994316e+01
1.715808985610004986e-02 6.349844837960839614e-14 1.000000000000000995e+02
1.747772774464680795e-02 1.365123452055309224e-13 1.000000000000000000e+02
1.780332016430113962e-02 2.939155041280004194e-13 1.000000000000000000e+02
1.813497804196495186e-02 6.334668792465645607e-13 1.000000000000000000e+02
1.847281437099634188e-02 1.366114862853084248e-12 1.000000000000000000e+02
1.881694424970555696e-02 2.946662917087441443e-12 1.000000000000000000e+02
1.916748492056815148e-02 6.354253171501140439e-12 1.000000000000000000e+02
1.952455581016860828e-02 1.369278728740971969e-11 1.000000000000000000e+02
1.988827856988809734e-02 2.947177971177543229e-11 1.000000000000000995e+02
2.025877711735016989e-02 6.332668022030681131e-11 1.000000000000000995e+02
2.063617767863858837e-02 1.357481134753123904e-10 1.000000000000000000e+02
2.102060883130158278e-02 2.900608185009991779e-10 1.000000000000000000e+02
2.141220154815729262e-02 6.172628160049251044e-10 1.000000000000000000e+02
2.181108924191518805e-02 1.306982904925602739e-09 1.000000000000000995e+02
2.221740781062883641e-02 2.750777194992913443e-09 1.000000000000000000e+02
2.263129568399528321e-02 5.748654413406421988e-09 1.000000000000000000e+02
2.305289387051707301e-02 1.191551768765672726e-08 1.000000000000000000e+02
2.348234600554275145e-02 2.446671807956314089e-08 1.000000000000000000e+02
2.391979840020238418e-02 4.970529013127546956e-08 1.000000000000000000e+02
2.436540009125464853e-02 9.977177540248367218e-08 9.999999999999990052e+01
2.481930289186254010e-02 1.975919856540393079e-07 1.000000000000000000e+02
2.528166144331499277e-02 3.855212769084564913e-07 1.000000000000000000e+02
2.575263326771199887e-02 7.404073495075884270e-07 9.999999999999994316e+01
2.623237882163122203e-02 1.399240105732338107e-06 1.000000000000000000e+02
2.672106155079433804e-02 2.601337564439727285e-06 9.999999999999994316e+01
2.721884794575178332e-02 4.756564453276280155e-06 9.999999999999990052e+01
2.772590759860482645e-02 8.553031186679855265e-06 9.999999999999990052e+01
2.824241326078434297e-02 1.512329203986793447e-05 9.999999999999994316e+01
2.876854090190592711e-02 2.629524595310043394e-05 9.999999999999990052e+01
2.930446976972142861e-02 4.496317502356970313e-05 9.999999999999984368e+01
2.985038245118730796e-02 7.562634360558488655e-05 9.999999999999994316e+01
3.040646493467067182e-02 1.251246811939653607e-04 9.999999999999994316e+01
3.097290667331408301e-02 2.031376020726571819e-04 9.999999999999990052e+01
3.154990064958086704e-02 3.222693565040247879e-04 9.999999999999994316e+01
3.213764344100276948e-02 4.973520600479366255e-04 9.999999999999994316e+01
3.273633528715245988e-02 7.429934968544320067e-04 9.999999999999994316e+01
3.334618015786364187e-02 1.068697569721055668e-03 9.999999999999994316e+01
3.396738582272208068e-02 1.471448676821729938e-03 1.000000000000000000e+02
3.460016392185108480e-02 1.927137518007834317e-03 1.000000000000000000e+02
3.524473003801584237e-02 2.384428491035991450e-03 1.000000000000000000e+02
3.590130377007068330e-02 2.766562262364556050e-03 1.000000000000000000e+02
3.657010880777489259e-02 2.986059017384925206e-03 9.999999999999994316e+01
3.725137300800209633e-02 2.972308210728277170e-03 1.000000000000000000e+02
3.794532847236938011e-02 2.703097020511951738e-03 1.000000000000000000e+02
3.865221162631261864e-02 2.223387045687617598e-03 9.999999999999994316e+01
3.937226329963479377e-02 1.636153392066626560e-03 1.000000000000000000e+02
4.010572880855495931e-02 1.064626185340397267e-03 1.000000000000000000e+02
4.085285803928561527e-02 6.089040198840922668e-04 1.000000000000000995e+02
4.161390553316707264e-02 3.097525851351162480e-04 9.999999999999994316e+01
4.238913057338778573e-02 1.425030440028914329e-04 1.000000000000000000e+02
4.317879727332021161e-02 6.042436549832691951e-05 1.000000000000000000e+02
4.398317466650223523e-02 2.412710036782543101e-05 1.000000000000000000e+02
4.480253679829489938e-02 9.294152099216506575e-06 1.000000000000000000e+02
4.563716281924758839e-02 3.549020808475966360e-06 9.999999999999994316e+01
4.648733708020256344e-02 1.384721041283607640e-06 1.000000000000000000e+02
4.735334922917116413e-02 5.709782751460501697e-07 1.000000000000000995e+02
4.823549431001467047e-02 2.583054517162579993e-07 1.000000000000000000e+02
4.913407286296361809e-02 1.336247112304507892e-07 1.000000000000000000e+02
5.004939102700953213e-02 8.274153983986545634e-08 1.000000000000000000e+02
5.098176064420424647e-02 6.361886086700330126e-08 1.000000000000000000e+02
5.193149936590212012e-02 6.028397234407266128e-08 1.000000000000000995e+02
5.289893076098151070e-02 6.902776773832859308e-08 1.000000000000000995e+02
5.388438442608223938e-02 9.336370523721146111e-08 1.000000000000000000e+02
5.488819609789671872e-02 1.453288338911002006e-07 1.000000000000000000e+02
5.591070776755290017e-02 2.527388308395641445e-07 1.000000000000000000e+02
5.695226779712821846e-02 4.748713245065810789e-07 1.000000000000000000e+02
5.801323103833375128e-02 9.282667058646040090e-07 1.000000000000000995e+02
5.909395895340967958e-02 1.809652222095791931e-06 1.000000000000000000e+02
6.019481973827271043e-02 3.356334210494742796e-06 9.999999999999990052e+01
6.131618844795772016e-02 5.716158278317257105e-06 9.999999999999994316e+01
6.245844712439614643e-02 8.963358408413748830e-06 1.000000000000000000e+02
6.362198492657485105e-02 1.306600204774240939e-05 9.999999999999994316e+01
6.480719826311967524e-02 1.790276521873022093e-05 9.999999999999994316e+01
6.601449092734885948e-02 2.334950169014884212e-05 9.999999999999990052e+01
6.724427423484245769e-02 2.940498286876948433e-05 1.000000000000000000e+02
6.849696716357443760e-02 3.633683507647003609e-05 1.000000000000000000e+02
6.977299649665534564e-02 4.486513422908191537e-05 1.000000000000000000e+02
7.107279696773415034e-02 5.634087950629334147e-05 9.999999999999994316e+01
7.239681140910873836e-02 7.214756672381618982e-05 9.999999999999994316e+01
7.374549090259549522e-02 9.378258932375516468e-05 1.000000000000000000e+02
7.511929493320965157e-02 1.231061358004301696e-04 1.000000000000000000e+02
7.651869154570821452e-02 1.622457767327916810e-04 1.000000000000000000e+02
7.794415750404946885e-02 2.132972522061497779e-04 1.000000000000000000e+02
7.939617845382279659e-02 2.777002284201803678e-04 1.000000000000000000e+02
8.087524908770453436e-02 3.552705488309751652e-04 1.000000000000000995e+02
8.238187331399605962e-02 4.443850584675385312e-04 9.999999999999994316e+01
8.391656442830157381e-02 5.420898282402410867e-04 1.000000000000000995e+02
8.547984528840409102e-02 6.431943904144106884e-04 1.000000000000000000e+02
8.707224849239916797e-02 7.401776723717083976e-04 1.000000000000000000e+02
8.869431656014709064e-02 8.236193099721712384e-04 1.000000000000000000e+02
9.034660211810524588e-02 8.832914658533651308e-04 1.000000000000000995e+02
9.202966808760409956e-02 9.145291124236954328e-04 9.999999999999994316e+01
9.374408787662991127e-02 9.266196763751591682e-04 1.000000000000000000e+02
9.549044557518077125e-02 9.343685030756099068e-04 9.999999999999994316e+01
9.726933615426168467e-02 9.554619149740453199e-04 1.000000000000000000e+02
9.908136566858666283e-02 1.011778405086111643e-03 1.000000000000000000e+02
1.009271514630570854e-01 1.134700148585967520e-03 9.999999999999994316e+01
1.028073223830864719e-01 1.354992099052438953e-03 1.000000000000000995e+02
1.047225189888434382e-01 1.698496340129343604e-03 1.000000000000000995e+02
1.066733937734857113e-01 2.197271769906695895e-03 1.000000000000000000e+02
1.086606113854596822e-01 2.878053824011775255e-03 1.000000000000000000e+02
1.106848488549412035e-01 3.736855179109108919e-03 1.000000000000000000e+02
1.127467958244946084e-01 4.749720918948944527e-03 1.000000000000000000e+02
1.148471547840289042e-01 5.931689242985645899e-03 9.999999999999994316e+01
1.169866413101306873e-01 7.320142407504672336e-03 1.000000000000000000e+02
1.191659843098558796e-01 8.984394580613530926e-03 9.999999999999990052e+01
1.213859262690627772e-01 1.104210232105585707e-02 9.999999999999994316e+01
1.236472235053715091e-01 1.361726270805935918e-02 9.999999999999990052e+01
1.259506464258357550e-01 1.681780782219414322e-02 9.999999999999984368e+01
1.282969797894147612e-01 2.075479335040467457e-02 1.000000000000000000e+02
1.306870229743346268e-01 2.553050114645263186e-02 9.999999999999990052e+01
1.331215902504307713e-01 3.123926287143593758e-02 1.000000000000000000e+02
1.356015110565633452e-01 3.798472339428354827e-02 9.999999999999990052e+01
1.381276302832009362e-01 4.585335755081830500e-02 9.999999999999994316e+01
1.407008085602685088e-01 5.489716236013492123e-02 9.999999999999990052e+01
1.433219225503573890e-01 6.523562527108575648e-02 9.999999999999984368e+01
1.459918652473978506e-01 7.728617284141793553e-02 9.999999999999990052e+01
1.487115462808953625e-01 9.177599628253634012e-02 1.000000000000000000e+02
1.514818922258345801e-01 1.098641907547667079e-01 9.999999999999990052e+01
1.543038469183564687e-01 1.327396314192974824e-01 9.999999999999994316e+01
1.571783717773162781e-01 1.612876871815894786e-01 1.000000000000000000e+02
1.601064461318317811e-01 1.962575559928537439e-01 1.000000000000000000e+02
1.630890675549332702e-01 2.382554821233417996e-01 9.999999999999994316e+01
1.661272522034293042e-01 2.883729215466642737e-01 1.000000000000000000e+02
1.692220351641037235e-01 3.480081527788661533e-01 1.000000000000000000e+02
1.723744708063619790e-01 4.187816912518868562e-01 1.000000000000000000e+02
1.755856331414468730e-01 5.025763574657837740e-01 1.000000000000000000e+02
1.788566161883461958e-01 6.015882543496763324e-01 1.000000000000000000e+02
1.821885343465165230e-01 7.183928261835348383e-01 1.000000000000000000e+02
1.855825227755517060e-01 8.560354854843170713e-01 1.000000000000000000e+02
1.890397377819219571e-01 1.018147964467564837e+00 1.000000000000000995e+02
1.925613572129196704e-01 1.209099820021000360e+00 1.000000000000000995e+02
1.961485808579429280e-01 1.434203193937638288e+00 1.000000000000000000e+02
1.998026308572548593e-01 1.699988261069138362e+00 1.000000000000000995e+02
2.035247521183575770e-01 2.014396163580681964e+00 1.000000000000000000e+02
2.073162127401229071e-01 2.386280115791494350e+00 1.000000000000000000e+02
2.111783044448242164e-01 2.825777151384297525e+00 1.000000000000000000e+02
2.151123430182164953e-01 3.344690020106023898e+00 9.999999999999994316e+01
2.191196687578147451e-01 3.956726680633723792e+00 9.999999999999994316e+01
2.232016469295232397e-01 4.677765359947366974e+00 1.000000000000000000e+02
2.273596682327715113e-01 5.526145734838087797e+00 1.000000000000000000e+02
2.315951492743152096e-01 6.522986152634488555e+00 1.000000000000000995e+02
2.359095330508633737e-01 7.692526031528075237e+00 1.000000000000000995e+02
2.403042894406967056e-01 9.062491627918065618e+00 9.999999999999994316e+01
2.447809157044440187e-01 1.066448222476582686e+01 1.000000000000000000e+02
2.493409369951877785e-01 1.253437248721207808e+01 1.000000000000000000e+02
2.539859068780723761e-01 1.471286677216908423e+01 9.999999999999990052e+01
2.587174078595921300e-01 1.724694274118778381e+01 1.000000000000000995e+02
2.635370519267393186e-01 2.019060626581375928e+01 9.999999999999994316e+01
2.684464810961962322e-01 2.360568694735651718e+01 9.999999999999990052e+01
2.734473679737579599e-01 2.756306238801491304e+01 1.000000000000000995e+02
2.785414163241766161e-01 3.214414000481645672e+01 1.000000000000000000e+02
2.837303616516211324e-01 3.744266807124388663e+01 1.000000000000000000e+02
2.890159717909508430e-01 4.356697050324689258e+01 1.000000000000000000e+02
2.944000475100033709e-01 5.064272923502966961e+01 1.000000000000000000e+02
2.998844231231027613e-01 5.881647682847835767e+01 9.999999999999994316e+01
3.054709671159968054e-01 6.825752141922214378e+01 9.999999999999994316e+01
3.111615827824359970e-01 7.915148954485196953e+01 9.999999999999994316e+01
3.169582088726115021e-01 9.170556145103071799e+01 9.999999999999994316e+01
3.228628202536730218e-01 1.061528894928596998e+02 9.999999999999994316e+01
3.288774285825510346e-01 1.227551974424056311e+02 1.000000000000000000e+02
3.350040829913132900e-01 1.418055485487135172e+02 9.999999999999994316e+01
3.412448707852889229e-01 1.636312908211487240e+02 1.000000000000000000e+02
3.476019181541977754e-01 1.885971936275982728e+02 1.000000000000000000e+02
3.540773908965269556e-01 2.171096113459808237e+02 9.999999999999994316e+01
3.606734951574028236e-01 2.496327864790294768e+02 1.000000000000000995e+02
3.673924781802074269e-01 2.867003565226516457e+02 1.000000000000000995e+02
3.742366290721980682e-01 3.289211971990279153e+02 1.000000000000000995e+02
3.812082795843887983e-01 3.769932598605781209e+02 1.000000000000000995e+02
3.883098049059605095e-01 4.317211539916354468e+02 1.000000000000000995e+02
3.955436244734701345e-01 4.940383874092557335e+02 1.000000000000000995e+02
4.029122027951347884e-01 5.650337608252546033e+02 1.000000000000000995e+02
4.104180502904709038e-01 6.458982954702256620e+02 9.999999999999994316e+01
4.180637241455757991e-01 7.378584177337169194e+02 1.000000000000000000e+02
4.258518291843414461e-01 8.422386640468738506e+02 1.000000000000000995e+02
4.337850187558989212e-01 9.604628899253001464e+02 1.000000000000000000e+02
4.418659956385941334e-01 1.094044680440999400e+03 1.000000000000000000e+02
4.500975129608046355e-01 1.244571577458262254e+03 1.000000000000000995e+02
4.584823751389096036e-01 1.413755569137779503e+03 1.000000000000000000e+02
4.670234388327330621e-01 1.603708446653997498e+03 9.999999999999994316e+01
4.757236139187884794e-01 1.816896797519413440e+03 9.999999999999994316e+01
4.845858644816490868e-01 2.056160445585862817e+03 1.000000000000000000e+02
4.936132098237911991e-01 2.324801138288703896e+03 1.000000000000000000e+02
5.028087254942474882e-01 2.626693138357224143e+03 1.000000000000000000e+02
5.121755443364236493e-01 2.966105657592678199e+03 1.000000000000000000e+02
5.217168575554343990e-01 3.347373216295148723e+03 1.000000000000000000e+02
5.314359158053235666e-01 3.775216144442334553e+03 1.000000000000000000e+02
5.413360302965375404e-01 4.254812645014373629e+03 1.000000000000000000e+02
5.514205739240296555e-01 4.791834126292717883e+03 9.999999999999994316e+01
5.616929824163804374e-01 5.392483128841357939e+03 9.999999999999994316e+01
5.721567555063246102e-01 6.063534445398997377e+03 1.000000000000000000e+02
5.828154581230839959e-01 6.812380259594024210e+03 1.000000000000000000e+02
5.936727216069119795e-01 7.647080420987450452e+03 9.999999999999994316e+01
6.047322449462643190e-01 8.576419547930039698e+03 1.000000000000000000e+02
6.159977960380161877e-01 9.609980352718213908e+03 9.999999999999990052e+01
6.274732129711574347e-01 1.075822820376468735e+04 9.999999999999994316e+01
6.391624053343999412e-01 1.203260012816186099e+04 9.999999999999994316e+01
6.510693555481454897e-01 1.344561845767676459e+04 1.000000000000000000e+02
6.631981202212668958e-01 1.501102979463234624e+04 9.999999999999994316e+01
6.755528315331639222e-01 1.674397565853522974e+04 9.999999999999994316e+01
6.881376986415662644e-01 1.866120331581563732e+04 9.999999999999990052e+01
7.009570091165617800e-01 2.078132728708804279e+04 1.000000000000000995e+02
7.140151304013395706e-01 2.312471475486568670e+04 1.000000000000000000e+02
7.273165113001454074e-01 2.571246500187935089e+04 1.000000000000000995e+02
7.408656834939559843e-01 2.856715452814791206e+04 1.000000000000000995e+02
7.546672630843886953e-01 3.171320489154075767e+04 1.000000000000001990e+02
7.687259521663728501e-01 3.517706436491770728e+04 1.000000000000000995e+02
7.830465404301183430e-01 3.898742763590274262e+04 1.000000000000000995e+02
7.976339067929273385e-01 4.317550413610879332e+04 1.000000000000000995e+02
8.124930210614047521e-01 4.777517268951831647e+04 1.000000000000000995e+02
8.276289456246344045e-01 5.282216855912613391e+04 9.999999999999994316e+01
8.430468371788967241e-01 5.835455917770596716e+04 1.000000000000000000e+02
8.587519484845170803e-01 6.441337507637454109e+04 9.999999999999994316e+01
8.747496301554414933e-01 7.104295511212623387e+04 1.000000000000000000e+02
8.910453324821513421e-01 7.829137423746376589e+04 9.999999999999994316e+01
9.076446072885356875e-01 8.621091812365170335e+04 9.999999999999990052e+01
9.245531098233570333e-01 9.485689878320967546e+04 9.999999999999990052e+01
9.417766006869519035e-01 1.042870066438542854e+05 9.999999999999994316e+01
9.593209477938241525e-01 1.145630314093010238e+05 1.000000000000000000e+02
9.771921283717996953e-01 1.257514532775512635e+05 1.000000000000000000e+02
9.953962309984233370e-01 1.379240778130481485e+05 9.999999999999994316e+01
1.013939457675291811e+00 1.511582772872031492e+05 1.000000000000000995e+02
1.032828125941028574e+00 1.655328153678375820e+05 1.000000000000000000e+02
1.052068671023622892e+00 1.811285792491956090e+05 1.000000000000000000e+02
1.071667648032863296e+00 1.980307897867622669e+05 1.000000000000000000e+02
1.091631734193614811e+00 2.163293847756740579e+05 1.000000000000000995e+02
1.111967731120699021e+00 2.361195032214318344e+05 1.000000000000000000e+02
1.132682567136153784e+00 2.575021233448595449e+05 1.000000000000000995e+02
1.153783299629660863e+00 2.805848957820136566e+05 1.000000000000000995e+02
1.175277117462945276e+00 3.054832216608956223e+05 1.000000000000000995e+02
1.197171343418965694e+00 3.323216349588169251e+05 1.000000000000000995e+02
1.219473436696737023e+00 3.612355601575242472e+05 1.000000000000000000e+02
1.242190995452616242e+00 3.923735302515345975e+05 1.000000000000000000e+02
1.265331759388941713e+00 4.258985270302098361e+05 1.000000000000000995e+02
1.288903612390891462e+00 4.619731238543455838e+05 1.000000000000000995e+02
1.312914585212463958e+00 5.007599799145192374e+05 1.000000000000000995e+02
1.337372858212495075e+00 5.424318659205068834e+05 1.000000000000000000e+02
1.362286764141645401e+00 5.871734529412139673e+05 1.000000000000000995e+02
1.387664790981307128e+00 6.351833625679345569e+05 9.999999999999994316e+01
1.413515584835394190e+00 6.866767519430860411e+05 1.000000000000000000e+02
1.439847952876006643e+00 7.418885506096282043e+05 1.000000000000000000e+02
1.466670866343967150e+00 8.010774888947659638e+05 1.000000000000000000e+02
1.493993463605256311e+00 8.645310855105426162e+05 1.000000000000000000e+02
1.521825053264385552e+00 9.325607505671831314e+05 1.000000000000000995e+02
1.550175117335768737e+00 1.005419858968036249e+06 1.000000000000000995e+02
1.579053314474174297e+00 1.083316161683819490e+06 1.000000000000000995e+02
1.608469483265355215e+00 1.166438946417797357e+06 1.000000000000000995e+02
1.638433645577983100e+00 1.254952818173056934e+06 1.000000000000000995e+02
1.668956009978023181e+00 1.348990349517848575e+06 1.000000000000000000e+02
1.700046975206716438e+00 1.448643781406098278e+06 1.000000000000000995e+02
1.731717133723352786e+00 1.553955764551142696e+06 1.000000000000000000e+02
1.763977275314043469e+00 1.664913399250331568e+06 9.999999999999994316e+01
1.796838390767719229e+00 1.781586610638677375e+06 1.000000000000000000e+02
1.830311675620611256e+00 1.904224734592736699e+06 9.999999999999994316e+01
1.864408533970485227e+00 2.033147924084965838e+06 1.000000000000000000e+02
1.899140582361933616e+00 2.168756916024498176e+06 1.000000000000000000e+02
1.934519653744044332e+00 2.311555380366720259e+06 1.000000000000000000e+02
1.970557801501798378e+00 2.462176726920827758e+06 1.000000000000000995e+02
2.007267303562568106e+00 2.621415474732087925e+06 1.000000000000000000e+02
2.044660666579115826e+00 2.790061993426077999e+06 1.000000000000000000e+02
2.082750630190514318e+00 2.968572587859102525e+06 1.000000000000000000e+02
2.121550171362450055e+00 3.157347672038977034e+06 1.000000000000000995e+02
2.161072508808376647e+00 3.356781707361894660e+06 1.000000000000000000e+02
2.201331107493030181e+00 3.567260280903990846e+06 9.999999999999994316e+01
2.242339683219845003e+00 3.789157031696557067e+06 1.000000000000000000e+02
2.284112207303823361e+00 4.022830467092060018e+06 1.000000000000000000e+02
2.326662911331458083e+00 4.268620722739825957e+06 9.999999999999994316e+01
2.370006292009327886e+00 4.526846332215519622e+06 1.000000000000000000e+02
2.414157116103017753e+00 4.797801085903683677e+06 1.000000000000000000e+02
2.459130425468043946e+00 5.081751073198546655e+06 9.999999999999994316e+01
2.504941542174502267e+00 5.378932041509348899e+06 1.000000000000000000e+02
2.551606073727183954e+00 5.689576186208271421e+06 1.000000000000000000e+02
2.599139918382932901e+00 6.013983427798332646e+06 1.000000000000000000e+02
2.647559270567066747e+00 6.352480228827371262e+06 1.000000000000000000e+02
2.696880626390692370e+00 6.705415974946874194e+06 1.000000000000000000e+02
2.747120789270811603e+00 7.073174606034834869e+06 1.000000000000000000e+02
2.798296875655115645e+00 7.456188902881488204e+06 1.000000000000000000e+02
2.850426320853434614e+00 7.854957814782547764e+06 1.000000000000000000e+02
2.903526884977813971e+00 8.270067267974346876e+06 1.000000000000000995e+02
2.957616658993253544e+00 8.702214963982516900e+06 1.000000000000000000e+02
3.012714070881164385e+00 9.152238345647688955e+06 1.000000000000000000e+02
3.068837891917642224e+00 9.620919439486375079e+06 1.000000000000000000e+02
3.126007243068700259e+00 1.010866916995296068e+07 1.000000000000000995e+02
3.184241601504649744e+00 1.061584173572588153e+07 1.000000000000000000e+02
3.243560807235807975e+00 1.114278999503853545e+07 1.000000000000000995e+02
3.303985069871854918e+00 1.168987259981245734e+07 1.000000000000000000e+02
3.365534975507090909e+00 1.225746317618198134e+07 1.000000000000000000e+02
3.428231493733967294e+00 1.284596185522905551e+07 1.000000000000000000e+02
3.492095984787267682e+00 1.345580948959836364e+07 1.000000000000000000e+02
3.557150206821382277e+00 1.408747992583676241e+07 1.000000000000000000e+02
3.623416323323146226e+00 1.474136228066016175e+07 1.000000000000000000e+02
3.690916910662774608e+00 1.541783287814177945e+07 1.000000000000000000e+02
3.759674965785463563e+00 1.611731680391012691e+07 1.000000000000000995e+02
3.829713914046277257e+00 1.684030810116428509e+07 1.000000000000001990e+02
3.901057617190989202e+00 1.758739376394094154e+07 1.000000000000000995e+02
3.973730381485604202e+00 1.835928209443367645e+07 1.000000000000000995e+02
4.047756965997318268e+00 1.915679833091195673e+07 1.000000000000000000e+02
4.123162591029748469e+00 1.998043799424293637e+07 1.000000000000000000e+02
4.199972946715301525e+00 2.083039759999002516e+07 1.000000000000000000e+02
4.278214201767612579e+00 2.170686142027284577e+07 1.000000000000000000e+02
4.357913012397025554e+00 2.261001926630676165e+07 1.000000000000000000e+02
4.439096531392166867e+00 2.354008110105349496e+07 1.000000000000000000e+02
4.521792417370697592e+00 2.449729485103854164e+07 1.000000000000000000e+02
4.606028844202397998e+00 2.548196781081145257e+07 1.000000000000000000e+02
4.691834510607794329e+00 2.649449207209018245e+07 9.999999999999994316e+01
4.779238649935595440e+00 2.753537445606542751e+07 9.999999999999994316e+01
4.868271040122278848e+00 2.860527148449154198e+07 9.999999999999994316e+01
4.958962013837211913e+00 2.970502999676462635e+07 9.999999999999994316e+01
5.051342468816761411e+00 3.083569676440117881e+07 1.000000000000000000e+02
5.145443878390924652e+00 3.199787833503995463e+07 1.000000000000000000e+02
5.241298302206056192e+00 3.319166149091241136e+07 9.999999999999994316e+01
5.338938397147350301e+00 3.441712052217345685e+07 1.000000000000000995e+02
5.438397428464796235e+00 3.567435271221601963e+07 1.000000000000000000e+02
5.539709281106400596e+00 3.696349894568038732e+07 1.000000000000000000e+02
5.642908471262536807e+00 3.828476821626429260e+07 1.000000000000000000e+02
5.748030158125351008e+00 3.963846647689431906e+07 1.000000000000000000e+02
5.855110155867238042e+00 4.102503031941599399e+07 9.999999999999994316e+01
5.964184945842459840e+00 4.244506602535286546e+07 1.000000000000000000e+02
6.075291689016070862e+00 4.389933295621532202e+07 1.000000000000000000e+02
6.188468238624382778e+00 4.538810385578086972e+07 1.000000000000000995e+02
6.303753153071275150e+00 4.691128024485421926e+07 9.999999999999994316e+01
6.421185709064758385e+00 4.846879213479457796e+07 1.000000000000000995e+02
6.540805914998252923e+00 5.006062967134371400e+07 1.000000000000000995e+02
6.662654524581149929e+00 5.168687274943874031e+07 1.000000000000000000e+02
6.786773050723295064e+00 5.334772547940616310e+07 1.000000000000000000e+02
6.913203779678127603e+00 5.504355601620341837e+07 1.000000000000000000e+02
7.041989785449288775e+00 5.677493515078073740e+07 1.000000000000000995e+02
7.173174944465612768e+00 5.854220590459064394e+07 1.000000000000000995e+02
7.306803950529499936e+00 6.034509184231561422e+07 1.000000000000000995e+02
7.442922330043757917e+00 6.218329659282734245e+07 1.000000000000000995e+02
7.581576457522110069e+00 6.405659382104028761e+07 1.000000000000000995e+02
7.722813571388642551e+00 6.596486048841979355e+07 1.000000000000000995e+02
7.866681790071582192e+00 6.790811525902637839e+07 1.000000000000000000e+02
8.013230128396878982e+00 6.988656240139260888e+07 1.000000000000000000e+02
8.162508514287219796e+00 7.190033760753519833e+07 1.000000000000000000e+02
8.314567805772055564e+00 7.394881267474918067e+07 1.000000000000000995e+02
8.469459808314576676e+00 7.603121244393202662e+07 1.000000000000000995e+02
8.627237292461440887e+00 7.814680116547062993e+07 1.000000000000000000e+02
8.787954011821311084e+00 8.029491416269235313e+07 1.000000000000000000e+02
8.951664721378293166e+00 8.247499439127470553e+07 1.000000000000000995e+02
9.118425196146562328e+00 8.468663433630640805e+07 1.000000000000000000e+02
9.288292250172489162e+00 8.692962372540819645e+07 1.000000000000000995e+02
9.461323755890759912e+00 8.920400358241106570e+07 1.000000000000000000e+02
9.637578663841079418e+00 9.151012720479844511e+07 1.000000000000000000e+02
9.817117022752183786e+00 9.384872872341248393e+07 1.000000000000000000e+02
1.000000000000000000e+01 9.622099999999995530e+07 1.000000000000000000e+02
