# Source: PRIMAT compilation, https://doi.org/10.1016/j.physrep.2018.04.005
1.000000000000000021e-03 1.274257667999998033e+08 3.000000000000000000e+00
1.018628990244687619e-03 1.274791962122381181e+08 3.000000000000000000e+00
1.037605019766911670e-03 1.275335050786629319e+08 3.000000000000000000e+00
1.056934553557988335e-03 1.275887056621355116e+08 2.999999999999999556e+00
1.076624177045493267e-03 1.276448103136089742e+08 2.999999999999999556e+00
1.096680598336868600e-03 1.277018314693991542e+08 3.000000000000000000e+00
1.117110650504824203e-03 1.277597816483050287e+08 2.999999999999999556e+00
1.137921293915315117e-03 1.278186734485628456e+08 2.999999999999999556e+00
1.159119618598885779e-03 1.278785195446397215e+08 3.000000000000000000e+00
1.180712846666190276e-03 1.279393326838596463e+08 3.000000000000000444e+00
1.202708334768511989e-03 1.280011256828596890e+08 3.000000000000000000e+00
1.225113576604118949e-03 1.280639114238785356e+08 2.999999999999999556e+00
1.247936205471311460e-03 1.281277028508636057e+08 2.999999999999999112e+00
1.271183996869028896e-03 1.281925129654123783e+08 3.000000000000000888e+00
1.294864871145904933e-03 1.282583548225255758e+08 3.000000000000000000e+00
1.318986896198670470e-03 1.283252415261982232e+08 3.000000000000000888e+00
1.343558290220826226e-03 1.283931862248130292e+08 3.000000000000000000e+00
1.368587424502519176e-03 1.284622021063730121e+08 2.999999999999999556e+00
1.394082826282578647e-03 1.285323023935469836e+08 3.000000000000000000e+00
1.420053181653683095e-03 1.286035003385386765e+08 3.000000000000000888e+00
1.446507338521647217e-03 1.286758092177817076e+08 2.999999999999999556e+00
1.473454309619835756e-03 1.287492423264710605e+08 3.000000000000000444e+00
1.500903275579736594e-03 1.288238129729075581e+08 3.000000000000000000e+00
1.528863588058731147e-03 1.288995344727004915e+08 3.000000000000000000e+00
1.557344772926135207e-03 1.289764201427948028e+08 3.000000000000000444e+00
1.586356533508589657e-03 1.290544832953516394e+08 3.000000000000000444e+00
1.615908753895919101e-03 1.291337372314901501e+08 3.000000000000000000e+00
1.646011502308549748e-03 1.292141952348856628e+08 3.000000000000000000e+00
1.676675034527699143e-03 1.292958705652489215e+08 3.000000000000000000e+00
1.707909797389426916e-03 1.293787764516934752e+08 3.000000000000000888e+00
1.739726432343800767e-03 1.294629260859997869e+08 3.000000000000000444e+00
1.772135779080358372e-03 1.295483326158032864e+08 3.000000000000000000e+00
1.805148879221108154e-03 1.296350091377141178e+08 2.999999999999999556e+00
1.838776980082326793e-03 1.297229686903910041e+08 2.999999999999999556e+00
1.873031538506436536e-03 1.298122242475997210e+08 3.000000000000000888e+00
1.907924224765265072e-03 1.299027887112621814e+08 2.999999999999999556e+00
1.943466926536020246e-03 1.299946749045522213e+08 2.999999999999999556e+00
1.979671752951332481e-03 1.300878955650369972e+08 3.000000000000000000e+00
2.016551038724746607e-03 1.301824633379253000e+08 2.999999999999999556e+00
2.054117348353064112e-03 1.302783907694414258e+08 3.000000000000000444e+00
2.092383480396977150e-03 1.303756903003792912e+08 3.000000000000000000e+00
2.131362471841437810e-03 1.304743742598734051e+08 3.000000000000000000e+00
2.171067602537264923e-03 1.305744548594405800e+08 3.000000000000000000e+00
2.211512399725488933e-03 1.306759441873452514e+08 2.999999999999999556e+00
2.252710642645980484e-03 1.307788542033523023e+08 3.000000000000000000e+00
2.294676367231936100e-03 1.308831967339261919e+08 3.000000000000000000e+00
2.337423870891814758e-03 1.309889834679554850e+08 3.000000000000000000e+00
2.380967717380358135e-03 1.310962259530716985e+08 2.999999999999999556e+00
2.425322741760352948e-03 1.312049355926573724e+08 3.000000000000000444e+00
2.470504055456825433e-03 1.313151236436208934e+08 2.999999999999999556e+00
2.516527051405391836e-03 1.314268012150613815e+08 3.000000000000000444e+00
2.563407409296514835e-03 1.315399792678993940e+08 3.000000000000000444e+00
2.611161100917459583e-03 1.316546686156253517e+08 3.000000000000000000e+00
2.659804395593758260e-03 1.317708799262657762e+08 3.000000000000000444e+00
2.709353865732051433e-03 1.318886237257199585e+08 2.999999999999999556e+00
2.759826392466180594e-03 1.320079104026166797e+08 3.000000000000000888e+00
2.811239171408464344e-03 1.321287502148368806e+08 3.000000000000000000e+00
2.863609718508115885e-03 1.322511532978992164e+08 3.000000000000000444e+00
2.916955876018795853e-03 1.323751296753767431e+08 2.999999999999999556e+00
2.971295818577334054e-03 1.325006892715587020e+08 3.000000000000000444e+00
3.026648059395692196e-03 1.326278418749422878e+08 3.000000000000000444e+00
3.083031456568277075e-03 1.327565958509334177e+08 3.000000000000000000e+00
3.140465219496752208e-03 1.328869578867135644e+08 2.999999999999999556e+00
3.198968915434537586e-03 1.330189342251129001e+08 3.000000000000000000e+00
3.258562476153226226e-03 1.331525307273450494e+08 3.000000000000000444e+00
3.319266204733189573e-03 1.332877528730427474e+08 3.000000000000000888e+00
3.381100782480685445e-03 1.334246057622520626e+08 3.000000000000000444e+00
3.444087275973823411e-03 1.335630941196029484e+08 3.000000000000000000e+00
3.508247144239792347e-03 1.337032223008948565e+08 3.000000000000000000e+00
3.573602246065788347e-03 1.338449943023564816e+08 3.000000000000000000e+00
3.640174847446141400e-03 1.339884137728544027e+08 2.999999999999999556e+00
3.707987629168172684e-03 1.341334840293378830e+08 2.999999999999999556e+00
3.777063694539364597e-03 1.342802080758608282e+08 2.999999999999999556e+00
3.847426577258505898e-03 1.344285886265109777e+08 2.999999999999999556e+00
3.919100249433401899e-03 1.345786281326264739e+08 3.000000000000000444e+00
3.992109129748053209e-03 1.347303288146952093e+08 3.000000000000000444e+00
4.066478091781853925e-03 1.348836923075757027e+08 3.000000000000000000e+00
4.142232472483897525e-03 1.350387178203691244e+08 2.999999999999999556e+00
4.219398080805024202e-03 1.351954033590534031e+08 3.000000000000000000e+00
4.298001206490798497e-03 1.353537464501698017e+08 3.000000000000000444e+00
4.378068629038166758e-03 1.355137441687654257e+08 2.999999999999999556e+00
4.459627626819095622e-03 1.356753931709984839e+08 3.000000000000000000e+00
4.542705986374042521e-03 1.358386897325457931e+08 3.000000000000000444e+00
4.627332011878692967e-03 1.360036297933654189e+08 3.000000000000000000e+00
4.713534534786906725e-03 1.361702090093801618e+08 3.000000000000000000e+00
4.801342923653449841e-03 1.363384228117033839e+08 2.999999999999999112e+00
4.890787094139589959e-03 1.365082664740692079e+08 3.000000000000000000e+00
4.981897519205159656e-03 1.366797351891831458e+08 2.999999999999999556e+00
5.074705239490466188e-03 1.368528236374017596e+08 3.000000000000000000e+00
5.169241873891598608e-03 1.370275226470113099e+08 2.999999999999999556e+00
5.265539630332755246e-03 1.372038209500678778e+08 3.000000000000000000e+00
5.363631316739239652e-03 1.373817068184952736e+08 3.000000000000000444e+00
5.463550352214875498e-03 1.375611681409857869e+08 3.000000000000000000e+00
5.565330778427646403e-03 1.377421925024348497e+08 3.000000000000000000e+00
5.669007271207434327e-03 1.379247672741071284e+08 2.999999999999999556e+00
5.774615152359819509e-03 1.381088797154696286e+08 3.000000000000000000e+00
5.882190401699956099e-03 1.382945170886681080e+08 2.999999999999999556e+00
5.991769669310619169e-03 1.384816667867164910e+08 3.000000000000000000e+00
6.103390288028621123e-03 1.386703154630277157e+08 3.000000000000000000e+00
6.217090286163826779e-03 1.388604448629317582e+08 2.999999999999999556e+00
6.332908400455114321e-03 1.390520349129851162e+08 3.000000000000000000e+00
6.450884089267692675e-03 1.392450653316682279e+08 3.000000000000000444e+00
6.571057546036270826e-03 1.394395157625327110e+08 3.000000000000000000e+00
6.693469712958660493e-03 1.396353659228067696e+08 3.000000000000000444e+00
6.818162294944479437e-03 1.398325957692898810e+08 3.000000000000000888e+00
6.945177773823696388e-03 1.400311856829611659e+08 3.000000000000000888e+00
7.074559422819878297e-03 1.402311163658498824e+08 3.000000000000000888e+00
7.206351321293052656e-03 1.404323640700354278e+08 3.000000000000000000e+00
7.340598369757212090e-03 1.406349010154960155e+08 3.000000000000000000e+00
7.477346305177588227e-03 1.408386994113813639e+08 3.000000000000000888e+00
7.616641716552892058e-03 1.410437317769483924e+08 2.999999999999999112e+00
7.758532060787835978e-03 1.412499711623686850e+08 3.000000000000000000e+00
7.903065678861348128e-03 1.414573913933979869e+08 3.000000000000000444e+00
8.050291812295981564e-03 1.416659672666834891e+08 3.000000000000000000e+00
8.200260619934130954e-03 1.418756704720278978e+08 2.999999999999999556e+00
8.353023195026778799e-03 1.420864668590458035e+08 3.000000000000000000e+00
8.508631582640582489e-03 1.422983222904318571e+08 3.000000000000000000e+00
8.667138797389234081e-03 1.425112034524432123e+08 3.000000000000000888e+00
8.828598841495149604e-03 1.427250781568066776e+08 3.000000000000000000e+00
8.993066723187623582e-03 1.429399156735998690e+08 3.000000000000000000e+00
9.160598475443709407e-03 1.431556851104786694e+08 2.999999999999999556e+00
9.331251175078249249e-03 1.433723482874272168e+08 2.999999999999999112e+00
9.505082962189511861e-03 1.435898656214585304e+08 3.000000000000000000e+00
9.682153059967075343e-03 1.438081988792428672e+08 2.999999999999999556e+00
9.862521794868784469e-03 1.440273115573631227e+08 2.999999999999999112e+00
1.004625061717340749e-02 1.442471692614451647e+08 2.999999999999999112e+00
1.023340212191641702e-02 1.444677353857617676e+08 3.000000000000000000e+00
1.042404007021556327e-02 1.446889662281716168e+08 2.999999999999998668e+00
1.061822941099384125e-02 1.449108188268957734e+08 2.999999999999999112e+00
1.081603630310709954e-02 1.451332524160473943e+08 2.999999999999998668e+00
1.101752813788386791e-02 1.453562289095270634e+08 3.000000000000000444e+00
1.122277356208507652e-02 1.455797098904812932e+08 3.000000000000000444e+00
1.143184250129149725e-02 1.458036490243709087e+08 2.999999999999999556e+00
1.164480618372686072e-02 1.460280003581125438e+08 2.999999999999999556e+00
1.186173716452478509e-02 1.462527208368863463e+08 3.000000000000000444e+00
1.208270935044776506e-02 1.464777707260766029e+08 2.999999999999999556e+00
1.230779802506665188e-02 1.467031072023674548e+08 3.000000000000000000e+00
1.253707987440920262e-02 1.469286810281424820e+08 2.999999999999999112e+00
1.277063301308643990e-02 1.471544455187767148e+08 2.999999999999999556e+00
1.300853701090571267e-02 1.473803578712723851e+08 2.999999999999999556e+00
1.325087291997953214e-02 1.476063763960263729e+08 2.999999999999998668e+00
1.349772330233941706e-02 1.478324515230887234e+08 2.999999999999999112e+00
1.374917225806419029e-02 1.480585348733864129e+08 2.999999999999999112e+00
1.400530545393219653e-02 1.482845825813469291e+08 2.999999999999999112e+00
1.426621015260736910e-02 1.485105523240334690e+08 2.999999999999999556e+00
1.453197524236895383e-02 1.487363929928248227e+08 3.000000000000000000e+00
1.480269126739508674e-02 1.489620547695548236e+08 3.000000000000000000e+00
1.507845045861051086e-02 1.491874929411778450e+08 3.000000000000000000e+00
1.535934676510897039e-02 1.494126637434065640e+08 3.000000000000000000e+00
1.564547588616095955e-02 1.496375204869340062e+08 3.000000000000000888e+00
1.593693530381774456e-02 1.498620216231180131e+08 3.000000000000000444e+00
1.623382431612278159e-02 1.500861295324025154e+08 2.999999999999999556e+00
1.653624407094180307e-02 1.503097903301858902e+08 2.999999999999999556e+00
1.684429760042315330e-02 1.505329444646470845e+08 2.999999999999999112e+00
1.715808985610004986e-02 1.507555376229096949e+08 3.000000000000000000e+00
1.747772774464680795e-02 1.509775216615269184e+08 2.999999999999999556e+00
1.780332016430113962e-02 1.511988555550690591e+08 2.999999999999999556e+00
1.813497804196495186e-02 1.514195060794738233e+08 3.000000000000000000e+00
1.847281437099634188e-02 1.516394357142497599e+08 3.000000000000000000e+00
1.881694424970555696e-02 1.518585979029360712e+08 2.999999999999999556e+00
1.916748492056815148e-02 1.520769527599601150e+08 3.000000000000000000e+00
1.952455581016860828e-02 1.522944692371332049e+08 3.000000000000000444e+00
1.988827856988809734e-02 1.525111263093520105e+08 3.000000000000000000e+00
2.025877711735016989e-02 1.527269095470549762e+08 3.000000000000000888e+00
2.063617767863858837e-02 1.529417659561031759e+08 3.000000000000000000e+00
2.102060883130158278e-02 1.531556190232020617e+08 3.000000000000000000e+00
2.141220154815729262e-02 1.533683967662904561e+08 3.000000000000000444e+00
2.181108924191518805e-02 1.535800329877997041e+08 3.000000000000000444e+00
2.221740781062883641e-02 1.537904682266425490e+08 3.000000000000000000e+00
2.263129568399528321e-02 1.539996507930333912e+08 2.999999999999999556e+00
2.305289387051707301e-02 1.542075378918909729e+08 3.000000000000000000e+00
2.348234600554275145e-02 1.544140968409788311e+08 3.000000000000000000e+00
2.391979840020238418e-02 1.546193063903473318e+08 3.000000000000000000e+00
2.436540009125464853e-02 1.548231581500415802e+08 2.999999999999999112e+00
2.481930289186254010e-02 1.550256581335544884e+08 2.999999999999999112e+00
2.528166144331499277e-02 1.552268243826258481e+08 3.000000000000000000e+00
2.575263326771199887e-02 1.554266317531062663e+08 3.000000000000000000e+00
2.623237882163122203e-02 1.556250200926749408e+08 3.000000000000000000e+00
2.672106155079433804e-02 1.558219360638999343e+08 2.999999999999999556e+00
2.721884794575178332e-02 1.560173353389016986e+08 2.999999999999999112e+00
2.772590759860482645e-02 1.562111838225446343e+08 2.999999999999999556e+00
2.824241326078434297e-02 1.564034589766251445e+08 2.999999999999999556e+00
2.876854090190592711e-02 1.565941512519471645e+08 2.999999999999999112e+00
2.930446976972142861e-02 1.567832656356878579e+08 2.999999999999999556e+00
2.985038245118730796e-02 1.569708233219165802e+08 3.000000000000000000e+00
3.040646493467067182e-02 1.571568541657768786e+08 2.999999999999999556e+00
3.097290667331408301e-02 1.573413170236839354e+08 2.999999999999999556e+00
3.154990064958086704e-02 1.575241305938233137e+08 2.999999999999999556e+00
3.213764344100276948e-02 1.577052186697999537e+08 2.999999999999999556e+00
3.273633528715245988e-02 1.578845115370216072e+08 3.000000000000000000e+00
3.334618015786364187e-02 1.580619469835360646e+08 3.000000000000000000e+00
3.396738582272208068e-02 1.582374713964655995e+08 3.000000000000000000e+00
3.460016392185108480e-02 1.584110409498920441e+08 3.000000000000000444e+00
3.524473003801584237e-02 1.585826228903929293e+08 3.000000000000000444e+00
3.590130377007068330e-02 1.587521969268465638e+08 3.000000000000000444e+00
3.657010880777489259e-02 1.589197567315450013e+08 2.999999999999999112e+00
3.725137300800209633e-02 1.590853115601466894e+08 3.000000000000000444e+00
3.794532847236938011e-02 1.592488879984678626e+08 2.999999999999999112e+00
3.865221162631261864e-02 1.594105318447460234e+08 2.999999999999999112e+00
3.937226329963479377e-02 1.595703101365244687e+08 3.000000000000000000e+00
4.010572880855495931e-02 1.597283132359083891e+08 3.000000000000000000e+00
4.085285803928561527e-02 1.598846071319284737e+08 3.000000000000000000e+00
4.161390553316707264e-02 1.600391449141051769e+08 2.999999999999999556e+00
4.238913057338778573e-02 1.601918659248778224e+08 3.000000000000000000e+00
4.317879727332021161e-02 1.603427168136749864e+08 3.000000000000000000e+00
4.398317466650223523e-02 1.604916525627178252e+08 3.000000000000000000e+00
4.480253679829489938e-02 1.606386375972141325e+08 3.000000000000000000e+00
4.563716281924758839e-02 1.607836469856627584e+08 2.999999999999999112e+00
4.648733708020256344e-02 1.609266677363429666e+08 3.000000000000000000e+00
4.735334922917116413e-02 1.610677001964500248e+08 3.000000000000001332e+00
4.823549431001467047e-02 1.612067595607911348e+08 3.000000000000000444e+00
4.913407286296361809e-02 1.613438774974176288e+08 3.000000000000000444e+00
5.004939102700953213e-02 1.614791038947970867e+08 3.000000000000000444e+00
5.098176064420424647e-02 1.616124830706017315e+08 3.000000000000000444e+00
5.193149936590212012e-02 1.617439884244625270e+08 3.000000000000000888e+00
5.289893076098151070e-02 1.618735842233548760e+08 3.000000000000001332e+00
5.388438442608223938e-02 1.620012442820282578e+08 3.000000000000000444e+00
5.488819609789671872e-02 1.621269531309505999e+08 3.000000000000000444e+00
5.591070776755290017e-02 1.622507072766407132e+08 3.000000000000000888e+00
5.695226779712821846e-02 1.623725165606094301e+08 3.000000000000000000e+00
5.801323103833375128e-02 1.624924056235269010e+08 3.000000000000001332e+00
5.909395895340967958e-02 1.626104154816648960e+08 3.000000000000000444e+00
6.019481973827271043e-02 1.627266051128603518e+08 2.999999999999999556e+00
6.131618844795772016e-02 1.628410197831869721e+08 3.000000000000000444e+00
6.245844712439614643e-02 1.629536401079238951e+08 3.000000000000000444e+00
6.362198492657485105e-02 1.630644444410555661e+08 3.000000000000000000e+00
6.480719826311967524e-02 1.631734210312092304e+08 2.999999999999999556e+00
6.601449092734885948e-02 1.632805691701487899e+08 2.999999999999999556e+00
6.724427423484245769e-02 1.633859004307253063e+08 3.000000000000000444e+00
6.849696716357443760e-02 1.634894400002762079e+08 3.000000000000000000e+00
6.977299649665534564e-02 1.635912281158986390e+08 3.000000000000000444e+00
7.107279696773415034e-02 1.636913127801494598e+08 3.000000000000000000e+00
7.239681140910873836e-02 1.637896970512120128e+08 2.999999999999999556e+00
7.374549090259549522e-02 1.638863689450812042e+08 3.000000000000000888e+00
7.511929493320965157e-02 1.639813262976036668e+08 3.000000000000000000e+00
7.651869154570821452e-02 1.640745779594579637e+08 3.000000000000000000e+00
7.794415750404946885e-02 1.641661449932465553e+08 3.000000000000000444e+00
7.939617845382279659e-02 1.642560619620301127e+08 3.000000000000000444e+00
8.087524908770453436e-02 1.643443755357647538e+08 3.000000000000001332e+00
8.238187331399605962e-02 1.644311038288009167e+08 3.000000000000000000e+00
8.391656442830157381e-02 1.645162411332325041e+08 3.000000000000001332e+00
8.547984528840409102e-02 1.645997903097679317e+08 3.000000000000000444e+00
8.707224849239916797e-02 1.646817647438510954e+08 3.000000000000000000e+00
8.869431656014709064e-02 1.647621894696188569e+08 3.000000000000000000e+00
9.034660211810524588e-02 1.648411022796314657e+08 3.000000000000000000e+00
9.202966808760409956e-02 1.649185355029219091e+08 2.999999999999999556e+00
9.374408787662991127e-02 1.649944907786994278e+08 3.000000000000000000e+00
9.549044557518077125e-02 1.650689733380687535e+08 2.999999999999999556e+00
9.726933615426168467e-02 1.651419982998744249e+08 2.999999999999999556e+00
9.908136566858666283e-02 1.652135917159353495e+08 3.000000000000000444e+00
1.009271514630570854e-01 1.652837905126223564e+08 2.999999999999999556e+00
1.028073223830864719e-01 1.653526167637198567e+08 3.000000000000000444e+00
1.047225189888434382e-01 1.654200749677397907e+08 3.000000000000000000e+00
1.066733937734857113e-01 1.654861773673829138e+08 3.000000000000000000e+00
1.086606113854596822e-01 1.655509460429214239e+08 3.000000000000000000e+00
1.106848488549412035e-01 1.656144136279816926e+08 2.999999999999999556e+00
1.127467958244946084e-01 1.656766065917741060e+08 3.000000000000000444e+00
1.148471547840289042e-01 1.657375338228002489e+08 3.000000000000000000e+00
1.169866413101306873e-01 1.657972105298191309e+08 3.000000000000000000e+00
1.191659843098558796e-01 1.658556613734086156e+08 2.999999999999999556e+00
1.213859262690627772e-01 1.659129198899146616e+08 3.000000000000000444e+00
1.236472235053715091e-01 1.659690091665436924e+08 3.000000000000000000e+00
1.259506464258357550e-01 1.660239459520717859e+08 2.999999999999999112e+00
1.282969797894147612e-01 1.660777556292949915e+08 3.000000000000000444e+00
1.306870229743346268e-01 1.661304733483457863e+08 2.999999999999998668e+00
1.331215902504307713e-01 1.661821353518481255e+08 3.000000000000000000e+00
1.356015110565633452e-01 1.662327709864713252e+08 2.999999999999999556e+00
1.381276302832009362e-01 1.662824175323515236e+08 2.999999999999999556e+00
1.407008085602685088e-01 1.663311227525602579e+08 2.999999999999999112e+00
1.433219225503573890e-01 1.663789417151955664e+08 2.999999999999999112e+00
1.459918652473978506e-01 1.664259336420252621e+08 2.999999999999999556e+00
1.487115462808953625e-01 1.664721692087633908e+08 3.000000000000000444e+00
1.514818922258345801e-01 1.665177322558059990e+08 3.000000000000000000e+00
1.543038469183564687e-01 1.665627171293707192e+08 3.000000000000000000e+00
1.571783717773162781e-01 1.666072297349133492e+08 3.000000000000000444e+00
1.601064461318317811e-01 1.666513921182111502e+08 3.000000000000000000e+00
1.630890675549332702e-01 1.666953525232039094e+08 3.000000000000000000e+00
1.661272522034293042e-01 1.667393108148552775e+08 3.000000000000000000e+00
1.692220351641037235e-01 1.667834995679980218e+08 3.000000000000000444e+00
1.723744708063619790e-01 1.668281797412171364e+08 3.000000000000000444e+00
1.755856331414468730e-01 1.668736429964047074e+08 3.000000000000000444e+00
1.788566161883461958e-01 1.669202141850746572e+08 3.000000000000000444e+00
1.821885343465165230e-01 1.669682576110579967e+08 3.000000000000000888e+00
1.855825227755517060e-01 1.670182216233554482e+08 3.000000000000000000e+00
1.890397377819219571e-01 1.670706327019408643e+08 3.000000000000000444e+00
1.925613572129196704e-01 1.671260725321961045e+08 2.999999999999999556e+00
1.961485808579429280e-01 1.671851818041509092e+08 3.000000000000000000e+00
1.998026308572548593e-01 1.672486648490118682e+08 3.000000000000000444e+00
2.035247521183575770e-01 1.673173214386155307e+08 3.000000000000000000e+00
2.073162127401229071e-01 1.673921579730442464e+08 2.999999999999999556e+00
2.111783044448242164e-01 1.674743179991985261e+08 2.999999999999999556e+00
2.151123430182164953e-01 1.675650554272567630e+08 2.999999999999999556e+00
2.191196687578147451e-01 1.676657433420725465e+08 2.999999999999999112e+00
2.232016469295232397e-01 1.677778835641215444e+08 2.999999999999999112e+00
2.273596682327715113e-01 1.679031170354443789e+08 2.999999999999999556e+00
2.315951492743152096e-01 1.680432351216835082e+08 2.999999999999999556e+00
2.359095330508633737e-01 1.682001919340337217e+08 3.000000000000000888e+00
2.403042894406967056e-01 1.683761177895869911e+08 2.999999999999999556e+00
2.447809157044440187e-01 1.685733339455921650e+08 3.000000000000000444e+00
2.493409369951877785e-01 1.687943687628450394e+08 3.000000000000000000e+00
2.539859068780723761e-01 1.690419210681257844e+08 2.999999999999999556e+00
2.587174078595921300e-01 1.693185816712860465e+08 3.000000000000000888e+00
2.635370519267393186e-01 1.696270227035596967e+08 3.000000000000000444e+00
2.684464810961962322e-01 1.699701356869187355e+08 2.999999999999999556e+00
2.734473679737579599e-01 1.703510510947729945e+08 3.000000000000000888e+00
2.785414163241766161e-01 1.707731597212647796e+08 3.000000000000000444e+00
2.837303616516211324e-01 1.712401363716307878e+08 3.000000000000000444e+00
2.890159717909508430e-01 1.717559661805500090e+08 3.000000000000000444e+00
2.944000475100033709e-01 1.723249739119341373e+08 3.000000000000000888e+00
2.998844231231027613e-01 1.729518566480751038e+08 3.000000000000000444e+00
3.054709671159968054e-01 1.736413894087656140e+08 3.000000000000000444e+00
3.111615827824359970e-01 1.743972984057343006e+08 3.000000000000000000e+00
3.169582088726115021e-01 1.752231638234570622e+08 2.999999999999999556e+00
3.228628202536730218e-01 1.761227880414545536e+08 3.000000000000000000e+00
3.288774285825510346e-01 1.771002131332843602e+08 3.000000000000000444e+00
3.350040829913132900e-01 1.781597399710045159e+08 3.000000000000000000e+00
3.412448707852889229e-01 1.793059491020769179e+08 2.999999999999999556e+00
3.476019181541977754e-01 1.805437235807744861e+08 2.999999999999999556e+00
3.540773908965269556e-01 1.818781776541684866e+08 2.999999999999999556e+00
3.606734951574028236e-01 1.833134245350401402e+08 3.000000000000000888e+00
3.673924781802074269e-01 1.848527521595728397e+08 3.000000000000000444e+00
3.742366290721980682e-01 1.864994509676527381e+08 3.000000000000000444e+00
3.812082795843887983e-01 1.882568151130649447e+08 3.000000000000000888e+00
3.883098049059605095e-01 1.901281203673579097e+08 3.000000000000000444e+00
3.955436244734701345e-01 1.921165975748898983e+08 3.000000000000000000e+00
4.029122027951347884e-01 1.942253950331226289e+08 3.000000000000000444e+00
4.104180502904709038e-01 1.964572947334173620e+08 2.999999999999999112e+00
4.180637241455757991e-01 1.988145325590530932e+08 2.999999999999999556e+00
4.258518291843414461e-01 2.012990048001007140e+08 3.000000000000000000e+00
4.337850187558989212e-01 2.039122137561767101e+08 3.000000000000000000e+00
4.418659956385941334e-01 2.066551807573155165e+08 2.999999999999999556e+00
4.500975129608046355e-01 2.095283464185698032e+08 3.000000000000000444e+00
4.584823751389096036e-01 2.125316517862423956e+08 2.999999999999999556e+00
4.670234388327330621e-01 2.156650334778324664e+08 2.999999999999999556e+00
4.757236139187884794e-01 2.189278317269337177e+08 2.999999999999999112e+00
4.845858644816490868e-01 2.223184862992896438e+08 3.000000000000000000e+00
4.936132098237911991e-01 2.258343822769844830e+08 2.999999999999999556e+00
5.028087254942474882e-01 2.294717032498995662e+08 3.000000000000000000e+00
5.121755443364236493e-01 2.332272709596192241e+08 2.999999999999999556e+00
5.217168575554343990e-01 2.371002552113126814e+08 3.000000000000000888e+00
5.314359158053235666e-01 2.410893994198104739e+08 3.000000000000000000e+00
5.413360302965375404e-01 2.451926042346428633e+08 3.000000000000000000e+00
5.514205739240296555e-01 2.494068008252223432e+08 3.000000000000000444e+00
5.616929824163804374e-01 2.537278106746047139e+08 2.999999999999999556e+00
5.721567555063246102e-01 2.581501911548192203e+08 3.000000000000000444e+00
5.828154581230839959e-01 2.626670662921355069e+08 3.000000000000000444e+00
5.936727216069119795e-01 2.672699423261196315e+08 2.999999999999999112e+00
6.047322449462643190e-01 2.719486205145091414e+08 3.000000000000000000e+00
6.159977960380161877e-01 2.766948447137457132e+08 2.999999999999999112e+00
6.274732129711574347e-01 2.815038727057349682e+08 2.999999999999999556e+00
6.391624053343999412e-01 2.863705359839174747e+08 2.999999999999999112e+00
6.510693555481454897e-01 2.912889168133648634e+08 3.000000000000000000e+00
6.631981202212668958e-01 2.962522869786362648e+08 3.000000000000000444e+00
6.755528315331639222e-01 3.012530439341243505e+08 3.000000000000000000e+00
6.881376986415662644e-01 3.062826446114512682e+08 2.999999999999999556e+00
7.009570091165617800e-01 3.113315375208743811e+08 3.000000000000000444e+00
7.140151304013395706e-01 3.163900391806005239e+08 3.000000000000000444e+00
7.273165113001454074e-01 3.214506569751430154e+08 3.000000000000000888e+00
7.408656834939559843e-01 3.265060902479904294e+08 3.000000000000000888e+00
7.546672630843886953e-01 3.315486867877479792e+08 3.000000000000000888e+00
7.687259521663728501e-01 3.365704596789377928e+08 3.000000000000000000e+00
7.830465404301183430e-01 3.415631086018553376e+08 3.000000000000000444e+00
7.976339067929273385e-01 3.465180459160107970e+08 3.000000000000000444e+00
8.124930210614047521e-01 3.514265558264814615e+08 3.000000000000000000e+00
8.276289456246344045e-01 3.562805944861487150e+08 3.000000000000000000e+00
8.430468371788967241e-01 3.610724742338879108e+08 3.000000000000000000e+00
8.587519484845170803e-01 3.657946250394041538e+08 2.999999999999999556e+00
8.747496301554414933e-01 3.704396684856575727e+08 3.000000000000000000e+00
8.910453324821513421e-01 3.750004996066735983e+08 2.999999999999999112e+00
9.076446072885356875e-01 3.794703701002972722e+08 2.999999999999999112e+00
9.245531098233570333e-01 3.838428207353459597e+08 2.999999999999999556e+00
9.417766006869519035e-01 3.881117310777654052e+08 2.999999999999999556e+00
9.593209477938241525e-01 3.922715820699110031e+08 3.000000000000000444e+00
9.771921283717996953e-01 3.963175784730799198e+08 3.000000000000000000e+00
9.953962309984233370e-01 4.002457693479946852e+08 3.000000000000000444e+00
1.013939457675291811e+00 4.040528086765605807e+08 3.000000000000000888e+00
1.032828125941028574e+00 4.077330876737943292e+08 3.000000000000001332e+00
1.052068671023622892e+00 4.112799236045219898e+08 3.000000000000000000e+00
1.071667648032863296e+00 4.146871637078551054e+08 3.000000000000000000e+00
1.091631734193614811e+00 4.179492962331094146e+08 3.000000000000000888e+00
1.111967731120699021e+00 4.210615536896318793e+08 3.000000000000000000e+00
1.132682567136153784e+00 4.240200212323685288e+08 3.000000000000000888e+00
1.153783299629660863e+00 4.268217499978143573e+08 3.000000000000000444e+00
1.175277117462945276e+00 4.294648752105841041e+08 3.000000000000000444e+00
1.197171343418965694e+00 4.319487389063674808e+08 3.000000000000000444e+00
1.219473436696737023e+00 4.342740171673263907e+08 3.000000000000000000e+00
1.242190995452616242e+00 4.364428518468091488e+08 3.000000000000000444e+00
1.265331759388941713e+00 4.384585401509615183e+08 3.000000000000000444e+00
1.288903612390891462e+00 4.403205798301144838e+08 3.000000000000000888e+00
1.312914585212463958e+00 4.420258752692894936e+08 3.000000000000000000e+00
1.337372858212495075e+00 4.435720154801107645e+08 3.000000000000000888e+00
1.362286764141645401e+00 4.449574149337165952e+08 3.000000000000000444e+00
1.387664790981307128e+00 4.461813982715988755e+08 2.999999999999999556e+00
1.413515584835394190e+00 4.472442874908383489e+08 3.000000000000000000e+00
1.439847952876006643e+00 4.481474914745382667e+08 2.999999999999999556e+00
1.466670866343967150e+00 4.488935977867621183e+08 3.000000000000000444e+00
1.493993463605256311e+00 4.494864667216178179e+08 3.000000000000000444e+00
1.521825053264385552e+00 4.499307394113601446e+08 3.000000000000000444e+00
1.550175117335768737e+00 4.502277254093858004e+08 3.000000000000000444e+00
1.579053314474174297e+00 4.503774007000547051e+08 3.000000000000000444e+00
1.608469483265355215e+00 4.503804973103517294e+08 3.000000000000000444e+00
1.638433645577983100e+00 4.502385775902070403e+08 3.000000000000000000e+00
1.668956009978023181e+00 4.499540975379255414e+08 3.000000000000000444e+00
1.700046975206716438e+00 4.495304713819122910e+08 3.000000000000000444e+00
1.731717133723352786e+00 4.489721374312321544e+08 3.000000000000000000e+00
1.763977275314043469e+00 4.482845519697037339e+08 3.000000000000000000e+00
1.796838390767719229e+00 4.474718709399322271e+08 3.000000000000000000e+00
1.830311675620611256e+00 4.465362029258059859e+08 2.999999999999999556e+00
1.864408533970485227e+00 4.454801881759180427e+08 3.000000000000000444e+00
1.899140582361933616e+00 4.443072087839357257e+08 3.000000000000000444e+00
1.934519653744044332e+00 4.430214354406525493e+08 3.000000000000000888e+00
1.970557801501798378e+00 4.416278751366573572e+08 3.000000000000000888e+00
2.007267303562568106e+00 4.401324120837211013e+08 3.000000000000000444e+00
2.044660666579115826e+00 4.385400810595527291e+08 3.000000000000000888e+00
2.082750630190514318e+00 4.368526129195998907e+08 3.000000000000000444e+00
2.121550171362450055e+00 4.350716220420219898e+08 3.000000000000000444e+00
2.161072508808376647e+00 4.331991559276850820e+08 3.000000000000000444e+00
2.201331107493030181e+00 4.312377213425414562e+08 3.000000000000000888e+00
2.242339683219845003e+00 4.291903109491217136e+08 3.000000000000000444e+00
2.284112207303823361e+00 4.270604304440061450e+08 3.000000000000000444e+00
2.326662911331458083e+00 4.248521262393428087e+08 3.000000000000000000e+00
2.370006292009327886e+00 4.225700137531205416e+08 3.000000000000000444e+00
2.414157116103017753e+00 4.202193064058297276e+08 3.000000000000000000e+00
2.459130425468043946e+00 4.178058454612780213e+08 3.000000000000000000e+00
2.504941542174502267e+00 4.153361297080811262e+08 2.999999999999999556e+00
2.551606073727183954e+00 4.128160066819571853e+08 3.000000000000000000e+00
2.599139918382932901e+00 4.102479389161005616e+08 2.999999999999999112e+00
2.647559270567066747e+00 4.076339402558211088e+08 3.000000000000000444e+00
2.696880626390692370e+00 4.049762645470128655e+08 3.000000000000000888e+00
2.747120789270811603e+00 4.022774175668386221e+08 3.000000000000000000e+00
2.798296875655115645e+00 3.995401693074225187e+08 3.000000000000000000e+00
2.850426320853434614e+00 3.967675666489378810e+08 3.000000000000000000e+00
2.903526884977813971e+00 3.939629464690419436e+08 3.000000000000000888e+00
2.957616658993253544e+00 3.911299492483620644e+08 3.000000000000000888e+00
3.012714070881164385e+00 3.882725282007542253e+08 3.000000000000000444e+00
3.068837891917642224e+00 3.853941944177390933e+08 3.000000000000000444e+00
3.126007243068700259e+00 3.824971176562017798e+08 3.000000000000000444e+00
3.184241601504649744e+00 3.795834278066260219e+08 3.000000000000000444e+00
3.243560807235807975e+00 3.766554096706023216e+08 3.000000000000000888e+00
3.303985069871854918e+00 3.737155097207006216e+08 3.000000000000000000e+00
3.365534975507090909e+00 3.707663431739933491e+08 3.000000000000000444e+00
3.428231493733967294e+00 3.678107014196663499e+08 3.000000000000000444e+00
3.492095984787267682e+00 3.648515598485804796e+08 3.000000000000000000e+00
3.557150206821382277e+00 3.618918948962728381e+08 2.999999999999999556e+00
3.623416323323146226e+00 3.589337388278154731e+08 2.999999999999999556e+00
3.690916910662774608e+00 3.559788147179483771e+08 2.999999999999999556e+00
3.759674965785463563e+00 3.530289214783586860e+08 3.000000000000000000e+00
3.829713914046277257e+00 3.500859371772519350e+08 3.000000000000000444e+00
3.901057617190989202e+00 3.471518220324285626e+08 3.000000000000000444e+00
3.973730381485604202e+00 3.442286216106016636e+08 3.000000000000000444e+00
4.047756965997318268e+00 3.413184209501823783e+08 3.000000000000000000e+00
4.123162591029748469e+00 3.384227562105206847e+08 3.000000000000000000e+00
4.199972946715301525e+00 3.355427596093917489e+08 2.999999999999999556e+00
4.278214201767612579e+00 3.326795632920820713e+08 3.000000000000000000e+00
4.357913012397025554e+00 3.298343068592634201e+08 3.000000000000000444e+00
4.439096531392166867e+00 3.270081365983538032e+08 2.999999999999999556e+00
4.521792417370697592e+00 3.242022046951871514e+08 2.999999999999999556e+00
4.606028844202397998e+00 3.214176684258824587e+08 3.000000000000000444e+00
4.691834510607794329e+00 3.186556893287005424e+08 2.999999999999999556e+00
4.779238649935595440e+00 3.159174323554033637e+08 2.999999999999999112e+00
4.868271040122278848e+00 3.132040650014123321e+08 3.000000000000000000e+00
4.958962013837211913e+00 3.105167564137552977e+08 2.999999999999999556e+00
5.051342468816761411e+00 3.078566623738722205e+08 3.000000000000000000e+00
5.145443878390924652e+00 3.052246770335703492e+08 3.000000000000000000e+00
5.241298302206056192e+00 3.026214411095830202e+08 3.000000000000000444e+00
5.338938397147350301e+00 3.000475443933891058e+08 3.000000000000000888e+00
5.438397428464796235e+00 2.975035293160551190e+08 3.000000000000000000e+00
5.539709281106400596e+00 2.949898870113079548e+08 3.000000000000000000e+00
5.642908471262536807e+00 2.925070531200322509e+08 3.000000000000000000e+00
5.748030158125351008e+00 2.900554033146108985e+08 2.999999999999999556e+00
5.855110155867238042e+00 2.876352485198541284e+08 2.999999999999999556e+00
5.964184945842459840e+00 2.852468298055662513e+08 3.000000000000000000e+00
6.075291689016070862e+00 2.828903301189845204e+08 3.000000000000000000e+00
6.188468238624382778e+00 2.805660499430455565e+08 3.000000000000000000e+00
6.303753153071275150e+00 2.782743462357393503e+08 2.999999999999999556e+00
6.421185709064758385e+00 2.760155122682006359e+08 3.000000000000000000e+00
6.540805914998252923e+00 2.737897705043044090e+08 3.000000000000000444e+00
6.662654524581149929e+00 2.715972669619671702e+08 3.000000000000000444e+00
6.786773050723295064e+00 2.694380651580599546e+08 3.000000000000000444e+00
6.913203779678127603e+00 2.673121396031913161e+08 3.000000000000000000e+00
7.041989785449288775e+00 2.652193712853383422e+08 3.000000000000000000e+00
7.173174944465612768e+00 2.631597000286557674e+08 3.000000000000000000e+00
7.306803950529499936e+00 2.611332303609973192e+08 3.000000000000000000e+00
7.442922330043757917e+00 2.591400062626113296e+08 2.999999999999999556e+00
7.581576457522110069e+00 2.571799824635555446e+08 3.000000000000000444e+00
7.722813571388642551e+00 2.552530172546630502e+08 3.000000000000000000e+00
7.866681790071582192e+00 2.533588647426403165e+08 2.999999999999999112e+00
8.013230128396878982e+00 2.514971665900630355e+08 3.000000000000000000e+00
8.162508514287219796e+00 2.496675950012686253e+08 3.000000000000000000e+00
8.314567805772055564e+00 2.478701792350755632e+08 2.999999999999999556e+00
8.469459808314576676e+00 2.461049531175549328e+08 3.000000000000000444e+00
8.627237292461440887e+00 2.443718628753093481e+08 2.999999999999999556e+00
8.787954011821311084e+00 2.426707598050401211e+08 3.000000000000000000e+00
8.951664721378293166e+00 2.410013923564727306e+08 3.000000000000000888e+00
9.118425196146562328e+00 2.393633975835588872e+08 3.000000000000000444e+00
9.288292250172489162e+00 2.377562919171324670e+08 3.000000000000000888e+00
9.461323755890759912e+00 2.361794612109527886e+08 3.000000000000000444e+00
9.637578663841079418e+00 2.346321500123365819e+08 3.000000000000000444e+00
9.817117022752183786e+00 2.331134500084303617e+08 3.000000000000000444e+00
1.000000000000000000e+01 2.316222876000001132e+08 3.000000000000000000e+00
