# Source: PRIMAT compilation, https://doi.org/10.1016/j.physrep.2018.04.005
1.000000000000000021e-03 9.999999999999999237e-25 1.067700000000000093e+00
1.018628990244687619e-03 1.546326518131481892e-24 1.067618648076843479e+00
1.037605019766911670e-03 2.397449629415066933e-24 1.067537146403901183e+00
1.056934553557988335e-03 3.726467395849141187e-24 1.067455529557080007e+00
1.076624177045493267e-03 5.806238406533361101e-24 1.067373833374970715e+00
1.096680598336868600e-03 9.067549362931948176e-24 1.067292094961421745e+00
1.117110650504824203e-03 1.419148948236897319e-23 1.067210352684882180e+00
1.137921293915315117e-03 2.225625535876480119e-23 1.067128646174189344e+00
1.159119618598885779e-03 3.497058957889221026e-23 1.067047016310452845e+00
1.180712846666190276e-03 5.504511988106134150e-23 1.066965505214659604e+00
1.202708334768511989e-03 8.678317736222365982e-23 1.066884156230599068e+00
1.225113576604118949e-03 1.370208191165638286e-22 1.066803013902676511e+00
1.247936205471311460e-03 2.166221590208568425e-22 1.066722123948153245e+00
1.271183996869028896e-03 3.428570887754097004e-22 1.066641533223317229e+00
1.294864871145904933e-03 5.431797506603864011e-22 1.066561289683054747e+00
1.318986896198670470e-03 8.612279336913284953e-22 1.066481442333253593e+00
1.343558290220826226e-03 1.366338663993174546e-21 1.066402041175430693e+00
1.368587424502519176e-03 2.168621182758332449e-21 1.066323137142931365e+00
1.394082826282578647e-03 3.442796210213031668e-21 1.066244782028005211e+00
1.420053181653683095e-03 5.465832481792341672e-21 1.066167028399011674e+00
1.446507338521647217e-03 8.676244663417175356e-21 1.066089929506963019e+00
1.473454309619835756e-03 1.376730488599438193e-20 1.066013539180547198e+00
1.500903275579736594e-03 2.183318828017185115e-20 1.065937911708725760e+00
1.528863588058731147e-03 3.459746459511115915e-20 1.065863101709933813e+00
1.557344772926135207e-03 5.476922548380444362e-20 1.065789163986844201e+00
1.586356533508589657e-03 8.659626962437442603e-20 1.065716153365585450e+00
1.615908753895919101e-03 1.367212431851836690e-19 1.065644124518236202e+00
1.646011502308549748e-03 2.155014375639549339e-19 1.065573131767328041e+00
1.676675034527699143e-03 3.390347741877971388e-19 1.065503228871014896e+00
1.707909797389426916e-03 5.322558751069528800e-19 1.065434468787468614e+00
1.739726432343800767e-03 8.336448869193483394e-19 1.065366903416972599e+00
1.772135779080358372e-03 1.302353133554317006e-18 1.065300583320077488e+00
1.805148879221108154e-03 2.028929046332571359e-18 1.065235557410079581e+00
1.838776980082326793e-03 3.151374116093844120e-18 1.065171872617966420e+00
1.873031538506436536e-03 4.879039021392758575e-18 1.065109573527852627e+00
1.907924224765265072e-03 7.527975938558811593e-18 1.065048701980799706e+00
1.943466926536020246e-03 1.157291736224788172e-17 1.064989296644779149e+00
1.979671752951332481e-03 1.772321895814857449e-17 1.064931392548386979e+00
2.016551038724746607e-03 2.703310227715879761e-17 1.064875020575772879e+00
2.054117348353064112e-03 4.106065102856885949e-17 1.064820206920071621e+00
2.092383480396977150e-03 6.209563267393041726e-17 1.064766972492463770e+00
2.131362471841437810e-03 9.348383867917087037e-17 1.064715332283798332e+00
2.171067602537264923e-03 1.400859315413368265e-16 1.064665294675520846e+00
2.211512399725488933e-03 2.089226552646079743e-16 1.064616860696442791e+00
2.252710642645980484e-03 3.100769372432759281e-16 1.064570023221667938e+00
2.294676367231936100e-03 4.579485904557446999e-16 1.064524766109762322e+00
2.337423870891814758e-03 6.729914320993554480e-16 1.064481063274008932e+00
2.380967717380358135e-03 9.841091547806239800e-16 1.064438877683326012e+00
2.425322741760352948e-03 1.431950336225660747e-15 1.064398160288160033e+00
2.470504055456825433e-03 2.073432174730291072e-15 1.064358848866370444e+00
2.516527051405391836e-03 2.987948380318702038e-15 1.064320866783818875e+00
2.563407409296514835e-03 4.285896632235067279e-15 1.064284121664055505e+00
2.611161100917459583e-03 6.120422006177749412e-15 1.064248503961151782e+00
2.659804395593758260e-03 8.703656396397223107e-15 1.064213885429373896e+00
2.709353865732051433e-03 1.232930519993223689e-14 1.064180117483012999e+00
2.759826392466180594e-03 1.740429382895460661e-14 1.064147029439292513e+00
2.811239171408464344e-03 2.449350111164512911e-14 1.064114426636854072e+00
2.863609718508115885e-03 3.438363719748236861e-14 1.064082088421890226e+00
2.916955876018795853e-03 4.817549927372769644e-14 1.064049765993529739e+00
2.971295818577334054e-03 6.741886957015785245e-14 1.064017180099606108e+00
3.026648059395692196e-03 9.431053272376611944e-14 1.063984030770855682e+00
3.083031456568277075e-03 1.319249337719563572e-13 1.063950302667008074e+00
3.140465219496752208e-03 1.845130240555613281e-13 1.063916325694188370e+00
3.198968915434537586e-03 2.579846150259223841e-13 1.063882485012686674e+00
3.258562476153226226e-03 3.605445398461231632e-13 1.063849208948004499e+00
3.319266204733189573e-03 5.035616763649654282e-13 1.063816972363055724e+00
3.381100782480685445e-03 7.027551761552615955e-13 1.063786300261008400e+00
3.444087275973823411e-03 9.798078052976854876e-13 1.063757771633987215e+00
3.508247144239792347e-03 1.364551638793597198e-12 1.063732023573926488e+00
3.573602246065788347e-03 1.897916839606517057e-12 1.063709755663006407e+00
3.640174847446141400e-03 2.635892311728260392e-12 1.063691734662352895e+00
3.707987629168172684e-03 3.654820440590360724e-12 1.063678799519031326e+00
3.777063694539364597e-03 5.058440086395029330e-12 1.063671866712828429e+00
3.847426577258505898e-03 6.987205961241543818e-12 1.063671935965915916e+00
3.919100249433401899e-03 9.630552223539226167e-12 1.063680096340224424e+00
3.992109129748053209e-03 1.324293740441103455e-11 1.063697532749251273e+00
4.066478091781853925e-03 1.816497307742306491e-11 1.063725214800218977e+00
4.142232472483897525e-03 2.485259626225619418e-11 1.063762379073386777e+00
4.219398080805024202e-03 3.391434888253954422e-11 1.063807498349536695e+00
4.298001206490798497e-03 4.616007890844169068e-11 1.063858835907400158e+00
4.378068629038166758e-03 6.266528344971580339e-11 1.063914428597890538e+00
4.459627626819095622e-03 8.485577876760138827e-11 1.063972068191048725e+00
4.542705986374042521e-03 1.146193451911066169e-10 1.064029281463706678e+00
4.627332011878692967e-03 1.544533872688890337e-10 1.064083308963106544e+00
4.713534534786906725e-03 2.076610211904235151e-10 1.064131082381484017e+00
4.801342923653449841e-03 2.786128022947011199e-10 1.064169200477051991e+00
4.890787094139589959e-03 3.730982087373346672e-10 1.064193903478070524e+00
4.981897519205159656e-03 4.988010208135017011e-10 1.064201045908911292e+00
5.074705239490466188e-03 6.659226331387957118e-10 1.064186729580802071e+00
5.169241873891598608e-03 8.878130019308691779e-10 1.064151658612077611e+00
5.265539630332755246e-03 1.181904791752563755e-09 1.064098970633783781e+00
5.363631316739239652e-03 1.570983125121843136e-09 1.064032249397587560e+00
5.463550352214875498e-03 2.084763653024200103e-09 1.063955551003172406e+00
5.565330778427646403e-03 2.761917131563345867e-09 1.063873442104362965e+00
5.669007271207434327e-03 3.652664089550510779e-09 1.063791040895285089e+00
5.774615152359819509e-03 4.822097522392184247e-09 1.063714061121349141e+00
5.882190401699956099e-03 6.354436791066386977e-09 1.063648859390905255e+00
5.991769669310619169e-03 8.358475563349887445e-09 1.063602486099327615e+00
6.103390288028621123e-03 1.097449317093383736e-08 1.063581011459379111e+00
6.217090286163826779e-03 1.438270433227148597e-08 1.063582224447637392e+00
6.332908400455114321e-03 1.881432827340689705e-08 1.063600712942797122e+00
6.450884089267692675e-03 2.456571797478542646e-08 1.063630362620065828e+00
6.571057546036270826e-03 3.201630245523003297e-08 1.063664299547266268e+00
6.693469712958660493e-03 4.165153349730160767e-08 1.063694828210422383e+00
6.818162294944479437e-03 5.409233704457559569e-08 1.063713365757479545e+00
6.945177773823696388e-03 7.013308086060835333e-08 1.063710372407586258e+00
7.074559422819878297e-03 9.079022534469192168e-08 1.063675722015486214e+00
7.206351321293052656e-03 1.173540396988906062e-07 1.063605816539362481e+00
7.340598369757212090e-03 1.514550410034352398e-07 1.063503204610830144e+00
7.477346305177588227e-03 1.951570155059924753e-07 1.063371057940744269e+00
7.616641716552892058e-03 2.510689878520909670e-07 1.063213031948864851e+00
7.758532060787835978e-03 3.224857653932351660e-07 1.063033305491172920e+00
7.903065678861348128e-03 4.135650291338695707e-07 1.062836623388712098e+00
8.050291812295981564e-03 5.295507793124304789e-07 1.062628364792485902e+00
8.200260619934130954e-03 6.770278507313229041e-07 1.062415917159295065e+00
8.353023195026778799e-03 8.642174213486566619e-07 1.062209643055556096e+00
8.508631582640582489e-03 1.101391779673850588e-06 1.062021259764783121e+00
8.667138797389234081e-03 1.401370413787684072e-06 1.061863770750373526e+00
8.828598841495149604e-03 1.780131727777453542e-06 1.061751568502134591e+00
8.993066723187623582e-03 2.257572409955960076e-06 1.061700546524743993e+00
9.160598475443709407e-03 2.858433647381136664e-06 1.061724564272070959e+00
9.331251175078249249e-03 3.613365156164603721e-06 1.061821771116786994e+00
9.505082962189511861e-03 4.560329637811545681e-06 1.061984859338013454e+00
9.682153059967075343e-03 5.746346511159354205e-06 1.062205415406906051e+00
9.862521794868784469e-03 7.229647153912830088e-06 1.062473819976572642e+00
1.004625061717340749e-02 9.082373027948915077e-06 1.062779096294630854e+00
1.023340212191641702e-02 1.139360149796058310e-05 1.063103318138616915e+00
1.042404007021556327e-02 1.427266085722544411e-05 1.063415354389474654e+00
1.061822941099384125e-02 1.785406695765881055e-05 1.063679148889682624e+00
1.081603630310709954e-02 2.230338336670198681e-05 1.063854595329299491e+00
1.101752813788386791e-02 2.782444860165188879e-05 1.063897252641656799e+00
1.122277356208507652e-02 3.466739977204359924e-05 1.063775502537832152e+00
1.143184250129149725e-02 4.313590419991440456e-05 1.063510268111701462e+00
1.164480618372686072e-02 5.359937169130500595e-05 1.063136516729316527e+00
1.186173716452478509e-02 6.650705069574399492e-05 1.062693706330802623e+00
1.208270935044776506e-02 8.240455418835439250e-05 1.062226180672400044e+00
1.230779802506665188e-02 1.019536507258379782e-04 1.061786698036726317e+00
1.253707987440920262e-02 1.259561195246459162e-04 1.061438610509534364e+00
1.277063301308643990e-02 1.553829351472073891e-04 1.061252603336730216e+00
1.300853701090571267e-02 1.914097362727804519e-04 1.061307004321385028e+00
1.325087291997953214e-02 2.354591927997665320e-04 1.061640329914565140e+00
1.349772330233941706e-02 2.892496149981754272e-04 1.062116508709827878e+00
1.374917225806419029e-02 3.548591205682244702e-04 1.062541629316106073e+00
1.400530545393219653e-02 4.348044293962071284e-04 1.062698982587653385e+00
1.426621015260736910e-02 5.321185873724882569e-04 1.062430469240100761e+00
1.453197524236895383e-02 6.503793643225910586e-04 1.061882084564381046e+00
1.480269126739508674e-02 7.938219194964286516e-04 1.061295357473812206e+00
1.507845045861051086e-02 9.674587849262604152e-04 1.060938023869570701e+00
1.535934676510897039e-02 1.177302429073666216e-03 1.060952064891622859e+00
1.564547588616095955e-02 1.430725576833192852e-03 1.061210064795587771e+00
1.593693530381774456e-02 1.736699391364849134e-03 1.061538698622328969e+00
1.623382431612278159e-02 2.106116901957487755e-03 1.061763646091214097e+00
1.653624407094180307e-02 2.551694519075615140e-03 1.061847406065786314e+00
1.684429760042315330e-02 3.088276352449626817e-03 1.061823889168094670e+00
1.715808985610004986e-02 3.733336213175667082e-03 1.061731877302831695e+00
1.747772774464680795e-02 4.507372296030338205e-03 1.061614968158362426e+00
1.780332016430113962e-02 5.434341039295775486e-03 1.061521943624383457e+00
1.813497804196495186e-02 6.542143610595133746e-03 1.061506231005128198e+00
1.847281437099634188e-02 7.863738771900906366e-03 1.061590197017676207e+00
1.881694424970555696e-02 9.438610347344373805e-03 1.061749633668635395e+00
1.916748492056815148e-02 1.131367743770584494e-02 1.061953913240368363e+00
1.952455581016860828e-02 1.354484387355347867e-02 1.062168631725784351e+00
1.988827856988809734e-02 1.619900655329009967e-02 1.062355293769409847e+00
2.025877711735016989e-02 1.935631514886736182e-02 1.062473938965158737e+00
2.063617767863858837e-02 2.310951565617556241e-02 1.062511898700116086e+00
2.102060883130158278e-02 2.756556167709836580e-02 1.062474769965711774e+00
2.141220154815729262e-02 3.284926226319757891e-02 1.062369384811847839e+00
2.181108924191518805e-02 3.910604153092637342e-02 1.062203653264300218e+00
2.221740781062883641e-02 4.650506878921762538e-02 1.061986649122400372e+00
2.263129568399528321e-02 5.524284130605158771e-02 1.061728701806964548e+00
2.305289387051707301e-02 6.554729488742092047e-02 1.061441494923278439e+00
2.348234600554275145e-02 7.768253604063710127e-02 1.061138172322651618e+00
2.391979840020238418e-02 9.195431408430962406e-02 1.060833452587080838e+00
2.436540009125464853e-02 1.087163840680274440e-01 1.060543753028957425e+00
2.481930289186254010e-02 1.283779542731843248e-01 1.060287324496287154e+00
2.528166144331499277e-02 1.514122500032068774e-01 1.060083412702058636e+00
2.575263326771199887e-02 1.783631348834502639e-01 1.059938542191674049e+00
2.623237882163122203e-02 2.098546359583118026e-01 1.059848308821838225e+00
2.672106155079433804e-02 2.466048150428507557e-01 1.059807294160692415e+00
2.721884794575178332e-02 2.894403657512714112e-01 1.059809257479995326e+00
2.772590759860482645e-02 3.393139483727999339e-01 1.059847062503439963e+00
2.824241326078434297e-02 3.973250406999716544e-01 1.059912599068461025e+00
2.876854090190592711e-02 4.647452568953405194e-01 1.059996699544444532e+00
2.930446976972142861e-02 5.430493795860443784e-01 1.060089049889392010e+00
2.985038245118730796e-02 6.339537369090104679e-01 1.060178095278217159e+00
3.040646493467067182e-02 7.394554355440436932e-01 1.060251843449666165e+00
3.097290667331408301e-02 8.617977246293828664e-01 1.060305629586274501e+00
3.154990064958086704e-02 1.003500073562517692e+00 1.060339184332947937e+00
3.213764344100276948e-02 1.167426488464229806e+00 1.060352340494247869e+00
3.273633528715245988e-02 1.356828993552157581e+00 1.060344994436402510e+00
3.334618015786364187e-02 1.575396258404852423e+00 1.060317113010371015e+00
3.396738582272208068e-02 1.827308763237261324e+00 1.060268740985565339e+00
3.460016392185108480e-02 2.117301819564349152e+00 1.060200009026739609e+00
3.524473003801584237e-02 2.450738148407682893e+00 1.060111142248685523e+00
3.590130377007068330e-02 2.833692218717256406e+00 1.060002469385695090e+00
3.657010880777489259e-02 3.273049197271162836e+00 1.059874432615278694e+00
3.725137300800209633e-02 3.776622199585073947e+00 1.059727598078408661e+00
3.794532847236938011e-02 4.353292613391738897e+00 1.059562667141598524e+00
3.865221162631261864e-02 5.013179663092786953e+00 1.059380488449495950e+00
3.937226329963479377e-02 5.767847189666618135e+00 1.059182070820379629e+00
4.010572880855495931e-02 6.630557526405496560e+00 1.058968597414311485e+00
4.085285803928561527e-02 7.616325824375076436e+00 1.058741634480673488e+00
4.161390553316707264e-02 8.741578248904524173e+00 1.058503498511579544e+00
4.238913057338778573e-02 1.002463686726967040e+01 1.058256896919062884e+00
4.317879727332021161e-02 1.148602229985433709e+01 1.058004875040817971e+00
4.398317466650223523e-02 1.314870649533146718e+01 1.057750843060876855e+00
4.480253679829489938e-02 1.503840154577641641e+01 1.057498604856679680e+00
4.563716281924758839e-02 1.718389291076414338e+01 1.057252388931042342e+00
4.648733708020256344e-02 1.961742784205844714e+01 1.057016881605530090e+00
4.735334922917116413e-02 2.237517289181127111e+01 1.056797262672358517e+00
4.823549431001467047e-02 2.549775832446875867e+01 1.056599243725540704e+00
4.913407286296361809e-02 2.903093226546776506e+01 1.056429109419078083e+00
5.004939102700953213e-02 3.302635372807723257e+01 1.056293761645115792e+00
5.098176064420424647e-02 3.754183636954094538e+01 1.056198523301019598e+00
5.193149936590212012e-02 4.263989136080606812e+01 1.056141315848987183e+00
5.289893076098151070e-02 4.838924803838065003e+01 1.056117948430414177e+00
5.388438442608223938e-02 5.486589322336638475e+01 1.056123608349685439e+00
5.488819609789671872e-02 6.215381221786267218e+01 1.056152806755475071e+00
5.591070776755290017e-02 7.034583850128244364e+01 1.056199320581990619e+00
5.695226779712821846e-02 7.954464027245464308e+01 1.056256130610786492e+00
5.801323103833375128e-02 8.986388004202461843e+01 1.056315355533149258e+00
5.909395895340967958e-02 1.014295935972975826e+02 1.056368181919036475e+00
6.019481973827271043e-02 1.143818432549646502e+02 1.056404801014286132e+00
6.131618844795772016e-02 1.288753266946764597e+02 1.056417661873932268e+00
6.245844712439614643e-02 1.450784720885180263e+02 1.056406634450583359e+00
6.362198492657485105e-02 1.631769222269599879e+02 1.056372903841221955e+00
6.480719826311967524e-02 1.833761785270446012e+02 1.056317884253203054e+00
6.601449092734885948e-02 2.059043617937385875e+02 1.056243238873366685e+00
6.724427423484245769e-02 2.310155833927322249e+02 1.056150901124318864e+00
6.849696716357443760e-02 2.589940888800618382e+02 1.056043097406756059e+00
6.977299649665534564e-02 2.901593784587751657e+02 1.055922371436209595e+00
7.107279696773415034e-02 3.248686182836528360e+02 1.055791275681235986e+00
7.239681140910873836e-02 3.634950612687138687e+02 1.055650341249456670e+00
7.374549090259549522e-02 4.064345399038321602e+02 1.055499180673239890e+00
7.511929493320965157e-02 4.541158995346473262e+02 1.055337392388455031e+00
7.651869154570821452e-02 5.070031146429312230e+02 1.055164563805041977e+00
7.794415750404946885e-02 5.655975471753489501e+02 1.054980271222563326e+00
7.939617845382279659e-02 6.304404427420972752e+02 1.054784079763003035e+00
8.087524908770453436e-02 7.021168151522281278e+02 1.054575408419317517e+00
8.238187331399605962e-02 7.812772808813994061e+02 1.054351486279731187e+00
8.391656442830157381e-02 8.686511834259925990e+02 1.054107512419635739e+00
8.547984528840409102e-02 9.650482817963849129e+02 1.053838148955375198e+00
8.707224849239916797e-02 1.071372439331331407e+03 1.053537529059355604e+00
8.869431656014709064e-02 1.188639086648323655e+03 1.053199218668793069e+00
9.034660211810524588e-02 1.317996657936940892e+03 1.052816233370440724e+00
9.202966808760409956e-02 1.460673245596473180e+03 1.052392192270027227e+00
9.374408787662991127e-02 1.617845925048495701e+03 1.051956478367094272e+00
9.549044557518077125e-02 1.790727481755726103e+03 1.051545303656497676e+00
9.726933615426168467e-02 1.980576434512182686e+03 1.051198949196792354e+00
9.908136566858666283e-02 2.188686473720266804e+03 1.050962099957661211e+00
1.009271514630570854e-01 2.416380590709889930e+03 1.050881847053593443e+00
1.028073223830864719e-01 2.665193944906239267e+03 1.050954042051407633e+00
1.047225189888434382e-01 2.936989423226851159e+03 1.051115749956800682e+00
1.066733937734857113e-01 3.233869632344952151e+03 1.051293726916146865e+00
1.086606113854596822e-01 3.558221810265766180e+03 1.051406046862193966e+00
1.106848488549412035e-01 3.912778110617388847e+03 1.051362441493239652e+00
1.127467958244946084e-01 4.300380542529756895e+03 1.051123934079565059e+00
1.148471547840289042e-01 4.723682004697954653e+03 1.050744565053548740e+00
1.169866413101306873e-01 5.185435903888835128e+03 1.050293683245219656e+00
1.191659843098558796e-01 5.688525278638549935e+03 1.049848914881487794e+00
1.213859262690627772e-01 6.235975007541460400e+03 1.049491398801433384e+00
1.236472235053715091e-01 6.831202919785385347e+03 1.049235174161549544e+00
1.259506464258357550e-01 7.478099657496455620e+03 1.049038701305457177e+00
1.282969797894147612e-01 8.180959276414407213e+03 1.048854074561717198e+00
1.306870229743346268e-01 8.944545086622852978e+03 1.048628079299356752e+00
1.331215902504307713e-01 9.773583180527222794e+03 1.048329546055158490e+00
1.356015110565633452e-01 1.067199045279883831e+04 1.047974822892832503e+00
1.381276302832009362e-01 1.164340363989139951e+04 1.047587684743808367e+00
1.407008085602685088e-01 1.269116198538201024e+04 1.047194685581753770e+00
1.433219225503573890e-01 1.381959354592941236e+04 1.046817103344368949e+00
1.459918652473978506e-01 1.503604098552994947e+04 1.046462843518723540e+00
1.487115462808953625e-01 1.634965648942836378e+04 1.046138886937198142e+00
1.514818922258345801e-01 1.777141833402350676e+04 1.045852524874888889e+00
1.543038469183564687e-01 1.931071071849972941e+04 1.045604196964926791e+00
1.571783717773162781e-01 2.097395986970817103e+04 1.045387119554271438e+00
1.601064461318317811e-01 2.276691554481324783e+04 1.045193322317427898e+00
1.630890675549332702e-01 2.469533103961573215e+04 1.045014843729947795e+00
1.661272522034293042e-01 2.676755129758012117e+04 1.044846539692231735e+00
1.692220351641037235e-01 2.899323307954831034e+04 1.044683499913486413e+00
1.723744708063619790e-01 3.138295517494775413e+04 1.044520215583119249e+00
1.755856331414468730e-01 3.394841250099825265e+04 1.044350531177634878e+00
1.788566161883461958e-01 3.670265699017488805e+04 1.044167593304891506e+00
1.821885343465165230e-01 3.966019487345749076e+04 1.043964611132996323e+00
1.855825227755517060e-01 4.283476299498294247e+04 1.043744243318681209e+00
1.890397377819219571e-01 4.623926987615475809e+04 1.043516477533963371e+00
1.925613572129196704e-01 4.988708291022614139e+04 1.043292611499232692e+00
1.961485808579429280e-01 5.379207391443508823e+04 1.043085231326900786e+00
1.998026308572548593e-01 5.796864836035031476e+04 1.042908313957047861e+00
2.035247521183575770e-01 6.243179567227031657e+04 1.042774495214879193e+00
2.073162127401229071e-01 6.719718459642268135e+04 1.042683982673915155e+00
2.111783044448242164e-01 7.228123615051296656e+04 1.042632698458696661e+00
2.151123430182164953e-01 7.770123104162400705e+04 1.042615935231352875e+00
2.191196687578147451e-01 8.347546090321869997e+04 1.042628300986715217e+00
2.232016469295232397e-01 8.962342255839117570e+04 1.042663659446096069e+00
2.273596682327715113e-01 9.616606442417665676e+04 1.042715066396771695e+00
2.315951492743152096e-01 1.031260957475076284e+05 1.042774701844384921e+00
2.359095330508633737e-01 1.105283712483919080e+05 1.042833797871800305e+00
2.403042894406967056e-01 1.184003660328777187e+05 1.042882562132488200e+00
2.447809157044440187e-01 1.267727584505074483e+05 1.042910096950774079e+00
2.493409369951877785e-01 1.356801420732252009e+05 1.042904314056988246e+00
2.539859068780723761e-01 1.451603810114214721e+05 1.042853785819050305e+00
2.587174078595921300e-01 1.552463092536186741e+05 1.042758248447525737e+00
2.635370519267393186e-01 1.659687385636576219e+05 1.042622415686641046e+00
2.684464810961962322e-01 1.773594201905521040e+05 1.042451719219807282e+00
2.734473679737579599e-01 1.894511022984368028e+05 1.042252357276069796e+00
2.785414163241766161e-01 2.022776079289778427e+05 1.042031356099095252e+00
2.837303616516211324e-01 2.158739474035761668e+05 1.041796635896694800e+00
2.890159717909508430e-01 2.302764739973515389e+05 1.041557081722082279e+00
2.944000475100033709e-01 2.455230931998305314e+05 1.041322619807726779e+00
2.998844231231027613e-01 2.616535375601836422e+05 1.041104299954511481e+00
3.054709671159968054e-01 2.787089280387448962e+05 1.040912371426410354e+00
3.111615827824359970e-01 2.967290197758409777e+05 1.040749352930986804e+00
3.169582088726115021e-01 3.157539255382231786e+05 1.040615527932288842e+00
3.228628202536730218e-01 3.358250992870922200e+05 1.040511095470416647e+00
3.288774285825510346e-01 3.569856529519969481e+05 1.040436160476171157e+00
3.350040829913132900e-01 3.792807724021289032e+05 1.040390723272292650e+00
3.412448707852889229e-01 4.027582519729731721e+05 1.040374668222942223e+00
3.476019181541977754e-01 4.274691697359924437e+05 1.040387751470600364e+00
3.540773908965269556e-01 4.534684341063536704e+05 1.040429603610599774e+00
3.606734951574028236e-01 4.808116866255283821e+05 1.040499921327839417e+00
3.673924781802074269e-01 5.095559445136705181e+05 1.040598419055403401e+00
3.742366290721980682e-01 5.397628683945181547e+05 1.040724674637571789e+00
3.812082795843887983e-01 5.714999944263484795e+05 1.040878112096004005e+00
3.883098049059605095e-01 6.048421654414327350e+05 1.041057986544357661e+00
3.955436244734701345e-01 6.398732613337475341e+05 1.041263367940567175e+00
4.029122027951347884e-01 6.766877263165290933e+05 1.041493027818944483e+00
4.104180502904709038e-01 7.153690290296658641e+05 1.041741513285316723e+00
4.180637241455757991e-01 7.559734602920283796e+05 1.041997230268267405e+00
4.258518291843414461e-01 7.985521938689033268e+05 1.042246812013976509e+00
4.337850187558989212e-01 8.431525690343290335e+05 1.042475347382432194e+00
4.418659956385941334e-01 8.898174858703055652e+05 1.042666260183130467e+00
4.500975129608046355e-01 9.385847996848433977e+05 1.042801183030200418e+00
4.584823751389096036e-01 9.894956051636214834e+05 1.042866252311931863e+00
4.670234388327330621e-01 1.042624894126979634e+06 1.042871785882163893e+00
4.757236139187884794e-01 1.098066473836417077e+06 1.042835890281640587e+00
4.845858644816490868e-01 1.155928989707160043e+06 1.042778960254488130e+00
4.936132098237911991e-01 1.216339566063959152e+06 1.042723857908896434e+00
5.028087254942474882e-01 1.279447639227448730e+06 1.042695939413423867e+00
5.121755443364236493e-01 1.345391426539804088e+06 1.042710346475247407e+00
5.217168575554343990e-01 1.414259554031685926e+06 1.042761260912863586e+00
5.314359158053235666e-01 1.486136194943367736e+06 1.042839822345334122e+00
5.413360302965375404e-01 1.561106972630723380e+06 1.042936025143883283e+00
5.514205739240296555e-01 1.639259701642607804e+06 1.043038622314068853e+00
5.616929824163804374e-01 1.720685354048923124e+06 1.043135023644649273e+00
5.721567555063246102e-01 1.805479289362720912e+06 1.043211188173100767e+00
5.828154581230839959e-01 1.893742791145692579e+06 1.043251511118809205e+00
5.936727216069119795e-01 1.985584958794991020e+06 1.043238705559387913e+00
6.047322449462643190e-01 2.081124342079366324e+06 1.043154113972529551e+00
6.159977960380161877e-01 2.180468043724387418e+06 1.042992199024367572e+00
6.274732129711574347e-01 2.283700139287318569e+06 1.042765823794232993e+00
6.391624053343999412e-01 2.390904055723802187e+06 1.042490763382273311e+00
6.510693555481454897e-01 2.502165293893177062e+06 1.042184809828533565e+00
6.631981202212668958e-01 2.617572962622430176e+06 1.041867928000884236e+00
6.755528315331639222e-01 2.737221696840889752e+06 1.041562425125389213e+00
6.881376986415662644e-01 2.861214016478904989e+06 1.041293136124166185e+00
7.009570091165617800e-01 2.989663186618118081e+06 1.041087624220338625e+00
7.140151304013395706e-01 3.122687565650288016e+06 1.040966566231761314e+00
7.273165113001454074e-01 3.260389809528523125e+06 1.040920276725950666e+00
7.408656834939559843e-01 3.402876656168508809e+06 1.040930983741886529e+00
7.546672630843886953e-01 3.550267263267337345e+06 1.040978619461160326e+00
7.687259521663728501e-01 3.702697126529996749e+06 1.041040622491468337e+00
7.830465404301183430e-01 3.860322722747662105e+06 1.041091730162027273e+00
7.976339067929273385e-01 4.023326976441521198e+06 1.041103761875137534e+00
8.124930210614047521e-01 4.191906513857494108e+06 1.041050533132412026e+00
8.276289456246344045e-01 4.366159134549348615e+06 1.040937505006301889e+00
8.430468371788967241e-01 4.546130082388997078e+06 1.040785207658781797e+00
8.587519484845170803e-01 4.731855737609224394e+06 1.040616756588462533e+00
8.747496301554414933e-01 4.923364259328470565e+06 1.040458016670675612e+00
8.910453324821513421e-01 5.120676420906624757e+06 1.040337820362110310e+00
9.076446072885356875e-01 5.323808253672991879e+06 1.040287332971651768e+00
9.245531098233570333e-01 5.532815074165653437e+06 1.040315686770024062e+00
9.417766006869519035e-01 5.747813807304375805e+06 1.040403656172199875e+00
9.593209477938241525e-01 5.968952764942947775e+06 1.040527963006829593e+00
9.771921283717996953e-01 6.196417157439000905e+06 1.040662455980754020e+00
9.953962309984233370e-01 6.430438054938792251e+06 1.040777872176953611e+00
1.013939457675291811e+00 6.671282202604570426e+06 1.040844371812399638e+00
1.032828125941028574e+00 6.919088480825589038e+06 1.040853713769829492e+00
1.052068671023622892e+00 7.173916218114705756e+06 1.040810107967588882e+00
1.071667648032863296e+00 7.435828002487788908e+06 1.040718586338834406e+00
1.091631734193614811e+00 7.704893871441016905e+06 1.040584961721077617e+00
1.111967731120699021e+00 7.981195487048341893e+06 1.040415891066179821e+00
1.132682567136153784e+00 8.264831094155381434e+06 1.040218943124753270e+00
1.153783299629660863e+00 8.555921355605322868e+06 1.040002671043592564e+00
1.175277117462945276e+00 8.854616168791739270e+06 1.039776690383984237e+00
1.197171343418965694e+00 9.161102580301536247e+06 1.039551763150382557e+00
1.219473436696737023e+00 9.475613930643262342e+06 1.039339888515170118e+00
1.242190995452616242e+00 9.798440379879299551e+06 1.039154401038625553e+00
1.265331759388941713e+00 1.012992071924049221e+07 1.039009275379024322e+00
1.288903612390891462e+00 1.047021527267553657e+07 1.038910151413753313e+00
1.312914585212463958e+00 1.081933444017255865e+07 1.038856538280610087e+00
1.337372858212495075e+00 1.117727680131681636e+07 1.038847593616774700e+00
1.362286764141645401e+00 1.154403358099997789e+07 1.038882204870765325e+00
1.387664790981307128e+00 1.191959106524139456e+07 1.038958962675881503e+00
1.413515584835394190e+00 1.230393362715814263e+07 1.039076132131383279e+00
1.439847952876006643e+00 1.269704743791534379e+07 1.039231621855754684e+00
1.466670866343967150e+00 1.309892494330428354e+07 1.039422950672349799e+00
1.493993463605256311e+00 1.350957019299337827e+07 1.039647211784570313e+00
1.521825053264385552e+00 1.392900436292721145e+07 1.039900983093091646e+00
1.550175117335768737e+00 1.435726740942429379e+07 1.040179919616044391e+00
1.579053314474174297e+00 1.479442817437081598e+07 1.040478874193675685e+00
1.608469483265355215e+00 1.524059627668023854e+07 1.040792021069630646e+00
1.638433645577983100e+00 1.569593295797987096e+07 1.041112800051608112e+00
1.668956009978023181e+00 1.616066345063733682e+07 1.041433855929374097e+00
1.700046975206716438e+00 1.663509105431131832e+07 1.041746974122844671e+00
1.731717133723352786e+00 1.711961311774703115e+07 1.042043012494038745e+00
1.763977275314043469e+00 1.761473401587254182e+07 1.042312038086371739e+00
1.796838390767719229e+00 1.812091242052640021e+07 1.042550065996543651e+00
1.830311675620611256e+00 1.863849629997615144e+07 1.042761398489399749e+00
1.864408533970485227e+00 1.916790202253483236e+07 1.042951487345398887e+00
1.899140582361933616e+00 1.970964083596659824e+07 1.043126522714314941e+00
1.934519653744044332e+00 2.026433624963718653e+07 1.043293493261742366e+00
1.970557801501798378e+00 2.083274376730386913e+07 1.043460250840703152e+00
2.007267303562568106e+00 2.141577210137037188e+07 1.043635565165445644e+00
2.044660666579115826e+00 2.201423128998418525e+07 1.043825796909812809e+00
2.082750630190514318e+00 2.262841385563424230e+07 1.044030091873883626e+00
2.121550171362450055e+00 2.325853406965472922e+07 1.044246333762637757e+00
2.161072508808376647e+00 2.390480660894145817e+07 1.044472117328627103e+00
2.201331107493030181e+00 2.456744889704139903e+07 1.044704724122752948e+00
2.242339683219845003e+00 2.524668400083312392e+07 1.044941096591031071e+00
2.284112207303823361e+00 2.594274415879410878e+07 1.045177810435409693e+00
2.326662911331458083e+00 2.665587502460967004e+07 1.045411045157758734e+00
2.370006292009327886e+00 2.738634071844729036e+07 1.045636552708399503e+00
2.414157116103017753e+00 2.813442978771536052e+07 1.045849624164236769e+00
2.459130425468043946e+00 2.890046218975326419e+07 1.046045054366993687e+00
2.504941542174502267e+00 2.968479739604518935e+07 1.046217106435360478e+00
2.551606073727183954e+00 3.048781487127416953e+07 1.046361713000461879e+00
2.599139918382932901e+00 3.130985838980235532e+07 1.046481159789823367e+00
2.647559270567066747e+00 3.215129966982458159e+07 1.046579358722305120e+00
2.696880626390692370e+00 3.301256203455789387e+07 1.046660772415171969e+00
2.747120789270811603e+00 3.389413191134881228e+07 1.046730459329087148e+00
2.798296875655115645e+00 3.479657203142875433e+07 1.046794122203937416e+00
2.850426320853434614e+00 3.572053653318657726e+07 1.046858160083531608e+00
2.903526884977813971e+00 3.666678819800565392e+07 1.046929724267354089e+00
2.957616658993253544e+00 3.763621807883122563e+07 1.047016778574262119e+00
3.012714070881164385e+00 3.862986507745216042e+07 1.047128144508742142e+00
3.068837891917642224e+00 3.964850840954732150e+07 1.047270519982125059e+00
3.126007243068700259e+00 4.069209060760906339e+07 1.047444782340218428e+00
3.184241601504649744e+00 4.176034899046846479e+07 1.047650971862064573e+00
3.243560807235807975e+00 4.285290326956129074e+07 1.047889015796562129e+00
3.303985069871854918e+00 4.396924351964217424e+07 1.048158716272950874e+00
3.365534975507090909e+00 4.510871746971084177e+07 1.048459737239453293e+00
3.428231493733967294e+00 4.627051713609267771e+07 1.048791590361644710e+00
3.492095984787267682e+00 4.745366483229584247e+07 1.049153619808300020e+00
3.557150206821382277e+00 4.865716511632861942e+07 1.049544494123352489e+00
3.623416323323146226e+00 4.988087621334145963e+07 1.049959693139685513e+00
3.690916910662774608e+00 5.112508642615559697e+07 1.050392995251459238e+00
3.759674965785463563e+00 5.239022919738481194e+07 1.050837381812546489e+00
3.829713914046277257e+00 5.367691259952323139e+07 1.051284972188650801e+00
3.901057617190989202e+00 5.498595304715060443e+07 1.051726953365607287e+00
3.973730381485604202e+00 5.631841322439062595e+07 1.052153505348039086e+00
4.047756965997318268e+00 5.767554830158384889e+07 1.052554342242036922e+00
4.123162591029748469e+00 5.905764249103334546e+07 1.052926166440848910e+00
4.199972946715301525e+00 6.046414450507812947e+07 1.053271139822598901e+00
4.278214201767612579e+00 6.189440499765457213e+07 1.053591922792429969e+00
4.357913012397025554e+00 6.334769120730261505e+07 1.053891605178663093e+00
4.439096531392166867e+00 6.482318665510914475e+07 1.054173742687190662e+00
4.521792417370697592e+00 6.631999167789175361e+07 1.054442395967624568e+00
4.606028844202397998e+00 6.783712491429513693e+07 1.054702172505469715e+00
4.691834510607794329e+00 6.937352586840605736e+07 1.054958271580608953e+00
4.779238649935595440e+00 7.092805868208481371e+07 1.055216532562540221e+00
4.868271040122278848e+00 7.249951725328731537e+07 1.055483486847734964e+00
4.958962013837211913e+00 7.408663184322634339e+07 1.055766413785020230e+00
5.051342468816761411e+00 7.568805954066510499e+07 1.056073020233500914e+00
5.145443878390924652e+00 7.730207039155784249e+07 1.056404751145621823e+00
5.241298302206056192e+00 7.892652092959567904e+07 1.056756792811941903e+00
5.338938397147350301e+00 8.055909687583154440e+07 1.057123475898949394e+00
5.438397428464796235e+00 8.219732284941975772e+07 1.057498414209350202e+00
5.539709281106400596e+00 8.383856467225112021e+07 1.057874445453254486e+00
5.642908471262536807e+00 8.548003331528578699e+07 1.058243568304779725e+00
5.748030158125351008e+00 8.711879064821951091e+07 1.058596875669430615e+00
5.855110155867238042e+00 8.875175715277208388e+07 1.058924484120518539e+00
5.964184945842459840e+00 9.037572175599618256e+07 1.059215459504390333e+00
6.075291689016070862e+00 9.198751762831741571e+07 1.059458882880473851e+00
6.188468238624382778e+00 9.358583028858613968e+07 1.059655996283501267e+00
6.303753153071275150e+00 9.517091132470017672e+07 1.059816966543428496e+00
6.421185709064758385e+00 9.674361445248892903e+07 1.059953453143951396e+00
6.540805914998252923e+00 9.830545907586276531e+07 1.060078594540892594e+00
6.662654524581149929e+00 9.985871763714286685e+07 1.060207126407496592e+00
6.786773050723295064e+00 1.014065102959405035e+08 1.060355509819234099e+00
6.913203779678127603e+00 1.029529080617837310e+08 1.060542070714185936e+00
7.041989785449288775e+00 1.045029781752916574e+08 1.060786929520184163e+00
7.173174944465612768e+00 1.060584286897935271e+08 1.061097655553583152e+00
7.306803950529499936e+00 1.076139733181156069e+08 1.061458430466298175e+00
7.442922330043757917e+00 1.091629211085953265e+08 1.061849179213264271e+00
7.581576457522110069e+00 1.106976978088707775e+08 1.062247340025008535e+00
7.722813571388642551e+00 1.122097782384790033e+08 1.062627658131634734e+00
7.866681790071582192e+00 1.136896200475704819e+08 1.062961970625189823e+00
8.013230128396878982e+00 1.151266021069341451e+08 1.063218989832569683e+00
8.162508514287219796e+00 1.165116613660019338e+08 1.063375011873789910e+00
8.314567805772055564e+00 1.178435670625218153e+08 1.063438453298508390e+00
8.469459808314576676e+00 1.191233714004472643e+08 1.063425884607713368e+00
8.627237292461440887e+00 1.203530411567070037e+08 1.063356139007727741e+00
8.787954011821311084e+00 1.215355483414200544e+08 1.063250486264002204e+00
8.951664721378293166e+00 1.226749649833191633e+08 1.063132821303651276e+00
9.118425196146562328e+00 1.237765630148357451e+08 1.063029869994055243e+00
9.288292250172489162e+00 1.248469206593998671e+08 1.062971415032216926e+00
9.461323755890759912e+00 1.258940372588783652e+08 1.062990545486955263e+00
9.637578663841079418e+00 1.269274591442131251e+08 1.063123934263337400e+00
9.817117022752183786e+00 1.279584199758555740e+08 1.063412148630471954e+00
1.000000000000000000e+01 1.290000000000002086e+08 1.063900000000000068e+00
