# Source: PRIMAT compilation, https://doi.org/10.1016/j.physrep.2018.04.005
1.000000000000000021e-03 3.169999999999997742e-29 1.102000000000000091e+00
1.018628990244687619e-03 4.899122292333459530e-29 1.101965706782464194e+00
1.037605019766911670e-03 7.591391672009873699e-29 1.101931579714553022e+00
1.056934553557988335e-03 1.179291307011366524e-28 1.101897640249544175e+00
1.076624177045493267e-03 1.836401134029094477e-28 1.101863910255872714e+00
1.096680598336868600e-03 2.866213984459947486e-28 1.101830411987192004e+00
1.117110650504824203e-03 4.483217013637874995e-28 1.101797168048284314e+00
1.137921293915315117e-03 7.026743763316393332e-28 1.101764201356488782e+00
1.159119618598885779e-03 1.103423914727867729e-27 1.101731535098284587e+00
1.180712846666190276e-03 1.735772876015298381e-27 1.101699192680647199e+00
1.202708334768511989e-03 2.734900497022324774e-27 1.101667197676766019e+00
1.225113576604118949e-03 4.315407137314162191e-27 1.101635573765686660e+00
1.247936205471311460e-03 6.818121168714556026e-27 1.101604344665410462e+00
1.271183996869028896e-03 1.078447582701459121e-26 1.101573534058951198e+00
1.294864871145904933e-03 1.707462136486552770e-26 1.101543165512817168e+00
1.318986896198670470e-03 2.705483141609393677e-26 1.101513262387351144e+00
1.343558290220826226e-03 4.289453841649961088e-26 1.101483847738322641e+00
1.368587424502519176e-03 6.803651407856426750e-26 1.101454944209125486e+00
1.394082826282578647e-03 1.079399720834117598e-25 1.101426573912894336e+00
1.420053181653683095e-03 1.712529083720593468e-25 1.101398758303804737e+00
1.446507338521647217e-03 2.716578358133482998e-25 1.101371518036774910e+00
1.473454309619835756e-03 4.307710179557318932e-25 1.101344872814740805e+00
1.500903275579736594e-03 6.826848231607317933e-25 1.101318841222609146e+00
1.528863588058731147e-03 1.081064252984285293e-24 1.101293440546953661e+00
1.557344772926135207e-03 1.710199423097136250e-24 1.101268686580441081e+00
1.586356533508589657e-03 2.702161039865156688e-24 1.101244593409921757e+00
1.615908753895919101e-03 4.263331444270942887e-24 1.101221173187041602e+00
1.646011502308549748e-03 6.715273547644914686e-24 1.101198435880167414e+00
1.676675034527699143e-03 1.055742090816618458e-23 1.101176389006332634e+00
1.707909797389426916e-03 1.656280830151397493e-23 1.101155037341834175e+00
1.739726432343800767e-03 2.592356082275464350e-23 1.101134382610018836e+00
1.772135779080358372e-03 4.047089381223281855e-23 1.101114423144712751e+00
1.805148879221108154e-03 6.300602677906972855e-23 1.101095153527639647e+00
1.838776980082326793e-03 9.779517914297312129e-23 1.101076564198081087e+00
1.873031538506436536e-03 1.513057472601060191e-22 1.101058641032910845e+00
1.907924224765265072e-03 2.332946500963605014e-22 1.101041364895029240e+00
1.943466926536020246e-03 3.584074305393659207e-22 1.101024711148093305e+00
1.979671752951332481e-03 5.485130272069397082e-22 1.101008649135311712e+00
2.016551038724746607e-03 8.360908459683381095e-22 1.100993141619933668e+00
2.054117348353064112e-03 1.269112661309597476e-21 1.100978144184914687e+00
2.092383480396977150e-03 1.918033580630038941e-21 1.100963604589092704e+00
2.131362471841437810e-03 2.885739176476704446e-21 1.100949462077033703e+00
2.171067602537264923e-03 4.321610394639706941e-21 1.100935646639549681e+00
2.211512399725488933e-03 6.441291523222993089e-21 1.100922078221690859e+00
2.252710642645980484e-03 9.554316987037308782e-21 1.100908665874839265e+00
2.294676367231936100e-03 1.410252233556709161e-20 1.100895306849314803e+00
2.337423870891814758e-03 2.071320767683551422e-20 1.100881885623696599e+00
2.380967717380358135e-03 3.027244505630911074e-20 1.100868272866836861e+00
2.425322741760352948e-03 4.402588216728751810e-20 1.100854324328303546e+00
2.470504055456825433e-03 6.371712768404975935e-20 1.100839879652739661e+00
2.516527051405391836e-03 9.177766190917484580e-20 1.100824761113361916e+00
2.563407409296514835e-03 1.315877387356467219e-19 1.100808772259547430e+00
2.611161100917459583e-03 1.878357583584821291e-19 1.100791696473159664e+00
2.659804395593758260e-03 2.670153761034578157e-19 1.100773295427965204e+00
2.709353865732051433e-03 3.781171729237003958e-19 1.100753307446170171e+00
2.759826392466180594e-03 5.335982038807851109e-19 1.100731445745765757e+00
2.811239171408464344e-03 7.507531914336602152e-19 1.100707396572026653e+00
2.863609718508115885e-03 1.053673648460791496e-18 1.100680817206134865e+00
2.916955876018795853e-03 1.476079044003774898e-18 1.100651333843517543e+00
2.971295818577334054e-03 2.065459199941814528e-18 1.100618539334093038e+00
3.026648059395692196e-03 2.889158752886536534e-18 1.100582018845387422e+00
3.083031456568277075e-03 4.041464545098728078e-18 1.100542056028855242e+00
3.140465219496752208e-03 5.652792129354756278e-18 1.100499776230348781e+00
3.198968915434537586e-03 7.904525469386602893e-18 1.100456483114208073e+00
3.258562476153226226e-03 1.104859505293790622e-17 1.100413635096899156e+00
3.319266204733189573e-03 1.543423154288899915e-17 1.100372857670472548e+00
3.381100782480685445e-03 2.154449400718345472e-17 1.100335956591788955e+00
3.444087275973823411e-03 3.004595661351462742e-17 1.100304932000325087e+00
3.508247144239792347e-03 4.185602001859995888e-17 1.100281993532917557e+00
3.573602246065788347e-03 5.823370197288815787e-17 1.100269576509976588e+00
3.640174847446141400e-03 8.090152506660398445e-17 1.100270359274589271e+00
3.707987629168172684e-03 1.122083356550735540e-16 1.100287281773647541e+00
3.777063694539364597e-03 1.553456407353951139e-16 1.100323565478769750e+00
3.847426577258505898e-03 2.146334253551140673e-16 1.100382734754491665e+00
3.919100249433401899e-03 2.958954951132428157e-16 1.100468639792104630e+00
3.992109129748053209e-03 4.069492478605052167e-16 1.100585481239805263e+00
4.066478091781853925e-03 5.582500961330368082e-16 1.100736650806699801e+00
4.142232472483897525e-03 7.637892876852131636e-16 1.100919072694063194e+00
4.219398080805024202e-03 1.042234652684573067e-15 1.101126813163290974e+00
4.298001206490798497e-03 1.418419084884940938e-15 1.101353144526338479e+00
4.378068629038166758e-03 1.925309605509021761e-15 1.101590480175737241e+00
4.459627626819095622e-03 2.606599948385208238e-15 1.101830303311914339e+00
4.542705986374042521e-03 3.520132221110807923e-15 1.102063091254126714e+00
4.627332011878692967e-03 4.742428173551499488e-15 1.102278235276373586e+00
4.713534534786906725e-03 6.374716717588932801e-15 1.102463955957981190e+00
4.801342923653449841e-03 8.550996060840541776e-15 1.102607214098952015e+00
4.890787094139589959e-03 1.144888788437142630e-14 1.102693617324668196e+00
4.981897519205159656e-03 1.530436039788936714e-14 1.102707322595347206e+00
5.074705239490466188e-03 2.043104855770762860e-14 1.102633469591822291e+00
5.169241873891598608e-03 2.723945388097559039e-14 1.102474868822043597e+00
5.265539630332755246e-03 3.626566702160291528e-14 1.102243694085463410e+00
5.363631316739239652e-03 4.821052358371258220e-14 1.101953866134284032e+00
5.463550352214875498e-03 6.398807858386309849e-14 1.101621148694752916e+00
5.565330778427646403e-03 8.478766699154733135e-14 1.101263290818862872e+00
5.669007271207434327e-03 1.121532198596532339e-13 1.100900180940429074e+00
5.774615152359819509e-03 1.480844744775064430e-13 1.100554014360604516e+00
5.882190401699956099e-03 1.951659737070978854e-13 1.100249476226775380e+00
5.991769669310619169e-03 2.567313784584144173e-13 1.100013942472572559e+00
6.103390288028621123e-03 3.370722206707427810e-13 1.099872457115729674e+00
6.217090286163826779e-03 4.417008609936069867e-13 1.099825652287381939e+00
6.332908400455114321e-03 5.776874015110552625e-13 1.099865227555671732e+00
6.450884089267692675e-03 7.540893018890604666e-13 1.099981586878093109e+00
6.571057546036270826e-03 9.824996135097727380e-13 1.100163721415518880e+00
6.693469712958660493e-03 1.277749623321632431e-12 1.100399081210996943e+00
6.818162294944479437e-03 1.658813176432911982e-12 1.100673438219837097e+00
6.945177773823696388e-03 2.149976498433073232e-12 1.100970740639064527e+00
7.074559422819878297e-03 2.782340787296868278e-12 1.101273179271017977e+00
7.206351321293052656e-03 3.595375120954530625e-12 1.101564600390573245e+00
7.340598369757212090e-03 4.638918082069008257e-12 1.101830192394914532e+00
7.477346305177588227e-03 5.976028110602171463e-12 1.102053608651726524e+00
7.616641716552892058e-03 7.686384817968330846e-12 1.102216757813979653e+00
7.758532060787835978e-03 9.870547581342626254e-12 1.102299676903571113e+00
7.903065678861348128e-03 1.265530709147989112e-11 1.102280400101308455e+00
8.050291812295981564e-03 1.620042055204162560e-11 1.102135196385375160e+00
8.200260619934130954e-03 2.070655491741894751e-11 1.101860071077788605e+00
8.353023195026778799e-03 2.642479952654523314e-11 1.101485534282114376e+00
8.508631582640582489e-03 3.366950953267644178e-11 1.101049004333585435e+00
8.667138797389234081e-03 4.283401993107214106e-11 1.100592454637533857e+00
8.828598841495149604e-03 5.441029414162524822e-11 1.100162760519493910e+00
8.993066723187623582e-03 6.901366139339472026e-11 1.099812087521155668e+00
9.160598475443709407e-03 8.741203615178166888e-11 1.099585795719953074e+00
9.331251175078249249e-03 1.105530657075734762e-10 1.099475628233682389e+00
9.505082962189511861e-03 1.396063982338189868e-10 1.099454929136724823e+00
9.682153059967075343e-03 1.760150441267921687e-10 1.099493595448704619e+00
9.862521794868784469e-03 2.215557231233284691e-10 1.099557773826496332e+00
1.004625061717340749e-02 2.784120807324884754e-10 1.099609651331016069e+00
1.023340212191641702e-02 3.492718114098487273e-10 1.099620516818468063e+00
1.042404007021556327e-02 4.374567349923420554e-10 1.099585389101414901e+00
1.061822941099384125e-02 5.470672288406039251e-10 1.099502071666187630e+00
1.081603630310709954e-02 6.831706357872431592e-10 1.099368305638096732e+00
1.101752813788386791e-02 8.520429252612552649e-10 1.099181773193670608e+00
1.122277356208507652e-02 1.061416157689008223e-09 1.098947150552131991e+00
1.143184250129149725e-02 1.320623479609375669e-09 1.098692279626958479e+00
1.164480618372686072e-02 1.640988294535650470e-09 1.098452751924226867e+00
1.186173716452478509e-02 2.036249349749596375e-09 1.098268224168031937e+00
1.208270935044776506e-02 2.523035766329717712e-09 1.098182382608721364e+00
1.230779802506665188e-02 3.121419304765062370e-09 1.098226166742409582e+00
1.253707987440920262e-02 3.855559543710768923e-09 1.098408547511350086e+00
1.277063301308643990e-02 4.754473975156832666e-09 1.098737132398203808e+00
1.300853701090571267e-02 5.852936432114197828e-09 1.099219907172226618e+00
1.325087291997953214e-02 7.192964621709118358e-09 1.099836252539771797e+00
1.349772330233941706e-02 8.827046265503448428e-09 1.100455311076188547e+00
1.374917225806419029e-02 1.082052094513674221e-08 1.100905812191750321e+00
1.400530545393219653e-02 1.325504973509324125e-08 1.100996889505499565e+00
1.426621015260736910e-02 1.623087597185379171e-08 1.100598305878079941e+00
1.453197524236895383e-02 1.986059614864092019e-08 1.099881469648871457e+00
1.480269126739508674e-02 2.427250988033230456e-08 1.099114863577590917e+00
1.507845045861051086e-02 2.961235955526613158e-08 1.098595968515351462e+00
1.535934676510897039e-02 3.605267259911170414e-08 1.098482860195258315e+00
1.564547588616095955e-02 4.381299751000975313e-08 1.098635172647478120e+00
1.593693530381774456e-02 5.316266739518057527e-08 1.098861872468407608e+00
1.623382431612278159e-02 6.443061744529230439e-08 1.098971008874881194e+00
1.653624407094180307e-02 7.800081007679159384e-08 1.098922147633299762e+00
1.684429760042315330e-02 9.432269976722461321e-08 1.098753967459513481e+00
1.715808985610004986e-02 1.139295097293801709e-07 1.098510645045029044e+00
1.747772774464680795e-02 1.374536004826384066e-07 1.098241796719528818e+00
1.780332016430113962e-02 1.656447895167262035e-07 1.098002891319683982e+00
1.813497804196495186e-02 1.993922299709411089e-07 1.097854688383056887e+00
1.847281437099634188e-02 2.397447693761106233e-07 1.097824731155340627e+00
1.881694424970555696e-02 2.879337323575187864e-07 1.097890656330024806e+00
1.916748492056815148e-02 3.454090382315466983e-07 1.098023574433251159e+00
1.952455581016860828e-02 4.138780910789655543e-07 1.098190951285683115e+00
1.988827856988809734e-02 4.953517780062821683e-07 1.098356295142797867e+00
2.025877711735016989e-02 5.921969256710912717e-07 1.098481544607065041e+00
2.063617767863858837e-02 7.071675298990220646e-07 1.098553475487447528e+00
2.102060883130158278e-02 8.434620042911656438e-07 1.098575378552065995e+00
2.141220154815729262e-02 1.004805605620152632e-06 1.098551382504728169e+00
2.181108924191518805e-02 1.195533290520942080e-06 1.098486287438760201e+00
2.221740781062883641e-02 1.420686111739228443e-06 1.098385620085579939e+00
2.263129568399528321e-02 1.686124303194872640e-06 1.098255692932341931e+00
2.305289387051707301e-02 1.998660874300752361e-06 1.098103667557417173e+00
2.348234600554275145e-02 2.366220669633726136e-06 1.097937622583252226e+00
2.391979840020238418e-02 2.798031350856214092e-06 1.097766626705773518e+00
2.436540009125464853e-02 3.304854742351414752e-06 1.097600817329541290e+00
2.481930289186254010e-02 3.899269610241024671e-06 1.097451485420090522e+00
2.528166144331499277e-02 4.595996209700900951e-06 1.097330562588110237e+00
2.575263326771199887e-02 5.411907116058023232e-06 1.097242207677508130e+00
2.623237882163122203e-02 6.366239666430675413e-06 1.097183904960862488e+00
2.672106155079433804e-02 7.481139549896647517e-06 1.097152547872072503e+00
2.721884794575178332e-02 8.782096764599056288e-06 1.097144560562503646e+00
2.772590759860482645e-02 1.029844780364357079e-05 1.097155857066909546e+00
2.824241326078434297e-02 1.206396571353095885e-05 1.097181797627306166e+00
2.876854090190592711e-02 1.411755895024790506e-05 1.097217142046037930e+00
2.930446976972142861e-02 1.650410611601438584e-05 1.097255999946562310e+00
2.985038245118730796e-02 1.927546171762124644e-05 1.097291777831193027e+00
3.040646493467067182e-02 2.249150505725164815e-05 1.097317675517590629e+00
3.097290667331408301e-02 2.621973172788175482e-05 1.097331442280353730e+00
3.154990064958086704e-02 3.053617745665389792e-05 1.097333586677601946e+00
3.213764344100276948e-02 3.552715094474851544e-05 1.097324754420665460e+00
3.273633528715245988e-02 4.129051452459212793e-05 1.097305710524638878e+00
3.334618015786364187e-02 4.793712500667200456e-05 1.097277349711427652e+00
3.396738582272208068e-02 5.559247587705527625e-05 1.097240707547964655e+00
3.460016392185108480e-02 6.439858464078004505e-05 1.097196972369768764e+00
3.524473003801584237e-02 7.451618221303898514e-05 1.097147498044010794e+00
3.590130377007068330e-02 8.612727826812761303e-05 1.097093817630691026e+00
3.657010880777489259e-02 9.943819845434873105e-05 1.097037658005442173e+00
3.725137300800209633e-02 1.146832177835860323e-04 1.096980955512959932e+00
3.794532847236938011e-02 1.321289511596967874e-04 1.096925872726167484e+00
3.865221162631261864e-02 1.520797093796307528e-04 1.096874816393054175e+00
3.937226329963479377e-02 1.748840903291075985e-04 1.096830456660790265e+00
4.010572880855495931e-02 2.009431396908069399e-04 1.096795744982710374e+00
4.085285803928561527e-02 2.307114233527061433e-04 1.096772536432586653e+00
4.161390553316707264e-02 2.646841353350666689e-04 1.096759075969357733e+00
4.238913057338778573e-02 3.034130744542966676e-04 1.096752734621436076e+00
4.317879727332021161e-02 3.475160607527067098e-04 1.096750547219055516e+00
4.398317466650223523e-02 3.976844094793906444e-04 1.096749184828116785e+00
4.480253679829489938e-02 4.546914277071560564e-04 1.096744925359861123e+00
4.563716281924758839e-02 5.194021643700054251e-04 1.096733622274617792e+00
4.648733708020256344e-02 5.927847114871060558e-04 1.096710671300914930e+00
4.735334922917116413e-02 6.759234398710924985e-04 1.096670975095906941e+00
4.823549431001467047e-02 7.700346615518857078e-04 1.096608905779688392e+00
4.913407286296361809e-02 8.764853497252181672e-04 1.096518265284978977e+00
5.004939102700953213e-02 9.968157212365210979e-04 1.096392243735736516e+00
5.098176064420424647e-02 1.132747528276410601e-03 1.096225419084145836e+00
5.193149936590212012e-02 1.286147716998475854e-03 1.096019058051513451e+00
5.289893076098151070e-02 1.459071289589410981e-03 1.095776293144269165e+00
5.388438442608223938e-02 1.653791929864794480e-03 1.095500757494076272e+00
5.488819609789671872e-02 1.872825397550764931e-03 1.095196625979157456e+00
5.591070776755290017e-02 2.118956639890241019e-03 1.094868659202374195e+00
5.695226779712821846e-02 2.395271591303265498e-03 1.094522250564556431e+00
5.801323103833375128e-02 2.705194903619091186e-03 1.094163476702583404e+00
5.909395895340967958e-02 3.052535190654118245e-03 1.093799151597830033e+00
6.019481973827271043e-02 3.441539629877189439e-03 1.093436880533183331e+00
6.131618844795772016e-02 3.876902724824101993e-03 1.093083858204343839e+00
6.245844712439614643e-02 4.363709137915705236e-03 1.092744947611760553e+00
6.362198492657485105e-02 4.907554229890306180e-03 1.092425039223254402e+00
6.480719826311967524e-02 5.514624371116951494e-03 1.092129504723766242e+00
6.601449092734885948e-02 6.191775266625593188e-03 1.091864233816548291e+00
6.724427423484245769e-02 6.946626913644613974e-03 1.091635673853033728e+00
6.849696716357443760e-02 7.787679582087396121e-03 1.091450872561308127e+00
6.977299649665534564e-02 8.724456351057422940e-03 1.091317524176993459e+00
7.107279696773415034e-02 9.767572859664402571e-03 1.091242685824512559e+00
7.239681140910873836e-02 1.092816070628322388e-02 1.091224628149376263e+00
7.374549090259549522e-02 1.221804820576962575e-02 1.091257161127901387e+00
7.511929493320965157e-02 1.365004805377465803e-02 1.091333162722404104e+00
7.651869154570821452e-02 1.523802172240657817e-02 1.091444509963178211e+00
7.794415750404946885e-02 1.699694894804019973e-02 1.091581991814273511e+00
7.939617845382279659e-02 1.894300529791269685e-02 1.091735216312370360e+00
8.087524908770453436e-02 2.109367391793156091e-02 1.091892833767079019e+00
8.238187331399605962e-02 2.346825482738356880e-02 1.092047310940541749e+00
8.391656442830157381e-02 2.608818991773212068e-02 1.092194448075046065e+00
8.547984528840409102e-02 2.897714610465079374e-02 1.092329704820203418e+00
8.707224849239916797e-02 3.216137149736778694e-02 1.092448060241163255e+00
8.869431656014709064e-02 3.567014734374290841e-02 1.092543976437654774e+00
9.034660211810524588e-02 3.953634547827526019e-02 1.092611337572919616e+00
9.202966808760409956e-02 4.379581305172754180e-02 1.092639009365372393e+00
9.374408787662991127e-02 4.848556045240921819e-02 1.092604809328157067e+00
9.549044557518077125e-02 5.364559078379027568e-02 1.092482872323280452e+00
9.726933615426168467e-02 5.931957195129915900e-02 1.092244677702466360e+00
9.908136566858666283e-02 6.555529282487254639e-02 1.091858872514640311e+00
1.009271514630570854e-01 7.240504330412046718e-02 1.091293618641059560e+00
1.028073223830864719e-01 7.992187807819535472e-02 1.090573829937644623e+00
1.047225189888434382e-01 8.815739307927597523e-02 1.089789188174317802e+00
1.066733937734857113e-01 9.716403229914388762e-02 1.089042573568053562e+00
1.086606113854596822e-01 1.069945559842631483e-01 1.088448438055379608e+00
1.106848488549412035e-01 1.177013859281351021e-01 1.088132298520329888e+00
1.127467958244946084e-01 1.293485590817433917e-01 1.088142105405011106e+00
1.148471547840289042e-01 1.420268845242123046e-01 1.088386198162136997e+00
1.169866413101306873e-01 1.558455959886579645e-01 1.088748747650975179e+00
1.191659843098558796e-01 1.709355520615839230e-01 1.089099802273287398e+00
1.213859262690627772e-01 1.874510174891449166e-01 1.089303289590708435e+00
1.236472235053715091e-01 2.055176939957825966e-01 1.089337677081132938e+00
1.259506464258357550e-01 2.252211963616007895e-01 1.089276663426267389e+00
1.282969797894147612e-01 2.466312626116422269e-01 1.089205225033799129e+00
1.306870229743346268e-01 2.697961815792602192e-01 1.089217557611327880e+00
1.331215902504307713e-01 2.947930040383096584e-01 1.089350771081569969e+00
1.356015110565633452e-01 3.218040426689706135e-01 1.089523011610964875e+00
1.381276302832009362e-01 3.510663804827505174e-01 1.089629783122442186e+00
1.407008085602685088e-01 3.828757705610215667e-01 1.089555364104847213e+00
1.433219225503573890e-01 4.175159323417790835e-01 1.089251104912384083e+00
1.459918652473978506e-01 4.551441105162226108e-01 1.088814316008251293e+00
1.487115462808953625e-01 4.958755835434918713e-01 1.088370703744512724e+00
1.514818922258345801e-01 5.397917069374572607e-01 1.088053582133328590e+00
1.543038469183564687e-01 5.870669063217590633e-01 1.087870324987136872e+00
1.571783717773162781e-01 6.380239091888345593e-01 1.087695660634203865e+00
1.601064461318317811e-01 6.930590705887946790e-01 1.087384644246513377e+00
1.630890675549332702e-01 7.526073549223277759e-01 1.086822722030517996e+00
1.661272522034293042e-01 8.169934717358275922e-01 1.086055259302477705e+00
1.692220351641037235e-01 8.865103893829010540e-01 1.085173321457792550e+00
1.723744708063619790e-01 9.614467199551792742e-01 1.084278769969903689e+00
1.755856331414468730e-01 1.042081128787872846e+00 1.083485048881035695e+00
1.788566161883461958e-01 1.128675625545844552e+00 1.082918134121059639e+00
1.821885343465165230e-01 1.221476004685982497e+00 1.082706954593895654e+00
1.855825227755517060e-01 1.320811037690817979e+00 1.082860229502129013e+00
1.890397377819219571e-01 1.427103456437892604e+00 1.083294788369471462e+00
1.925613572129196704e-01 1.540826408664830005e+00 1.083915016044012525e+00
1.961485808579429280e-01 1.662514254497992727e+00 1.084613256117824998e+00
1.998026308572548593e-01 1.792777260895078273e+00 1.085268683569723391e+00
2.035247521183575770e-01 1.932284235665230998e+00 1.085768005254462709e+00
2.073162127401229071e-01 2.081620449838253784e+00 1.086090411774447428e+00
2.111783044448242164e-01 2.241356144976378140e+00 1.086245208647711458e+00
2.151123430182164953e-01 2.412088543905522631e+00 1.086243573823243658e+00
2.191196687578147451e-01 2.594444822657288263e+00 1.086098696201332148e+00
2.232016469295232397e-01 2.789085969169905255e+00 1.085825926479448533e+00
2.273596682327715113e-01 2.996711747792945690e+00 1.085442937637776106e+00
2.315951492743152096e-01 3.218067021054878296e+00 1.084969896477187445e+00
2.359095330508633737e-01 3.453949724752674921e+00 1.084429647954447962e+00
2.403042894406967056e-01 3.705220844956803372e+00 1.083847914459151074e+00
2.447809157044440187e-01 3.972816808025598334e+00 1.083253512657063933e+00
2.493409369951877785e-01 4.257764769905588942e+00 1.082678591100582288e+00
2.539859068780723761e-01 4.561168740154633028e+00 1.082154720613006882e+00
2.587174078595921300e-01 4.884030066354135613e+00 1.081690420454198165e+00
2.635370519267393186e-01 5.227311586824221479e+00 1.081284583378673725e+00
2.684464810961962322e-01 5.592001573916359547e+00 1.080935723445438867e+00
2.734473679737579599e-01 5.979115444574568450e+00 1.080641959293902943e+00
2.785414163241766161e-01 6.389698335133184415e+00 1.080400975720975376e+00
2.837303616516211324e-01 6.824828952868167598e+00 1.080209982246269407e+00
2.890159717909508430e-01 7.285625025044953240e+00 1.080065668479983865e+00
2.944000475100033709e-01 7.773250717955046518e+00 1.079964156106170803e+00
2.998844231231027613e-01 8.288926456964412992e+00 1.079900947294506031e+00
3.054709671159968054e-01 8.833932295107311816e+00 1.079870387356374861e+00
3.111615827824359970e-01 9.409586284584291249e+00 1.079863922576425050e+00
3.169582088726115021e-01 1.001727839115351770e+01 1.079871326475670079e+00
3.228628202536730218e-01 1.065849903064849258e+01 1.079881120668515493e+00
3.288774285825510346e-01 1.133486363208720782e+01 1.079880473146885622e+00
3.350040829913132900e-01 1.204814293086763932e+01 1.079855090963498521e+00
3.412448707852889229e-01 1.280030001933215367e+01 1.079789107475848109e+00
3.476019181541977754e-01 1.359353536106444515e+01 1.079664964430987029e+00
3.540773908965269556e-01 1.443029943810011950e+01 1.079464799735342595e+00
3.606734951574028236e-01 1.531277214761569461e+01 1.079189855143640298e+00
3.673924781802074269e-01 1.624284980604999262e+01 1.078857174030180666e+00
3.742366290721980682e-01 1.722248033217447016e+01 1.078486338562888003e+00
3.812082795843887983e-01 1.825368272841634720e+01 1.078099333551311156e+00
3.883098049059605095e-01 1.933856219889611694e+01 1.077720732729722686e+00
3.955436244734701345e-01 2.047932963169131071e+01 1.077377902614427008e+00
4.029122027951347884e-01 2.167832163471120310e+01 1.077100739581504207e+00
4.104180502904709038e-01 2.293782972560018862e+01 1.076902047624717307e+00
4.180637241455757991e-01 2.425997658044157390e+01 1.076768206611111500e+00
4.258518291843414461e-01 2.564691714483312523e+01 1.076681813395370613e+00
4.337850187558989212e-01 2.710087059930344111e+01 1.076623251048388408e+00
4.418659956385941334e-01 2.862414188253263703e+01 1.076570501426697080e+00
4.500975129608046355e-01 3.021914945550712872e+01 1.076498948425173907e+00
4.584823751389096036e-01 3.188841251711507851e+01 1.076387976141341296e+00
4.670234388327330621e-01 3.363442584019664139e+01 1.076241724997413662e+00
4.757236139187884794e-01 3.545979087329558865e+01 1.076071654629945584e+00
4.845858644816490868e-01 3.736729893385032142e+01 1.075890647919737875e+00
4.936132098237911991e-01 3.935998692952452416e+01 1.075713123423466255e+00
5.028087254942474882e-01 4.144119858785217048e+01 1.075555054406105437e+00
5.121755443364236493e-01 4.361413374472547844e+01 1.075426244542809329e+00
5.217168575554343990e-01 4.588133208974078059e+01 1.075323802630801406e+00
5.314359158053235666e-01 4.824531259751766754e+01 1.075243044849115259e+00
5.413360302965375404e-01 5.070867954224478780e+01 1.075178653169924559e+00
5.514205739240296555e-01 5.327416388957922777e+01 1.075124621869944841e+00
5.616929824163804374e-01 5.594467519039924497e+01 1.075074200533548296e+00
5.721567555063246102e-01 5.872336561164414803e+01 1.075019833440545636e+00
5.828154581230839959e-01 6.161370794600274081e+01 1.074953095254065571e+00
5.936727216069119795e-01 6.461958968633615541e+01 1.074864622953135562e+00
6.047322449462643190e-01 6.774540522828851863e+01 1.074744240000484519e+00
6.159977960380161877e-01 7.099546858826973050e+01 1.074587472346010930e+00
6.274732129711574347e-01 7.437371680747187952e+01 1.074397911323972332e+00
6.391624053343999412e-01 7.788445633879963736e+01 1.074180213808007656e+00
6.510693555481454897e-01 8.153252090859110979e+01 1.073939682065051526e+00
6.631981202212668958e-01 8.532340413061477591e+01 1.073682315622277006e+00
6.755528315331639222e-01 8.926341631989528480e+01 1.073414866889962793e+00
6.881376986415662644e-01 9.335986914906551704e+01 1.073144900895578902e+00
7.009570091165617800e-01 9.762129169834517484e+01 1.072880859926987451e+00
7.140151304013395706e-01 1.020552773407507914e+02 1.072633360927912394e+00
7.273165113001454074e-01 1.066621702741859394e+02 1.072418229890097274e+00
7.408656834939559843e-01 1.114393217588927598e+02 1.072253832463273993e+00
7.546672630843886953e-01 1.163821522900865659e+02 1.072160473326449370e+00
7.687259521663728501e-01 1.214838516590044861e+02 1.072160556029436274e+00
7.830465404301183430e-01 1.267350551555765747e+02 1.072278759198209253e+00
7.976339067929273385e-01 1.321234980152235039e+02 1.072542231604251661e+00
8.124930210614047521e-01 1.376363641397387028e+02 1.072972744852397797e+00
8.276289456246344045e-01 1.432768865487801691e+02 1.073539980076751110e+00
8.430468371788967241e-01 1.490585191692391049e+02 1.074187216925932997e+00
8.587519484845170803e-01 1.549995738587602148e+02 1.074850602256880450e+00
8.747496301554414933e-01 1.611241101421844348e+02 1.075458596263562105e+00
8.910453324821513421e-01 1.674629863924185713e+02 1.075931364867843021e+00
9.076446072885356875e-01 1.740542652176508227e+02 1.076182524301527499e+00
9.245531098233570333e-01 1.809203666759960640e+02 1.076184274802843399e+00
9.417766006869519035e-01 1.880581023367616922e+02 1.075984399671864988e+00
9.593209477938241525e-01 1.954592100321590067e+02 1.075641359276825915e+00
9.771921283717996953e-01 2.031109339907551430e+02 1.075221002363024869e+00
9.953962309984233370e-01 2.109952558797735946e+02 1.074797089203331613e+00
1.013939457675291811e+00 2.190900977711998507e+02 1.074445254775688197e+00
1.032828125941028574e+00 2.273858850130296787e+02 1.074190216453802416e+00
1.052068671023622892e+00 2.358811716263183200e+02 1.074027768963760066e+00
1.071667648032863296e+00 2.445748745465905358e+02 1.073952607908496226e+00
1.091631734193614811e+00 2.534664027170963720e+02 1.073958485753621961e+00
1.111967731120699021e+00 2.625558912136912113e+02 1.074038122115558602e+00
1.132682567136153784e+00 2.718444730801370497e+02 1.074183107241584390e+00
1.153783299629660863e+00 2.813345927450104114e+02 1.074383798409105140e+00
1.175277117462945276e+00 2.910303653813394931e+02 1.074629209016629394e+00
1.197171343418965694e+00 3.009379872104963169e+02 1.074906890200352461e+00
1.219473436696737023e+00 3.110662025916161610e+02 1.075202804891180586e+00
1.242190995452616242e+00 3.214268348384456999e+02 1.075501194331186738e+00
1.265331759388941713e+00 3.320344588954222331e+02 1.075785347126190894e+00
1.288903612390891462e+00 3.428960421347421175e+02 1.076047771394588182e+00
1.312914585212463958e+00 3.540123593390039218e+02 1.076287694317088706e+00
1.337372858212495075e+00 3.653844270377837802e+02 1.076504488968634821e+00
1.362286764141645401e+00 3.770137996267178551e+02 1.076697558703775703e+00
1.387664790981307128e+00 3.889027764339048190e+02 1.076866342119457753e+00
1.413515584835394190e+00 4.010546420234118159e+02 1.077010318419993062e+00
1.439847952876006643e+00 4.134739433931472377e+02 1.077129013209846109e+00
1.466670866343967150e+00 4.261668081586311132e+02 1.077222004741341888e+00
1.493993463605256311e+00 4.391413083491308953e+02 1.077288930645979859e+00
1.521825053264385552e+00 4.524066106541311001e+02 1.077329711752529562e+00
1.550175117335768737e+00 4.659639458354271255e+02 1.077346108550374160e+00
1.579053314474174297e+00 4.798098898452523713e+02 1.077341029633224867e+00
1.608469483265355215e+00 4.939405333929938706e+02 1.077317816053361188e+00
1.638433645577983100e+00 5.083515805235901439e+02 1.077280272120688220e+00
1.668956009978023181e+00 5.230384411309939878e+02 1.077232703235152522e+00
1.700046975206716438e+00 5.379963452322099329e+02 1.077179956447577913e+00
1.731717133723352786e+00 5.532204813789888931e+02 1.077127463983824862e+00
1.763977275314043469e+00 5.687061970507863862e+02 1.077081211319629972e+00
1.796838390767719229e+00 5.844503824434539183e+02 1.077045220295377970e+00
1.830311675620611256e+00 6.004522950125228817e+02 1.077020694899800457e+00
1.864408533970485227e+00 6.167127606911391240e+02 1.077008737154714346e+00
1.899140582361933616e+00 6.332344854781587173e+02 1.077010528079676899e+00
1.934519653744044332e+00 6.500224949519375741e+02 1.077027332884928024e+00
1.970557801501798378e+00 6.670846299948470914e+02 1.077060506503178194e+00
2.007267303562568106e+00 6.844320762537641940e+02 1.077111494409137782e+00
2.044660666579115826e+00 7.020733628324719575e+02 1.077180686438279578e+00
2.082750630190514318e+00 7.200044651808310618e+02 1.077265768866134454e+00
2.121550171362450055e+00 7.382194897690030757e+02 1.077363719703925637e+00
2.161072508808376647e+00 7.567126863037885869e+02 1.077471114708626665e+00
2.201331107493030181e+00 7.754786456216562556e+02 1.077584093831213119e+00
2.242339683219845003e+00 7.945125291305686233e+02 1.077698325424027326e+00
2.284112207303823361e+00 8.138103327372872400e+02 1.077808968111475973e+00
2.326662911331458083e+00 8.333691884175184441e+02 1.077910630233970712e+00
2.370006292009327886e+00 8.531877068491987757e+02 1.077997326783215470e+00
2.414157116103017753e+00 8.732663648485362273e+02 1.078062433758050664e+00
2.459130425468043946e+00 8.936079417424843996e+02 1.078098639884660370e+00
2.504941542174502267e+00 9.142180062557755491e+02 1.078097898379879016e+00
2.551606073727183954e+00 9.351019306923230943e+02 1.078054453334387652e+00
2.599139918382932901e+00 9.562574854485294509e+02 1.077971274159794657e+00
2.647559270567066747e+00 9.776819771662393350e+02 1.077853552210323418e+00
2.696880626390692370e+00 9.993742788378741579e+02 1.077707219917180881e+00
2.747120789270811603e+00 1.021335219077563806e+03 1.077539010561996857e+00
2.798296875655115645e+00 1.043568019573379615e+03 1.077356522389137927e+00
2.850426320853434614e+00 1.066078785255004050e+03 1.077168287481862885e+00
2.903526884977813971e+00 1.088877052301767435e+03 1.076983845891250180e+00
2.957616658993253544e+00 1.111976399853856947e+03 1.076813825581864892e+00
3.012714070881164385e+00 1.135395102743222424e+03 1.076669980436286256e+00
3.068837891917642224e+00 1.159152264092357427e+03 1.076557843147561311e+00
3.126007243068700259e+00 1.183262346950634310e+03 1.076467637987056580e+00
3.184241601504649744e+00 1.207742759982096686e+03 1.076386357006620997e+00
3.243560807235807975e+00 1.232615579574201092e+03 1.076299435442828356e+00
3.303985069871854918e+00 1.257908279524686805e+03 1.076190627116287546e+00
3.365534975507090909e+00 1.283654546928909440e+03 1.076041873681385708e+00
3.428231493733967294e+00 1.309895195395715064e+03 1.075833168154173070e+00
3.492095984787267682e+00 1.336679188853629967e+03 1.075542413348316018e+00
3.557150206821382277e+00 1.364054439790540300e+03 1.075150438014395693e+00
3.623416323323146226e+00 1.392014471268915031e+03 1.074666998620360747e+00
3.690916910662774608e+00 1.420526371456394600e+03 1.074114683074027798e+00
3.759674965785463563e+00 1.449549510399085648e+03 1.073518947245952537e+00
3.829713914046277257e+00 1.479034665484527522e+03 1.072908315871229368e+00
3.901057617190989202e+00 1.508923055718779096e+03 1.072314617584532170e+00
3.973730381485604202e+00 1.539145314238923220e+03 1.071773244273903192e+00
4.047756965997318268e+00 1.569624595329184785e+03 1.071321121183105296e+00
4.123162591029748469e+00 1.600327782536891618e+03 1.070968870007367846e+00
4.199972946715301525e+00 1.631259519164896119e+03 1.070706629907967278e+00
4.278214201767612579e+00 1.662430628625578038e+03 1.070522631877022013e+00
4.357913012397025554e+00 1.693858350997264324e+03 1.070403444949638683e+00
4.439096531392166867e+00 1.725567360703882514e+03 1.070333826914957376e+00
4.521792417370697592e+00 1.757590891808946481e+03 1.070296565514012421e+00
4.606028844202397998e+00 1.789971983620572701e+03 1.070272310277709638e+00
4.691834510607794329e+00 1.822764861982845332e+03 1.070239395371143099e+00
4.779238649935595440e+00 1.856036475000320479e+03 1.070173654074628944e+00
4.868271040122278848e+00 1.889868206174372062e+03 1.070048225855564583e+00
4.958962013837211913e+00 1.924357793230487459e+03 1.069833357377653060e+00
5.051342468816761411e+00 1.959617903483967439e+03 1.069497558460961839e+00
5.145443878390924652e+00 1.995713518613940323e+03 1.069031485662233827e+00
5.241298302206056192e+00 2.032657808962280797e+03 1.068447855265827418e+00
5.338938397147350301e+00 2.070461442680744767e+03 1.067762085596724697e+00
5.438397428464796235e+00 2.109134294574220348e+03 1.066991750436094399e+00
5.539709281106400596e+00 2.148685352377948675e+03 1.066156737454463599e+00
5.642908471262536807e+00 2.189122617715735942e+03 1.065279419051444965e+00
5.748030158125351008e+00 2.230453001737662362e+03 1.064384837659032579e+00
5.855110155867238042e+00 2.272682215480511331e+03 1.063500908007617207e+00
5.964184945842459840e+00 2.315814655045385280e+03 1.062658639382830561e+00
6.075291689016070862e+00 2.359854061390332845e+03 1.061889645162604090e+00
6.188468238624382778e+00 2.404811958794226939e+03 1.061197206941329352e+00
6.303753153071275150e+00 2.450706179600408177e+03 1.060564207482008303e+00
6.421185709064758385e+00 2.497556169037675318e+03 1.059971007778820029e+00
6.540805914998252923e+00 2.545383181325082205e+03 1.059395552045120148e+00
6.662654524581149929e+00 2.594210596620739580e+03 1.058813168371223634e+00
6.786773050723295064e+00 2.644064280840958872e+03 1.058196360767988287e+00
6.913203779678127603e+00 2.694972993213575592e+03 1.057514594002146646e+00
7.041989785449288775e+00 2.746968876768709833e+03 1.056734413329159183e+00
7.173174944465612768e+00 2.800089959224939776e+03 1.055841363180010095e+00
7.306803950529499936e+00 2.854382460554010777e+03 1.054856403901244022e+00
7.442922330043757917e+00 2.909899120136069541e+03 1.053806541743445457e+00
7.581576457522110069e+00 2.966699827161340181e+03 1.052722041575089085e+00
7.722813571388642551e+00 3.024852618502559835e+03 1.051636667200589681e+00
7.866681790071582192e+00 3.084434799528812619e+03 1.050587946758073432e+00
8.013230128396878982e+00 3.145534198671393369e+03 1.049617460311132344e+00
8.162508514287219796e+00 3.208241506880494853e+03 1.048756358149391721e+00
8.314567805772055564e+00 3.272629994557650662e+03 1.047992265417057700e+00
8.469459808314576676e+00 3.338774672615682903e+03 1.047301892279620228e+00
8.627237292461440887e+00 3.406757950216135669e+03 1.046659009318607891e+00
8.787954011821311084e+00 3.476670564208098313e+03 1.046034194972040865e+00
8.951664721378293166e+00 3.548612624041351410e+03 1.045394572049678228e+00
9.118425196146562328e+00 3.622694786978114735e+03 1.044703535461835475e+00
9.288292250172489162e+00 3.699039580608691722e+03 1.043920474094979678e+00
9.461323755890759912e+00 3.777782892241155878e+03 1.043000490719030893e+00
9.637578663841079418e+00 3.859075647761063010e+03 1.041894124939170219e+00
9.817117022752183786e+00 3.943085706137311718e+03 1.040547085527177673e+00
1.000000000000000000e+01 4.030000000000001364e+03 1.038899999999999935e+00
