# Source: PRIMAT compilation, https://doi.org/10.1016/j.physrep.2018.04.005
1.000000000000000021e-03 1.000000000000000008e-35 1.000000000000000000e+02
1.018628990244687619e-03 1.136495128120871676e-35 1.000000000000000000e+02
1.037605019766911670e-03 1.295829908618218915e-35 1.000000000000000995e+02
1.056934553557988335e-03 1.482445680561232258e-35 1.000000000000000000e+02
1.076624177045493267e-03 1.701760433981072882e-35 1.000000000000000000e+02
1.096680598336868600e-03 1.960407436346709483e-35 1.000000000000000000e+02
1.117110650504824203e-03 2.266537836948427809e-35 1.000000000000000000e+02
1.137921293915315117e-03 2.630205895594938213e-35 1.000000000000000000e+02
1.159119618598885779e-03 3.063861346351692003e-35 1.000000000000000000e+02
1.180712846666190276e-03 3.582981249779733581e-35 1.000000000000000995e+02
1.202708334768511989e-03 4.206884220727620551e-35 1.000000000000000995e+02
1.225113576604118949e-03 4.959784128377009788e-35 1.000000000000000995e+02
1.247936205471311460e-03 5.872159619453443004e-35 1.000000000000000000e+02
1.271183996869028896e-03 6.982542024084965517e-35 1.000000000000001990e+02
1.294864871145904933e-03 8.339860044463798793e-35 1.000000000000000995e+02
1.318986896198670470e-03 1.000652887177517990e-34 1.000000000000001990e+02
1.343558290220826226e-03 1.206253936784286289e-34 1.000000000000000995e+02
1.368587424502519176e-03 1.461089728401695690e-34 1.000000000000000995e+02
1.394082826282578647e-03 1.778489403887585145e-34 1.000000000000000995e+02
1.420053181653683095e-03 2.175787496104238844e-34 1.000000000000000995e+02
1.446507338521647217e-03 2.675643070064265706e-34 1.000000000000000995e+02
1.473454309619835756e-03 3.307830552495598978e-34 1.000000000000000995e+02
1.500903275579736594e-03 4.111684036180464951e-34 1.000000000000000995e+02
1.528863588058731147e-03 5.139451913882026061e-34 1.000000000000000000e+02
1.557344772926135207e-03 6.460926820361242237e-34 1.000000000000000995e+02
1.586356533508589657e-03 8.169872497390384619e-34 1.000000000000000995e+02
1.615908753895919101e-03 1.039299745293325444e-33 1.000000000000000995e+02
1.646011502308549748e-03 1.330255991278274333e-33 1.000000000000000995e+02
1.676675034527699143e-03 1.713418214466641349e-33 1.000000000000000995e+02
1.707909797389426916e-03 2.221218483699221694e-33 1.000000000000001990e+02
1.739726432343800767e-03 2.898584652595017504e-33 1.000000000000000000e+02
1.772135779080358372e-03 3.808163830906362150e-33 1.000000000000000995e+02
1.805148879221108154e-03 5.037897403075632031e-33 1.000000000000000995e+02
1.838776980082326793e-03 6.712080992578754677e-33 1.000000000000000000e+02
1.873031538506436536e-03 9.007624790751240651e-33 1.000000000000001990e+02
1.907924224765265072e-03 1.217812882661247518e-32 1.000000000000000995e+02
1.943466926536020246e-03 1.658978677395333984e-32 1.000000000000000995e+02
1.979671752951332481e-03 2.277532448312438713e-32 1.000000000000000995e+02
2.016551038724746607e-03 3.151564115768794748e-32 1.000000000000000000e+02
2.054117348353064112e-03 4.396432775031889181e-32 1.000000000000001990e+02
2.092383480396977150e-03 6.183906382283051888e-32 1.000000000000000995e+02
2.131362471841437810e-03 8.771815272759095191e-32 1.000000000000000995e+02
2.171067602537264923e-03 1.255036708476702863e-31 1.000000000000000995e+02
2.211512399725488933e-03 1.811508111637512863e-31 1.000000000000000000e+02
2.252710642645980484e-03 2.638260546440470368e-31 1.000000000000000000e+02
2.294676367231936100e-03 3.877620069925703493e-31 1.000000000000000995e+02
2.337423870891814758e-03 5.752537517652849915e-31 1.000000000000000995e+02
2.380967717380358135e-03 8.615419589102650944e-31 1.000000000000000000e+02
2.425322741760352948e-03 1.302842166271744232e-30 1.000000000000000000e+02
2.470504055456825433e-03 1.989667525605073145e-30 1.000000000000000000e+02
2.516527051405391836e-03 3.069139142294016683e-30 1.000000000000000995e+02
2.563407409296514835e-03 4.782697343796304806e-30 1.000000000000000000e+02
2.611161100917459583e-03 7.530451012822777575e-30 1.000000000000000000e+02
2.659804395593758260e-03 1.198203847250968092e-29 1.000000000000000995e+02
2.709353865732051433e-03 1.926947992308308055e-29 1.000000000000000000e+02
2.759826392466180594e-03 3.132596924166427202e-29 1.000000000000000995e+02
2.811239171408464344e-03 5.148697448186333562e-29 1.000000000000000000e+02
2.863609718508115885e-03 8.556747124459035396e-29 1.000000000000000000e+02
2.916955876018795853e-03 1.438120533942032172e-28 9.999999999999994316e+01
2.971295818577334054e-03 2.444613282625230308e-28 1.000000000000000000e+02
3.026648059395692196e-03 4.203491847341545952e-28 1.000000000000000995e+02
3.083031456568277075e-03 7.315759838145294275e-28 1.000000000000000000e+02
3.140465219496752208e-03 1.290240050599199747e-27 9.999999999999994316e+01
3.198968915434537586e-03 2.308948768111146523e-27 9.999999999999994316e+01
3.258562476153226226e-03 4.198685464170757274e-27 1.000000000000000000e+02
3.319266204733189573e-03 7.770443248442221809e-27 1.000000000000000995e+02
3.381100782480685445e-03 1.466052335701799282e-26 1.000000000000000000e+02
3.444087275973823411e-03 2.825050908417027734e-26 9.999999999999994316e+01
3.508247144239792347e-03 5.571175554359586496e-26 1.000000000000000000e+02
3.573602246065788347e-03 1.126822574357335251e-25 9.999999999999994316e+01
3.640174847446141400e-03 2.343018805774740263e-25 9.999999999999994316e+01
3.707987629168172684e-03 5.021294157964612648e-25 1.000000000000000000e+02
3.777063694539364597e-03 1.112177372111703710e-24 1.000000000000000000e+02
3.847426577258505898e-03 2.553565197024625840e-24 9.999999999999994316e+01
3.919100249433401899e-03 6.097254905505105386e-24 1.000000000000000995e+02
3.992109129748053209e-03 1.519313995568347210e-23 1.000000000000000995e+02
4.066478091781853925e-03 3.961098210272109430e-23 1.000000000000000000e+02
4.142232472483897525e-03 1.076442694783948101e-22 1.000000000000000000e+02
4.219398080805024202e-03 3.028816904440463700e-22 1.000000000000000995e+02
4.298001206490798497e-03 8.757469895297700883e-22 1.000000000000000995e+02
4.378068629038166758e-03 2.579950312516831658e-21 1.000000000000000995e+02
4.459627626819095622e-03 7.670577712654112283e-21 1.000000000000000995e+02
4.542705986374042521e-03 2.277213009154405120e-20 1.000000000000000995e+02
4.627332011878692967e-03 6.671026044054633810e-20 1.000000000000000995e+02
4.713534534786906725e-03 1.903218434393516036e-19 1.000000000000000995e+02
4.801342923653449841e-03 5.211718165608611882e-19 1.000000000000000000e+02
4.890787094139589959e-03 1.348056372074516932e-18 1.000000000000000000e+02
4.981897519205159656e-03 3.235999184398642145e-18 1.000000000000000000e+02
5.074705239490466188e-03 7.087712484296449974e-18 1.000000000000000000e+02
5.169241873891598608e-03 1.415592674288755839e-17 1.000000000000000000e+02
5.265539630332755246e-03 2.598628313039035601e-17 1.000000000000000000e+02
5.363631316739239652e-03 4.425256245871209757e-17 1.000000000000000995e+02
5.463550352214875498e-03 7.065535509340302592e-17 1.000000000000000995e+02
5.565330778427646403e-03 1.070654185835052053e-16 1.000000000000000000e+02
5.669007271207434327e-03 1.561178078637801851e-16 1.000000000000000000e+02
5.774615152359819509e-03 2.225011504435529263e-16 1.000000000000000000e+02
5.882190401699956099e-03 3.154318477843646275e-16 1.000000000000000000e+02
5.991769669310619169e-03 4.536243935836714992e-16 1.000000000000000000e+02
6.103390288028621123e-03 6.739182196122656338e-16 1.000000000000000995e+02
6.217090286163826779e-03 1.035566030415575384e-15 1.000000000000000000e+02
6.332908400455114321e-03 1.638011426329105301e-15 1.000000000000000000e+02
6.450884089267692675e-03 2.652439007814275426e-15 1.000000000000000000e+02
6.571057546036270826e-03 4.369917079584699791e-15 1.000000000000000000e+02
6.693469712958660493e-03 7.274012008407143572e-15 1.000000000000000000e+02
6.818162294944479437e-03 1.213830876517394703e-14 1.000000000000000995e+02
6.945177773823696388e-03 2.012999222867998163e-14 1.000000000000000000e+02
7.074559422819878297e-03 3.286933706213045367e-14 1.000000000000000995e+02
7.206351321293052656e-03 5.264559151439325644e-14 1.000000000000000000e+02
7.340598369757212090e-03 8.282732395154644776e-14 1.000000000000000000e+02
7.477346305177588227e-03 1.282411504429174277e-13 1.000000000000000000e+02
7.616641716552892058e-03 1.958186666478235997e-13 9.999999999999990052e+01
7.758532060787835978e-03 2.956138430167166927e-13 1.000000000000000995e+02
7.903065678861348128e-03 4.424486058768450135e-13 1.000000000000000000e+02
8.050291812295981564e-03 6.586234040327331007e-13 1.000000000000000995e+02
8.200260619934130954e-03 9.759654456539239239e-13 9.999999999999994316e+01
8.353023195026778799e-03 1.435109383580997568e-12 1.000000000000000995e+02
8.508631582640582489e-03 2.086035694453615261e-12 1.000000000000000995e+02
8.667138797389234081e-03 2.984755296339466497e-12 1.000000000000000995e+02
8.828598841495149604e-03 4.184355410269040908e-12 1.000000000000000000e+02
8.993066723187623582e-03 5.718323343958778210e-12 1.000000000000000000e+02
9.160598475443709407e-03 7.591081951111237098e-12 1.000000000000000000e+02
9.331251175078249249e-03 9.846103367247037006e-12 1.000000000000000000e+02
9.505082962189511861e-03 1.259621648985849974e-11 1.000000000000000000e+02
9.682153059967075343e-03 1.606302028550169129e-11 9.999999999999994316e+01
9.862521794868784469e-03 2.066188975269494795e-11 9.999999999999994316e+01
1.004625061717340749e-02 2.716324656759131548e-11 9.999999999999994316e+01
1.023340212191641702e-02 3.678983627104495197e-11 9.999999999999994316e+01
1.042404007021556327e-02 5.110655279557751659e-11 9.999999999999990052e+01
1.061822941099384125e-02 7.233550155959405614e-11 9.999999999999994316e+01
1.081603630310709954e-02 1.035411557944398473e-10 9.999999999999984368e+01
1.101752813788386791e-02 1.486378650054604698e-10 1.000000000000000995e+02
1.122277356208507652e-02 2.125489266176415132e-10 1.000000000000000000e+02
1.143184250129149725e-02 3.029495027388339054e-10 9.999999999999994316e+01
1.164480618372686072e-02 4.313975061267981277e-10 9.999999999999990052e+01
1.186173716452478509e-02 6.153493778922488582e-10 1.000000000000000000e+02
1.208270935044776506e-02 8.817893396639326146e-10 9.999999999999990052e+01
1.230779802506665188e-02 1.271420944553965717e-09 1.000000000000000000e+02
1.253707987440920262e-02 1.843360089510563559e-09 9.999999999999994316e+01
1.277063301308643990e-02 2.684885692046647341e-09 1.000000000000000000e+02
1.300853701090571267e-02 3.924517559398433206e-09 9.999999999999994316e+01
1.325087291997953214e-02 5.751799237194769832e-09 1.000000000000000000e+02
1.349772330233941706e-02 8.452194146655138058e-09 1.000000000000000000e+02
1.374917225806419029e-02 1.245585517374384905e-08 9.999999999999994316e+01
1.400530545393219653e-02 1.841273671881466767e-08 1.000000000000000000e+02
1.426621015260736910e-02 2.730757397676448529e-08 1.000000000000000000e+02
1.453197524236895383e-02 4.062715544359769603e-08 9.999999999999994316e+01
1.480269126739508674e-02 6.062169275618233033e-08 1.000000000000000000e+02
1.507845045861051086e-02 9.070253131000783269e-08 9.999999999999994316e+01
1.535934676510897039e-02 1.360522445326907268e-07 1.000000000000000995e+02
1.564547588616095955e-02 2.045677957398295789e-07 1.000000000000000995e+02
1.593693530381774456e-02 3.082946040973378913e-07 1.000000000000000000e+02
1.623382431612278159e-02 4.656280527424881660e-07 1.000000000000000000e+02
1.653624407094180307e-02 7.046711947215323235e-07 1.000000000000000000e+02
1.684429760042315330e-02 1.068380404444327304e-06 9.999999999999994316e+01
1.715808985610004986e-02 1.622443419385092283e-06 1.000000000000000995e+02
1.747772774464680795e-02 2.467310750110019313e-06 1.000000000000000000e+02
1.780332016430113962e-02 3.756548895764182080e-06 1.000000000000000000e+02
1.813497804196495186e-02 5.724786347596791823e-06 1.000000000000000000e+02
1.847281437099634188e-02 8.730398623195054819e-06 1.000000000000000000e+02
1.881694424970555696e-02 1.332058194839590505e-05 1.000000000000000000e+02
1.916748492056815148e-02 2.032981437458124713e-05 1.000000000000000000e+02
1.952455581016860828e-02 3.102897244884900033e-05 1.000000000000000000e+02
1.988827856988809734e-02 4.735039961997776004e-05 1.000000000000000995e+02
2.025877711735016989e-02 7.222591082625590987e-05 1.000000000000000995e+02
2.063617767863858837e-02 1.100842232965351100e-04 1.000000000000000000e+02
2.102060883130158278e-02 1.675861024799181107e-04 1.000000000000000000e+02
2.141220154815729262e-02 2.547051444558940054e-04 1.000000000000000000e+02
2.181108924191518805e-02 3.862936147498674489e-04 1.000000000000000995e+02
2.221740781062883641e-02 5.843289564650202021e-04 1.000000000000000000e+02
2.263129568399528321e-02 8.810960673824385454e-04 1.000000000000000000e+02
2.305289387051707301e-02 1.323628694916418116e-03 1.000000000000000000e+02
2.348234600554275145e-02 1.979801195451228336e-03 1.000000000000000000e+02
2.391979840020238418e-02 2.946513513719787626e-03 1.000000000000000000e+02
2.436540009125464853e-02 4.360419734767389220e-03 9.999999999999990052e+01
2.481930289186254010e-02 6.411569872992767261e-03 1.000000000000000000e+02
2.528166144331499277e-02 9.360321920359725503e-03 1.000000000000000000e+02
2.575263326771199887e-02 1.356173517924551090e-02 9.999999999999994316e+01
2.623237882163122203e-02 1.949671249598388528e-02 1.000000000000000000e+02
2.672106155079433804e-02 2.780779530150556331e-02 9.999999999999994316e+01
2.721884794575178332e-02 3.934419641831974485e-02 9.999999999999990052e+01
2.772590759860482645e-02 5.521635163577134214e-02 9.999999999999990052e+01
2.824241326078434297e-02 7.686122317848242957e-02 9.999999999999994316e+01
2.876854090190592711e-02 1.061198316074366682e-01 9.999999999999990052e+01
2.930446976972142861e-02 1.453289038534973376e-01 9.999999999999984368e+01
2.985038245118730796e-02 1.974292922561838581e-01 9.999999999999994316e+01
3.040646493467067182e-02 2.660586825108073317e-01 9.999999999999994316e+01
3.097290667331408301e-02 3.552217612605667596e-01 9.999999999999990052e+01
3.154990064958086704e-02 4.688829525659556907e-01 9.999999999999994316e+01
3.213764344100276948e-02 6.104819074113834176e-01 9.999999999999994316e+01
3.273633528715245988e-02 7.820537658586866891e-01 9.999999999999994316e+01
3.334618015786364187e-02 9.830436321441038405e-01 9.999999999999994316e+01
3.396738582272208068e-02 1.208916835819783708e+00 1.000000000000000000e+02
3.460016392185108480e-02 1.449818275411014046e+00 1.000000000000000000e+02
3.524473003801584237e-02 1.689715635023670171e+00 1.000000000000000000e+02
3.590130377007068330e-02 1.906606938574723742e+00 1.000000000000000000e+02
3.657010880777489259e-02 2.074375233555008524e+00 9.999999999999994316e+01
3.725137300800209633e-02 2.166608713542897746e+00 1.000000000000000000e+02
3.794532847236938011e-02 2.162104012217817228e+00 1.000000000000000000e+02
3.865221162631261864e-02 2.050919396278482854e+00 9.999999999999994316e+01
3.937226329963479377e-02 1.839058201199086806e+00 1.000000000000000000e+02
4.010572880855495931e-02 1.549648410435993107e+00 1.000000000000000000e+02
4.085285803928561527e-02 1.223321020595707020e+00 1.000000000000000995e+02
4.161390553316707264e-02 9.101000820060223262e-01 9.999999999999994316e+01
4.238913057338778573e-02 6.434365369223696840e-01 1.000000000000000000e+02
4.317879727332021161e-02 4.364387907402415556e-01 1.000000000000000000e+02
4.398317466650223523e-02 2.870940762620288744e-01 1.000000000000000000e+02
4.480253679829489938e-02 1.853893111294782903e-01 1.000000000000000000e+02
4.563716281924758839e-02 1.191306147951489147e-01 9.999999999999994316e+01
4.648733708020256344e-02 7.734867835810589620e-02 1.000000000000000000e+02
4.735334922917116413e-02 5.161011935804756673e-02 1.000000000000000995e+02
4.823549431001467047e-02 3.606108848485238549e-02 1.000000000000000000e+02
4.913407286296361809e-02 2.694046926492274160e-02 1.000000000000000000e+02
5.004939102700953213e-02 2.201971833685638716e-02 1.000000000000000000e+02
5.098176064420424647e-02 2.005748467745779515e-02 1.000000000000000000e+02
5.193149936590212012e-02 2.028430507203727098e-02 1.000000000000000995e+02
5.289893076098151070e-02 2.255139843818402060e-02 1.000000000000000995e+02
5.388438442608223938e-02 2.724977784607584066e-02 1.000000000000000000e+02
5.488819609789671872e-02 3.532272291229434508e-02 1.000000000000000000e+02
5.591070776755290017e-02 4.839396245336617663e-02 1.000000000000000000e+02
5.695226779712821846e-02 6.890832901700907898e-02 1.000000000000000000e+02
5.801323103833375128e-02 1.000639823440757498e-01 1.000000000000000995e+02
5.909395895340967958e-02 1.450779719903752263e-01 1.000000000000000000e+02
6.019481973827271043e-02 2.051057690813033463e-01 9.999999999999990052e+01
6.131618844795772016e-02 2.777742798476674491e-01 9.999999999999994316e+01
6.245844712439614643e-02 3.608292154730680656e-01 1.000000000000000000e+02
6.362198492657485105e-02 4.517248919109176364e-01 9.999999999999994316e+01
6.480719826311967524e-02 5.480068777889265386e-01 9.999999999999994316e+01
6.601449092734885948e-02 6.482622912424461648e-01 9.999999999999990052e+01
6.724427423484245769e-02 7.530878076172142777e-01 1.000000000000000000e+02
6.849696716357443760e-02 8.660485606193786268e-01 1.000000000000000000e+02
6.977299649665534564e-02 9.948069524487759274e-01 1.000000000000000000e+02
7.107279696773415034e-02 1.151506081584472652e+00 9.999999999999994316e+01
7.239681140910873836e-02 1.344855922272902626e+00 9.999999999999994316e+01
7.374549090259549522e-02 1.581137183091724685e+00 1.000000000000000000e+02
7.511929493320965157e-02 1.866459854873890656e+00 1.000000000000000000e+02
7.651869154570821452e-02 2.205757554998505121e+00 1.000000000000000000e+02
7.794415750404946885e-02 2.601203881644407634e+00 1.000000000000000000e+02
7.939617845382279659e-02 3.049980693937668796e+00 1.000000000000000000e+02
8.087524908770453436e-02 3.541824092199663099e+00 1.000000000000000995e+02
8.238187331399605962e-02 4.062462974270760085e+00 9.999999999999994316e+01
8.391656442830157381e-02 4.594819943119667904e+00 1.000000000000000995e+02
8.547984528840409102e-02 5.115722410632456807e+00 1.000000000000000000e+02
8.707224849239916797e-02 5.596132515701395249e+00 1.000000000000000000e+02
8.869431656014709064e-02 6.002485150267660607e+00 1.000000000000000000e+02
9.034660211810524588e-02 6.299336829117188508e+00 1.000000000000000995e+02
9.202966808760409956e-02 6.473284646986801505e+00 9.999999999999994316e+01
9.374408787662991127e-02 6.565818584425326065e+00 1.000000000000000000e+02
9.549044557518077125e-02 6.638913088632245163e+00 9.999999999999994316e+01
9.726933615426168467e-02 6.766575654113649918e+00 1.000000000000000000e+02
9.908136566858666283e-02 7.038428128884175905e+00 1.000000000000000000e+02
1.009271514630570854e-01 7.571325650045883648e+00 9.999999999999994316e+01
1.028073223830864719e-01 8.449815288773979916e+00 1.000000000000000995e+02
1.047225189888434382e-01 9.702193205554788591e+00 1.000000000000000995e+02
1.066733937734857113e-01 1.134768808421149089e+01 1.000000000000000000e+02
1.086606113854596822e-01 1.336873709106745345e+01 1.000000000000000000e+02
1.106848488549412035e-01 1.566810857432834503e+01 1.000000000000000000e+02
1.127467958244946084e-01 1.813395968617674470e+01 1.000000000000000000e+02
1.148471547840289042e-01 2.077064753386433082e+01 9.999999999999994316e+01
1.169866413101306873e-01 2.362332873943636358e+01 1.000000000000000000e+02
1.191659843098558796e-01 2.677951419398621624e+01 9.999999999999990052e+01
1.213859262690627772e-01 3.037877821509088250e+01 9.999999999999994316e+01
1.236472235053715091e-01 3.452699010992653683e+01 9.999999999999990052e+01
1.259506464258357550e-01 3.927157058772230158e+01 9.999999999999984368e+01
1.282969797894147612e-01 4.464350282807361481e+01 1.000000000000000000e+02
1.306870229743346268e-01 5.064846120598753743e+01 9.999999999999990052e+01
1.331215902504307713e-01 5.727596022070054005e+01 1.000000000000000000e+02
1.356015110565633452e-01 6.452117280780385045e+01 9.999999999999990052e+01
1.381276302832009362e-01 7.235866409976806324e+01 9.999999999999994316e+01
1.407008085602685088e-01 8.073381873511304718e+01 9.999999999999990052e+01
1.433219225503573890e-01 8.966023590497530904e+01 9.999999999999984368e+01
1.459918652473978506e-01 9.938403500821331704e+01 9.999999999999990052e+01
1.487115462808953625e-01 1.103186407199309969e+02 1.000000000000000000e+02
1.514818922258345801e-01 1.230664766726194301e+02 9.999999999999990052e+01
1.543038469183564687e-01 1.380735745679795627e+02 9.999999999999994316e+01
1.571783717773162781e-01 1.554513789772993277e+02 1.000000000000000000e+02
1.601064461318317811e-01 1.751691493056769673e+02 1.000000000000000000e+02
1.630890675549332702e-01 1.971007970359033834e+02 9.999999999999994316e+01
1.661272522034293042e-01 2.213622311039605677e+02 1.000000000000000000e+02
1.692220351641037235e-01 2.481536953711911906e+02 1.000000000000000000e+02
1.723744708063619790e-01 2.776930285317446305e+02 1.000000000000000000e+02
1.755856331414468730e-01 3.102194939342434168e+02 1.000000000000000000e+02
1.788566161883461958e-01 3.459988520378903445e+02 1.000000000000000000e+02
1.821885343465165230e-01 3.853300858238075079e+02 1.000000000000000000e+02
1.855825227755517060e-01 4.285551440965539314e+02 1.000000000000000000e+02
1.890397377819219571e-01 4.760704402778996496e+02 1.000000000000000995e+02
1.925613572129196704e-01 5.283409573538548329e+02 1.000000000000000995e+02
1.961485808579429280e-01 5.859189136052023059e+02 1.000000000000000000e+02
1.998026308572548593e-01 6.494676385594710837e+02 1.000000000000000995e+02
2.035247521183575770e-01 7.197525209168513811e+02 1.000000000000000000e+02
2.073162127401229071e-01 7.974857032047709708e+02 1.000000000000000000e+02
2.111783044448242164e-01 8.833916136811280921e+02 1.000000000000000000e+02
2.151123430182164953e-01 9.782511776773687870e+02 9.999999999999994316e+01
2.191196687578147451e-01 1.082903635783716254e+03 9.999999999999994316e+01
2.232016469295232397e-01 1.198247915075140099e+03 1.000000000000000000e+02
2.273596682327715113e-01 1.325243455410854267e+03 1.000000000000000000e+02
2.315951492743152096e-01 1.464910378673399919e+03 1.000000000000000995e+02
2.359095330508633737e-01 1.618328882699867563e+03 1.000000000000000995e+02
2.403042894406967056e-01 1.786637738041507873e+03 9.999999999999994316e+01
2.447809157044440187e-01 1.971031765391087674e+03 1.000000000000000000e+02
2.493409369951877785e-01 2.172758175450012004e+03 1.000000000000000000e+02
2.539859068780723761e-01 2.393126078072556538e+03 9.999999999999990052e+01
2.587174078595921300e-01 2.633594111909795174e+03 1.000000000000000995e+02
2.635370519267393186e-01 2.895760414339938961e+03 9.999999999999994316e+01
2.684464810961962322e-01 3.181351635535187143e+03 9.999999999999990052e+01
2.734473679737579599e-01 3.492242264722425261e+03 1.000000000000000995e+02
2.785414163241766161e-01 3.830479038864920767e+03 1.000000000000000000e+02
2.837303616516211324e-01 4.198311605171833435e+03 1.000000000000000000e+02
2.890159717909508430e-01 4.598230938681043881e+03 1.000000000000000000e+02
2.944000475100033709e-01 5.033017352795425722e+03 1.000000000000000000e+02
2.998844231231027613e-01 5.505800364159413220e+03 9.999999999999994316e+01
3.054709671159968054e-01 6.019997369424550016e+03 9.999999999999994316e+01
3.111615827824359970e-01 6.578824831276700934e+03 9.999999999999994316e+01
3.169582088726115021e-01 7.185528091580308683e+03 9.999999999999994316e+01
3.228628202536730218e-01 7.843501357104531962e+03 9.999999999999994316e+01
3.288774285825510346e-01 8.556285215731424614e+03 1.000000000000000000e+02
3.350040829913132900e-01 9.327563682042316941e+03 9.999999999999994316e+01
3.412448707852889229e-01 1.016116108128511769e+04 1.000000000000000000e+02
3.476019181541977754e-01 1.106103919344833048e+04 1.000000000000000000e+02
3.540773908965269556e-01 1.203132341011091012e+04 9.999999999999994316e+01
3.606734951574028236e-01 1.307671097380128231e+04 1.000000000000000995e+02
3.673924781802074269e-01 1.420258936343394635e+04 1.000000000000000995e+02
3.742366290721980682e-01 1.541492681238005025e+04 1.000000000000000995e+02
3.812082795843887983e-01 1.672039151897441843e+04 1.000000000000000995e+02
3.883098049059605095e-01 1.812650609554806942e+04 1.000000000000000995e+02
3.955436244734701345e-01 1.964183859838779608e+04 1.000000000000000995e+02
4.029122027951347884e-01 2.127619417088842965e+04 1.000000000000000995e+02
4.104180502904709038e-01 2.303893726414997582e+04 9.999999999999994316e+01
4.180637241455757991e-01 2.493750016155096819e+04 1.000000000000000000e+02
4.258518291843414461e-01 2.697895102818529631e+04 1.000000000000000995e+02
4.337850187558989212e-01 2.916997653119362076e+04 1.000000000000000000e+02
4.418659956385941334e-01 3.151668723317351032e+04 1.000000000000000000e+02
4.500975129608046355e-01 3.402438900958478189e+04 1.000000000000000995e+02
4.584823751389096036e-01 3.669850308336742455e+04 1.000000000000000000e+02
4.670234388327330621e-01 3.954865945339977770e+04 9.999999999999994316e+01
4.757236139187884794e-01 4.258693251509720722e+04 9.999999999999994316e+01
4.845858644816490868e-01 4.582734741739843594e+04 1.000000000000000000e+02
4.936132098237911991e-01 4.928637535327401565e+04 1.000000000000000000e+02
5.028087254942474882e-01 5.298349341515266133e+04 1.000000000000000000e+02
5.121755443364236493e-01 5.693808707493417023e+04 1.000000000000000000e+02
5.217168575554343990e-01 6.116542849157789169e+04 1.000000000000000000e+02
5.314359158053235666e-01 6.568077953720743244e+04 1.000000000000000000e+02
5.413360302965375404e-01 7.049989946560481621e+04 1.000000000000000000e+02
5.514205739240296555e-01 7.563904840300742944e+04 9.999999999999994316e+01
5.616929824163804374e-01 8.111499774038806208e+04 9.999999999999994316e+01
5.721567555063246102e-01 8.694505020712873375e+04 1.000000000000000000e+02
5.828154581230839959e-01 9.314707297173405823e+04 1.000000000000000000e+02
5.936727216069119795e-01 9.973954775601704023e+04 9.999999999999994316e+01
6.047322449462643190e-01 1.067416436750827997e+05 1.000000000000000000e+02
6.159977960380161877e-01 1.141733527071131539e+05 9.999999999999990052e+01
6.274732129711574347e-01 1.220556496585972636e+05 9.999999999999994316e+01
6.391624053343999412e-01 1.304106431405826152e+05 9.999999999999994316e+01
6.510693555481454897e-01 1.392618062817419705e+05 1.000000000000000000e+02
6.631981202212668958e-01 1.486342713348130055e+05 9.999999999999994316e+01
6.755528315331639222e-01 1.585551979726831196e+05 9.999999999999994316e+01
6.881376986415662644e-01 1.690542293094765046e+05 9.999999999999990052e+01
7.009570091165617800e-01 1.801640514235591399e+05 1.000000000000000995e+02
7.140151304013395706e-01 1.919188423210202600e+05 1.000000000000000000e+02
7.273165113001454074e-01 2.043486404791131790e+05 1.000000000000000995e+02
7.408656834939559843e-01 2.174833196179657243e+05 1.000000000000000995e+02
7.546672630843886953e-01 2.313539694707713497e+05 1.000000000000001990e+02
7.687259521663728501e-01 2.459931393212288967e+05 1.000000000000000995e+02
7.830465404301183430e-01 2.614351515836605395e+05 1.000000000000000995e+02
7.976339067929273385e-01 2.777164991311453050e+05 1.000000000000000995e+02
8.124930210614047521e-01 2.948757141696428880e+05 1.000000000000000995e+02
8.276289456246344045e-01 3.129499136249985895e+05 9.999999999999994316e+01
8.430468371788967241e-01 3.319763945906911977e+05 1.000000000000000000e+02
8.587519484845170803e-01 3.519943850529298070e+05 9.999999999999994316e+01
8.747496301554414933e-01 3.730455291912952089e+05 1.000000000000000000e+02
8.910453324821513421e-01 3.951744891896826448e+05 9.999999999999994316e+01
9.076446072885356875e-01 4.184295074740871205e+05 9.999999999999990052e+01
9.245531098233570333e-01 4.428578597911623074e+05 9.999999999999990052e+01
9.417766006869519035e-01 4.685038013594449149e+05 9.999999999999994316e+01
9.593209477938241525e-01 4.954134876321189222e+05 1.000000000000000000e+02
9.771921283717996953e-01 5.236358414887394174e+05 1.000000000000000000e+02
9.953962309984233370e-01 5.532232916438512038e+05 9.999999999999994316e+01
1.013939457675291811e+00 5.842314266696851701e+05 1.000000000000000995e+02
1.032828125941028574e+00 6.167090657681454904e+05 1.000000000000000000e+02
1.052068671023622892e+00 6.507007206941968761e+05 1.000000000000000000e+02
1.071667648032863296e+00 6.862516281916013686e+05 1.000000000000000000e+02
1.091631734193614811e+00 7.234082213835741859e+05 1.000000000000000995e+02
1.111967731120699021e+00 7.622186933117610170e+05 1.000000000000000000e+02
1.132682567136153784e+00 8.027337188742619473e+05 1.000000000000000995e+02
1.153783299629660863e+00 8.450073614840839291e+05 1.000000000000000995e+02
1.175277117462945276e+00 8.890981941316033481e+05 1.000000000000000995e+02
1.197171343418965694e+00 9.350706684620020678e+05 1.000000000000000995e+02
1.219473436696737023e+00 9.829967701462414116e+05 1.000000000000000000e+02
1.242190995452616242e+00 1.032958004463110236e+06 1.000000000000000000e+02
1.265331759388941713e+00 1.085045606297274353e+06 1.000000000000000995e+02
1.288903612390891462e+00 1.139337132221783279e+06 1.000000000000000995e+02
1.312914585212463958e+00 1.195898943739571143e+06 1.000000000000000995e+02
1.337372858212495075e+00 1.254801325608731713e+06 1.000000000000000000e+02
1.362286764141645401e+00 1.316120051915809978e+06 1.000000000000000995e+02
1.387664790981307128e+00 1.379937960444301367e+06 9.999999999999994316e+01
1.413515584835394190e+00 1.446346849252996501e+06 1.000000000000000000e+02
1.439847952876006643e+00 1.515449744179258356e+06 1.000000000000000000e+02
1.466670866343967150e+00 1.587363593337802682e+06 1.000000000000000000e+02
1.493993463605256311e+00 1.662222453692673007e+06 1.000000000000000000e+02
1.521825053264385552e+00 1.740169299585605040e+06 1.000000000000000995e+02
1.550175117335768737e+00 1.821268241359480890e+06 1.000000000000000995e+02
1.579053314474174297e+00 1.905528113848470151e+06 1.000000000000000995e+02
1.608469483265355215e+00 1.992937293476337334e+06 1.000000000000000995e+02
1.638433645577983100e+00 2.083460899008271517e+06 1.000000000000000995e+02
1.668956009978023181e+00 2.177037524821977597e+06 1.000000000000000000e+02
1.700046975206716438e+00 2.273575756056253798e+06 1.000000000000000995e+02
1.731717133723352786e+00 2.372950484753408469e+06 1.000000000000000000e+02
1.763977275314043469e+00 2.475002699207378086e+06 9.999999999999994316e+01
1.796838390767719229e+00 2.579660198120081332e+06 1.000000000000000000e+02
1.830311675620611256e+00 2.687005742335044779e+06 9.999999999999994316e+01
1.864408533970485227e+00 2.797171480014468543e+06 1.000000000000000000e+02
1.899140582361933616e+00 2.910340423500519246e+06 1.000000000000000000e+02
1.934519653744044332e+00 3.026757087432212662e+06 1.000000000000000000e+02
1.970557801501798378e+00 3.146739691512014251e+06 1.000000000000000995e+02
2.007267303562568106e+00 3.270693608225274831e+06 1.000000000000000000e+02
2.044660666579115826e+00 3.398984357062788680e+06 1.000000000000000000e+02
2.082750630190514318e+00 3.531714902192718349e+06 1.000000000000000000e+02
2.121550171362450055e+00 3.668941568290808238e+06 1.000000000000000995e+02
2.161072508808376647e+00 3.810712156601086259e+06 1.000000000000000000e+02
2.201331107493030181e+00 3.957065288699868601e+06 9.999999999999994316e+01
2.242339683219845003e+00 4.108029804062232375e+06 1.000000000000000000e+02
2.284112207303823361e+00 4.263624230530726723e+06 1.000000000000000000e+02
2.326662911331458083e+00 4.423856349097134545e+06 9.999999999999994316e+01
2.370006292009327886e+00 4.588722876793138683e+06 1.000000000000000000e+02
2.414157116103017753e+00 4.758209293923484161e+06 1.000000000000000000e+02
2.459130425468043946e+00 4.932289844341058284e+06 9.999999999999994316e+01
2.504941542174502267e+00 5.110927752896336839e+06 1.000000000000000000e+02
2.551606073727183954e+00 5.294090895132372156e+06 1.000000000000000000e+02
2.599139918382932901e+00 5.481788445985442027e+06 1.000000000000000000e+02
2.647559270567066747e+00 5.674046518368819728e+06 1.000000000000000000e+02
2.696880626390692370e+00 5.870905217294603586e+06 1.000000000000000000e+02
2.747120789270811603e+00 6.072423453940687701e+06 1.000000000000000000e+02
2.798296875655115645e+00 6.278684518904337659e+06 1.000000000000000000e+02
2.850426320853434614e+00 6.489802499883974902e+06 1.000000000000000000e+02
2.903526884977813971e+00 6.705929640837435611e+06 1.000000000000000995e+02
2.957616658993253544e+00 6.927264754620063119e+06 1.000000000000000000e+02
3.012714070881164385e+00 7.154062170675248839e+06 1.000000000000000000e+02
3.068837891917642224e+00 7.386539484075115062e+06 1.000000000000000000e+02
3.126007243068700259e+00 7.624741809424445964e+06 1.000000000000000995e+02
3.184241601504649744e+00 7.868693469156562351e+06 1.000000000000000000e+02
3.243560807235807975e+00 8.118423939237083308e+06 1.000000000000000995e+02
3.303985069871854918e+00 8.373971002136772498e+06 1.000000000000000000e+02
3.365534975507090909e+00 8.635384462881915271e+06 1.000000000000000000e+02
3.428231493733967294e+00 8.902730492163076997e+06 1.000000000000000000e+02
3.492095984787267682e+00 9.176096666994344443e+06 1.000000000000000000e+02
3.557150206821382277e+00 9.455586787880096585e+06 1.000000000000000000e+02
3.623416323323146226e+00 9.741268436036232859e+06 1.000000000000000000e+02
3.690916910662774608e+00 1.003320610210126452e+07 1.000000000000000000e+02
3.759674965785463563e+00 1.033148682874524035e+07 1.000000000000000995e+02
3.829713914046277257e+00 1.063622631435326487e+07 1.000000000000001990e+02
3.901057617190989202e+00 1.094757587843680941e+07 1.000000000000000995e+02
3.973730381485604202e+00 1.126573041761378758e+07 1.000000000000000995e+02
4.047756965997318268e+00 1.159092424359544553e+07 1.000000000000000000e+02
4.123162591029748469e+00 1.192327418192917295e+07 1.000000000000000000e+02
4.199972946715301525e+00 1.226279846853047609e+07 1.000000000000000000e+02
4.278214201767612579e+00 1.260952036377467215e+07 1.000000000000000000e+02
4.357913012397025554e+00 1.296347411653632484e+07 1.000000000000000000e+02
4.439096531392166867e+00 1.332470943357314542e+07 1.000000000000000000e+02
4.521792417370697592e+00 1.369329666407790780e+07 1.000000000000000000e+02
4.606028844202397998e+00 1.406933277716453746e+07 1.000000000000000000e+02
4.691834510607794329e+00 1.445294821832185239e+07 9.999999999999994316e+01
4.779238649935595440e+00 1.484431474073785171e+07 9.999999999999994316e+01
4.868271040122278848e+00 1.524365431930387765e+07 9.999999999999994316e+01
4.958962013837211913e+00 1.565124926963140443e+07 9.999999999999994316e+01
5.051342468816761411e+00 1.606744182767683826e+07 1.000000000000000000e+02
5.145443878390924652e+00 1.649242922435697354e+07 1.000000000000000000e+02
5.241298302206056192e+00 1.692624639752010256e+07 9.999999999999994316e+01
5.338938397147350301e+00 1.736893030165624619e+07 1.000000000000000995e+02
5.438397428464796235e+00 1.782052986128918454e+07 1.000000000000000000e+02
5.539709281106400596e+00 1.828111068684589490e+07 1.000000000000000000e+02
5.642908471262536807e+00 1.875076053903158382e+07 1.000000000000000000e+02
5.748030158125351008e+00 1.922959562328664958e+07 1.000000000000000000e+02
5.855110155867238042e+00 1.971776780431291834e+07 9.999999999999994316e+01
5.964184945842459840e+00 2.021547284052780643e+07 1.000000000000000000e+02
6.075291689016070862e+00 2.072294472879200801e+07 1.000000000000000000e+02
6.188468238624382778e+00 2.124029994846892729e+07 1.000000000000000995e+02
6.303753153071275150e+00 2.176757061250885576e+07 9.999999999999994316e+01
6.421185709064758385e+00 2.230480336335772276e+07 1.000000000000000995e+02
6.540805914998252923e+00 2.285206665976611525e+07 1.000000000000000995e+02
6.662654524581149929e+00 2.340945735372659191e+07 1.000000000000000000e+02
6.786773050723295064e+00 2.397710822704062983e+07 1.000000000000000000e+02
6.913203779678127603e+00 2.455519658940006793e+07 1.000000000000000000e+02
7.041989785449288775e+00 2.514395225904846564e+07 1.000000000000000995e+02
7.173174944465612768e+00 2.574354888275552168e+07 1.000000000000000995e+02
7.306803950529499936e+00 2.635400938463730365e+07 1.000000000000000995e+02
7.442922330043757917e+00 2.697535778558969498e+07 1.000000000000000995e+02
7.581576457522110069e+00 2.760764082463279739e+07 1.000000000000000995e+02
7.722813571388642551e+00 2.825093504919908568e+07 1.000000000000000995e+02
7.866681790071582192e+00 2.890535492881457508e+07 1.000000000000000000e+02
8.013230128396878982e+00 2.957106206177121401e+07 1.000000000000000000e+02
8.162508514287219796e+00 3.024820636591638997e+07 1.000000000000000000e+02
8.314567805772055564e+00 3.093676956376796961e+07 1.000000000000000995e+02
8.469459808314576676e+00 3.163670921529277414e+07 1.000000000000000995e+02
8.627237292461440887e+00 3.234800153227421269e+07 1.000000000000000000e+02
8.787954011821311084e+00 3.307064847280284390e+07 1.000000000000000000e+02
8.951664721378293166e+00 3.380468587145406008e+07 1.000000000000000995e+02
9.118425196146562328e+00 3.455019270898278058e+07 1.000000000000000000e+02
9.288292250172489162e+00 3.530730163545756042e+07 1.000000000000000995e+02
9.461323755890759912e+00 3.607621087260805070e+07 1.000000000000000000e+02
9.637578663841079418e+00 3.685719763528474420e+07 1.000000000000000000e+02
9.817117022752183786e+00 3.765063322886906564e+07 1.000000000000000000e+02
1.000000000000000000e+01 3.845700000000000745e+07 1.000000000000000000e+02
