# Source: PRIMAT compilation, https://doi.org/10.1016/j.physrep.2018.04.005
1.000000000000000021e-03 1.000000000000000008e-35 1.000000000000000000e+02
1.018628990244687619e-03 1.141015891799598622e-35 1.000000000000000000e+02
1.037605019766911670e-03 1.306286358057646094e-35 1.000000000000000995e+02
1.056934553557988335e-03 1.500647472795273510e-35 1.000000000000000000e+02
1.076624177045493267e-03 1.730023981365691192e-35 1.000000000000000000e+02
1.096680598336868600e-03 2.001701296112342100e-35 1.000000000000000000e+02
1.117110650504824203e-03 2.324671998087043722e-35 1.000000000000000000e+02
1.137921293915315117e-03 2.710079016098949237e-35 1.000000000000000000e+02
1.159119618598885779e-03 3.171784770139088913e-35 1.000000000000000000e+02
1.180712846666190276e-03 3.727105130770194062e-35 1.000000000000000995e+02
1.202708334768511989e-03 4.397759958618139891e-35 1.000000000000000995e+02
1.225113576604118949e-03 5.211109498800672082e-35 1.000000000000000995e+02
1.247936205471311460e-03 6.201769760088461314e-35 1.000000000000000000e+02
1.271183996869028896e-03 7.413732658200639500e-35 1.000000000000001990e+02
1.294864871145904933e-03 8.903161602234172930e-35 1.000000000000000995e+02
1.318986896198670470e-03 1.074209524928743072e-34 1.000000000000001990e+02
1.343558290220826226e-03 1.302337831839011087e-34 1.000000000000000995e+02
1.368587424502519176e-03 1.586725862333802312e-34 1.000000000000000995e+02
1.394082826282578647e-03 1.943025821937813256e-34 1.000000000000000995e+02
1.420053181653683095e-03 2.391716454048415596e-34 1.000000000000000995e+02
1.446507338521647217e-03 2.959732485557818269e-34 1.000000000000000995e+02
1.473454309619835756e-03 3.682690849493976637e-34 1.000000000000000995e+02
1.500903275579736594e-03 4.607949110145575870e-34 1.000000000000000995e+02
1.528863588058731147e-03 5.798830980607187583e-34 1.000000000000000000e+02
1.557344772926135207e-03 7.340498078551870972e-34 1.000000000000000995e+02
1.586356533508589657e-03 9.348157527250142173e-34 1.000000000000000995e+02
1.615908753895919101e-03 1.197860392085629939e-33 1.000000000000000995e+02
1.646011502308549748e-03 1.544655039202688310e-33 1.000000000000000995e+02
1.676675034527699143e-03 2.004788153683629264e-33 1.000000000000000995e+02
1.707909797389426916e-03 2.619297507188712654e-33 1.000000000000001990e+02
1.739726432343800767e-03 3.445476586925794010e-33 1.000000000000000000e+02
1.772135779080358372e-03 4.563853993621647511e-33 1.000000000000000995e+02
1.805148879221108154e-03 6.088397667189062782e-33 1.000000000000000995e+02
1.838776980082326793e-03 8.181538261620297531e-33 1.000000000000000000e+02
1.873031538506436536e-03 1.107644539173882150e-32 1.000000000000001990e+02
1.907924224765265072e-03 1.511029864109899597e-32 1.000000000000000995e+02
1.943466926536020246e-03 2.077434887870812240e-32 1.000000000000000995e+02
1.979671752951332481e-03 2.878981348039551372e-32 1.000000000000000995e+02
2.016551038724746607e-03 4.022382516226222118e-32 1.000000000000000000e+02
2.054117348353064112e-03 5.666796659630463930e-32 1.000000000000001990e+02
2.092383480396977150e-03 8.051537720495575656e-32 1.000000000000000995e+02
2.131362471841437810e-03 1.153943692511594405e-31 1.000000000000000995e+02
2.171067602537264923e-03 1.668525945383333687e-31 1.000000000000000995e+02
2.211512399725488933e-03 2.434456777098566020e-31 1.000000000000000000e+02
2.252710642645980484e-03 3.584843617263725080e-31 1.000000000000000000e+02
2.294676367231936100e-03 5.328630887458664303e-31 1.000000000000000995e+02
2.337423870891814758e-03 7.996802348207036628e-31 1.000000000000000995e+02
2.380967717380358135e-03 1.211853261256975265e-30 1.000000000000000000e+02
2.425322741760352948e-03 1.854785733626717390e-30 1.000000000000000000e+02
2.470504055456825433e-03 2.867634650236468193e-30 1.000000000000000000e+02
2.516527051405391836e-03 4.479356191226297836e-30 1.000000000000000995e+02
2.563407409296514835e-03 7.070387400067617802e-30 1.000000000000000000e+02
2.611161100917459583e-03 1.127922625654359704e-29 1.000000000000000000e+02
2.659804395593758260e-03 1.818841243413497601e-29 1.000000000000000995e+02
2.709353865732051433e-03 2.965230870695122741e-29 1.000000000000000000e+02
2.759826392466180594e-03 4.888064584690769503e-29 1.000000000000000995e+02
2.811239171408464344e-03 8.148802665642141280e-29 1.000000000000000000e+02
2.863609718508115885e-03 1.374009514607005948e-28 1.000000000000000000e+02
2.916955876018795853e-03 2.343591246053785178e-28 9.999999999999994316e+01
2.971295818577334054e-03 4.044113530965505441e-28 1.000000000000000000e+02
3.026648059395692196e-03 7.061081566990912476e-28 1.000000000000000995e+02
3.083031456568277075e-03 1.248236132714421637e-27 1.000000000000000000e+02
3.140465219496752208e-03 2.236805143954832044e-27 9.999999999999994316e+01
3.198968915434537586e-03 4.068682383945373616e-27 9.999999999999994316e+01
3.258562476153226226e-03 7.523421858076894308e-27 1.000000000000000000e+02
3.319266204733189573e-03 1.416485643084530073e-26 1.000000000000000995e+02
3.381100782480685445e-03 2.720225208779871731e-26 1.000000000000000000e+02
3.444087275973823411e-03 5.338514438227256584e-26 9.999999999999994316e+01
3.508247144239792347e-03 1.072894000922114959e-25 1.000000000000000000e+02
3.573602246065788347e-03 2.213034368875067743e-25 9.999999999999994316e+01
3.640174847446141400e-03 4.696455399443024123e-25 9.999999999999994316e+01
3.707987629168172684e-03 1.028125657594819281e-24 1.000000000000000000e+02
3.777063694539364597e-03 2.328376027953175168e-24 1.000000000000000000e+02
3.847426577258505898e-03 5.471775971000517684e-24 9.999999999999994316e+01
3.919100249433401899e-03 1.338802568209604255e-23 1.000000000000000995e+02
3.992109129748053209e-03 3.422768609307470068e-23 1.000000000000000995e+02
4.066478091781853925e-03 9.168023978899880119e-23 1.000000000000000000e+02
4.142232472483897525e-03 2.562737384023587785e-22 1.000000000000000000e+02
4.219398080805024202e-03 7.424377117214906239e-22 1.000000000000000995e+02
4.298001206490798497e-03 2.211795039241808901e-21 1.000000000000000995e+02
4.378068629038166758e-03 6.716339660823133952e-21 1.000000000000000995e+02
4.459627626819095622e-03 2.058426798845863709e-20 1.000000000000000995e+02
4.542705986374042521e-03 6.297476409920996591e-20 1.000000000000000995e+02
4.627332011878692967e-03 1.899770904920088071e-19 1.000000000000000995e+02
4.713534534786906725e-03 5.574866910779586276e-19 1.000000000000000995e+02
4.801342923653449841e-03 1.567603752632533939e-18 1.000000000000000000e+02
4.890787094139589959e-03 4.154353927884894585e-18 1.000000000000000000e+02
4.981897519205159656e-03 1.018846564315853743e-17 1.000000000000000000e+02
5.074705239490466188e-03 2.272064881054698150e-17 1.000000000000000000e+02
5.169241873891598608e-03 4.604340323725892712e-17 1.000000000000000000e+02
5.265539630332755246e-03 8.548842064531081222e-17 1.000000000000000000e+02
5.363631316739239652e-03 1.468231986515472534e-16 1.000000000000000995e+02
5.463550352214875498e-03 2.358384340633087681e-16 1.000000000000000995e+02
5.565330778427646403e-03 3.587866963310807623e-16 1.000000000000000000e+02
5.669007271207434327e-03 5.244100586407786232e-16 1.000000000000000000e+02
5.774615152359819509e-03 7.483984996797038027e-16 1.000000000000000000e+02
5.882190401699956099e-03 1.061952782844303787e-15 1.000000000000000000e+02
5.991769669310619169e-03 1.529009847562529649e-15 1.000000000000000000e+02
6.103390288028621123e-03 2.276284828453581275e-15 1.000000000000000995e+02
6.217090286163826779e-03 3.508404515529182045e-15 1.000000000000000000e+02
6.332908400455114321e-03 5.570454196316675567e-15 1.000000000000000000e+02
6.450884089267692675e-03 9.059460060572551184e-15 1.000000000000000000e+02
6.571057546036270826e-03 1.499531582823217694e-14 1.000000000000000000e+02
6.693469712958660493e-03 2.507916131079273265e-14 1.000000000000000000e+02
6.818162294944479437e-03 4.203978841452083741e-14 1.000000000000000995e+02
6.945177773823696388e-03 6.999671675649328863e-14 1.000000000000000000e+02
7.074559422819878297e-03 1.146509534356315293e-13 1.000000000000000995e+02
7.206351321293052656e-03 1.840198931961381550e-13 1.000000000000000000e+02
7.340598369757212090e-03 2.898562864513515895e-13 1.000000000000000000e+02
7.477346305177588227e-03 4.489185804339169650e-13 1.000000000000000000e+02
7.616641716552892058e-03 6.851569959614346137e-13 9.999999999999990052e+01
7.758532060787835978e-03 1.033159481274342168e-12 1.000000000000000995e+02
7.903065678861348128e-03 1.543744088230484068e-12 1.000000000000000000e+02
8.050291812295981564e-03 2.293196753455766431e-12 1.000000000000000995e+02
8.200260619934130954e-03 3.389647630996620449e-12 9.999999999999994316e+01
8.353023195026778799e-03 4.968772346554659245e-12 1.000000000000000995e+02
8.508631582640582489e-03 7.193541364860994845e-12 1.000000000000000995e+02
8.667138797389234081e-03 1.023935221482869483e-11 1.000000000000000995e+02
8.828598841495149604e-03 1.425873013107072278e-11 1.000000000000000000e+02
8.993066723187623582e-03 1.931974430685369735e-11 1.000000000000000000e+02
9.160598475443709407e-03 2.537570660080683429e-11 1.000000000000000000e+02
9.331251175078249249e-03 3.251848255504665401e-11 1.000000000000000000e+02
9.505082962189511861e-03 4.108047737097716578e-11 1.000000000000000000e+02
9.682153059967075343e-03 5.175914386085722953e-11 9.999999999999994316e+01
9.862521794868784469e-03 6.589292415134507431e-11 9.999999999999994316e+01
1.004625061717340749e-02 8.599375790320736022e-11 9.999999999999994316e+01
1.023340212191641702e-02 1.160500421898099437e-10 9.999999999999994316e+01
1.042404007021556327e-02 1.611197552152760316e-10 9.999999999999990052e+01
1.061822941099384125e-02 2.283987893890288063e-10 9.999999999999994316e+01
1.081603630310709954e-02 3.277798177844466225e-10 9.999999999999984368e+01
1.101752813788386791e-02 4.717027806257930614e-10 1.000000000000000995e+02
1.122277356208507652e-02 6.754523929485130826e-10 1.000000000000000000e+02
1.143184250129149725e-02 9.630970857230574484e-10 9.999999999999994316e+01
1.164480618372686072e-02 1.371054476477078962e-09 9.999999999999990052e+01
1.186173716452478509e-02 1.954581239107122458e-09 1.000000000000000000e+02
1.208270935044776506e-02 2.799698206852946534e-09 9.999999999999990052e+01
1.230779802506665188e-02 4.036541756632622362e-09 1.000000000000000000e+02
1.253707987440920262e-02 5.853636342476393356e-09 9.999999999999994316e+01
1.277063301308643990e-02 8.529131491319725839e-09 1.000000000000000000e+02
1.300853701090571267e-02 1.247200803370904431e-08 9.999999999999994316e+01
1.325087291997953214e-02 1.828442894041317562e-08 1.000000000000000000e+02
1.349772330233941706e-02 2.687412582681460476e-08 1.000000000000000000e+02
1.374917225806419029e-02 3.960981517377069435e-08 9.999999999999994316e+01
1.400530545393219653e-02 5.856105445756072766e-08 1.000000000000000000e+02
1.426621015260736910e-02 8.686582609644343198e-08 1.000000000000000000e+02
1.453197524236895383e-02 1.292622189344462243e-07 9.999999999999994316e+01
1.480269126739508674e-02 1.929221456328007474e-07 1.000000000000000000e+02
1.507845045861051086e-02 2.887198254767922596e-07 9.999999999999994316e+01
1.535934676510897039e-02 4.331783857324072440e-07 1.000000000000000995e+02
1.564547588616095955e-02 6.514823616876085312e-07 1.000000000000000995e+02
1.593693530381774456e-02 9.820560094404017269e-07 1.000000000000000000e+02
1.623382431612278159e-02 1.483594384627595119e-06 1.000000000000000000e+02
1.653624407094180307e-02 2.245790284409720497e-06 1.000000000000000000e+02
1.684429760042315330e-02 3.405777846999009256e-06 9.999999999999994316e+01
1.715808985610004986e-02 5.173315317796393570e-06 1.000000000000000995e+02
1.747772774464680795e-02 7.869256300260971343e-06 1.000000000000000000e+02
1.780332016430113962e-02 1.198425436475665180e-05 1.000000000000000000e+02
1.813497804196495186e-02 1.826818128816859148e-05 1.000000000000000000e+02
1.847281437099634188e-02 2.786674690243886432e-05 1.000000000000000000e+02
1.881694424970555696e-02 4.252984334373734556e-05 1.000000000000000000e+02
1.916748492056815148e-02 6.492690497421958024e-05 1.000000000000000000e+02
1.952455581016860828e-02 9.912468356337193005e-05 1.000000000000000000e+02
1.988827856988809734e-02 1.513086477383379918e-04 1.000000000000000995e+02
2.025877711735016989e-02 2.308667990004707206e-04 1.000000000000000995e+02
2.063617767863858837e-02 3.519853907060097259e-04 1.000000000000000000e+02
2.102060883130158278e-02 5.360082251284582289e-04 1.000000000000000000e+02
2.141220154815729262e-02 8.149067404004201260e-04 1.000000000000000000e+02
2.181108924191518805e-02 1.236309911559900585e-03 1.000000000000000995e+02
2.221740781062883641e-02 1.870724318197516120e-03 1.000000000000000000e+02
2.263129568399528321e-02 2.821767237876643061e-03 1.000000000000000000e+02
2.305289387051707301e-02 4.240456968397736219e-03 1.000000000000000000e+02
2.348234600554275145e-02 6.344825715269984852e-03 1.000000000000000000e+02
2.391979840020238418e-02 9.446290287032600361e-03 1.000000000000000000e+02
2.436540009125464853e-02 1.398424517957628024e-02 9.999999999999990052e+01
2.481930289186254010e-02 2.057008954566193204e-02 1.000000000000000000e+02
2.528166144331499277e-02 3.004186444416353727e-02 1.000000000000000000e+02
2.575263326771199887e-02 4.354305735839174990e-02 9.999999999999994316e+01
2.623237882163122203e-02 6.262329705519782685e-02 1.000000000000000000e+02
2.672106155079433804e-02 8.935427774776616427e-02 9.999999999999994316e+01
2.721884794575178332e-02 1.264757128980370793e-01 9.999999999999990052e+01
2.772590759860482645e-02 1.775723301978344715e-01 9.999999999999990052e+01
2.824241326078434297e-02 2.472859933132868504e-01 9.999999999999994316e+01
2.876854090190592711e-02 3.415678412170264910e-01 9.999999999999990052e+01
2.930446976972142861e-02 4.679766858652976147e-01 9.999999999999984368e+01
2.985038245118730796e-02 6.360324128717060876e-01 9.999999999999994316e+01
3.040646493467067182e-02 8.575199388153970093e-01 9.999999999999994316e+01
3.097290667331408301e-02 1.145431939405217703e+00 9.999999999999990052e+01
3.154990064958086704e-02 1.512659095968486467e+00 9.999999999999994316e+01
3.213764344100276948e-02 1.970427402608237122e+00 9.999999999999994316e+01
3.273633528715245988e-02 2.525454676508356755e+00 9.999999999999994316e+01
3.334618015786364187e-02 3.176110352082767818e+00 9.999999999999994316e+01
3.396738582272208068e-02 3.907902650856043714e+00 1.000000000000000000e+02
3.460016392185108480e-02 4.689108916582187092e+00 1.000000000000000000e+02
3.524473003801584237e-02 5.467955410915083192e+00 1.000000000000000000e+02
3.590130377007068330e-02 6.173230637814288713e+00 1.000000000000000000e+02
3.657010880777489259e-02 6.720232706042557957e+00 9.999999999999994316e+01
3.725137300800209633e-02 7.023103860595399262e+00 1.000000000000000000e+02
3.794532847236938011e-02 7.012664441291855510e+00 1.000000000000000000e+02
3.865221162631261864e-02 6.656095149550315782e+00 9.999999999999994316e+01
3.937226329963479377e-02 5.972247383631363427e+00 1.000000000000000000e+02
4.010572880855495931e-02 5.035634271306557608e+00 1.000000000000000000e+02
4.085285803928561527e-02 3.977842718432649249e+00 1.000000000000000995e+02
4.161390553316707264e-02 2.961348452155238231e+00 9.999999999999994316e+01
4.238913057338778573e-02 2.095104430139761664e+00 1.000000000000000000e+02
4.317879727332021161e-02 1.422094977587329279e+00 1.000000000000000000e+02
4.398317466650223523e-02 9.361376215512974275e-01 1.000000000000000000e+02
4.480253679829489938e-02 6.049428884936346451e-01 1.000000000000000000e+02
4.563716281924758839e-02 3.890185297580808776e-01 9.999999999999994316e+01
4.648733708020256344e-02 2.527661431590959018e-01 1.000000000000000000e+02
4.735334922917116413e-02 1.687798499628778703e-01 1.000000000000000995e+02
4.823549431001467047e-02 1.180167190045134928e-01 1.000000000000000000e+02
4.913407286296361809e-02 8.823208544730945513e-02 1.000000000000000000e+02
5.004939102700953213e-02 7.216819632446555555e-02 1.000000000000000000e+02
5.098176064420424647e-02 6.578364475308103032e-02 1.000000000000000000e+02
5.193149936590212012e-02 6.657388942991729341e-02 1.000000000000000995e+02
5.289893076098151070e-02 7.406539139033516128e-02 1.000000000000000995e+02
5.388438442608223938e-02 8.955697959522278262e-02 1.000000000000000000e+02
5.488819609789671872e-02 1.161670203038403237e-01 1.000000000000000000e+02
5.591070776755290017e-02 1.592614879494526070e-01 1.000000000000000000e+02
5.695226779712821846e-02 2.269249265710252261e-01 1.000000000000000000e+02
5.801323103833375128e-02 3.297468069970357907e-01 1.000000000000000995e+02
5.909395895340967958e-02 4.784093655930242717e-01 1.000000000000000000e+02
6.019481973827271043e-02 6.768248713556712648e-01 9.999999999999990052e+01
6.131618844795772016e-02 9.172695072381226167e-01 9.999999999999994316e+01
6.245844712439614643e-02 1.192393029594966292e+00 1.000000000000000000e+02
6.362198492657485105e-02 1.493862789205356645e+00 9.999999999999994316e+01
6.480719826311967524e-02 1.813625398197083571e+00 9.999999999999994316e+01
6.601449092734885948e-02 2.147053843514263427e+00 9.999999999999990052e+01
6.724427423484245769e-02 2.496168027102918074e+00 1.000000000000000000e+02
6.849696716357443760e-02 2.872840930563488548e+00 1.000000000000000000e+02
6.977299649665534564e-02 3.302585243330683706e+00 1.000000000000000000e+02
7.107279696773415034e-02 3.825883338139285161e+00 9.999999999999994316e+01
7.239681140910873836e-02 4.471936743420178217e+00 9.999999999999994316e+01
7.374549090259549522e-02 5.261963282728483904e+00 1.000000000000000000e+02
7.511929493320965157e-02 6.216687674331845770e+00 1.000000000000000000e+02
7.651869154570821452e-02 7.352987828268273240e+00 1.000000000000000000e+02
7.794415750404946885e-02 8.678595228847607146e+00 1.000000000000000000e+02
7.939617845382279659e-02 1.018460321733042306e+01 1.000000000000000000e+02
8.087524908770453436e-02 1.183719254415761846e+01 1.000000000000000995e+02
8.238187331399605962e-02 1.358902655919276725e+01 9.999999999999994316e+01
8.391656442830157381e-02 1.538321153104230454e+01 1.000000000000000995e+02
8.547984528840409102e-02 1.714222949837138543e+01 1.000000000000000000e+02
8.707224849239916797e-02 1.876861528918354338e+01 1.000000000000000000e+02
8.869431656014709064e-02 2.014935619805022782e+01 1.000000000000000000e+02
9.034660211810524588e-02 2.116471915851039398e+01 1.000000000000000995e+02
9.202966808760409956e-02 2.176867129338440776e+01 9.999999999999994316e+01
9.374408787662991127e-02 2.209981194239046687e+01 1.000000000000000000e+02
9.549044557518077125e-02 2.236625870207019773e+01 9.999999999999994316e+01
9.726933615426168467e-02 2.281747179041093787e+01 1.000000000000000000e+02
9.908136566858666283e-02 2.375656104649973699e+01 1.000000000000000000e+02
1.009271514630570854e-01 2.557984252018642479e+01 9.999999999999994316e+01
1.028073223830864719e-01 2.857592762896011251e+01 1.000000000000000995e+02
1.047225189888434382e-01 3.284417253871829701e+01 1.000000000000000995e+02
1.066733937734857113e-01 3.845368385095203223e+01 1.000000000000000000e+02
1.086606113854596822e-01 4.534909087209788936e+01 1.000000000000000000e+02
1.106848488549412035e-01 5.320425490325036577e+01 1.000000000000000000e+02
1.127467958244946084e-01 6.164207655210723402e+01 1.000000000000000000e+02
1.148471547840289042e-01 7.067950134511953308e+01 9.999999999999994316e+01
1.169866413101306873e-01 8.047266235587848371e+01 1.000000000000000000e+02
1.191659843098558796e-01 9.132295075859495626e+01 9.999999999999990052e+01
1.213859262690627772e-01 1.037109893873461317e+02 9.999999999999994316e+01
1.236472235053715091e-01 1.180041886425792939e+02 9.999999999999990052e+01
1.259506464258357550e-01 1.343713690066061019e+02 9.999999999999984368e+01
1.282969797894147612e-01 1.529256686080909162e+02 1.000000000000000000e+02
1.306870229743346268e-01 1.736937079124421075e+02 9.999999999999990052e+01
1.331215902504307713e-01 1.966468945300357802e+02 1.000000000000000000e+02
1.356015110565633452e-01 2.217768247711858010e+02 9.999999999999990052e+01
1.381276302832009362e-01 2.490046485801648828e+02 9.999999999999994316e+01
1.407008085602685088e-01 2.781511761009498400e+02 9.999999999999990052e+01
1.433219225503573890e-01 3.092718499936136141e+02 9.999999999999984368e+01
1.459918652473978506e-01 3.432248686287856003e+02 9.999999999999990052e+01
1.487115462808953625e-01 3.814510689804184267e+02 1.000000000000000000e+02
1.514818922258345801e-01 4.260527789873167990e+02 9.999999999999990052e+01
1.543038469183564687e-01 4.786011650412496579e+02 9.999999999999994316e+01
1.571783717773162781e-01 5.395148496265310314e+02 1.000000000000000000e+02
1.601064461318317811e-01 6.087212485070816683e+02 1.000000000000000000e+02
1.630890675549332702e-01 6.858162908729216269e+02 9.999999999999994316e+01
1.661272522034293042e-01 7.712368785322234999e+02 1.000000000000000000e+02
1.692220351641037235e-01 8.657165070898231534e+02 1.000000000000000000e+02
1.723744708063619790e-01 9.700541299376887991e+02 1.000000000000000000e+02
1.755856331414468730e-01 1.085127901986672896e+03 1.000000000000000000e+02
1.788566161883461958e-01 1.211913353483929313e+03 1.000000000000000000e+02
1.821885343465165230e-01 1.351507633230226020e+03 1.000000000000000000e+02
1.855825227755517060e-01 1.505166560605211316e+03 1.000000000000000000e+02
1.890397377819219571e-01 1.674346651205037915e+03 1.000000000000000995e+02
1.925613572129196704e-01 1.860755547102381115e+03 1.000000000000000995e+02
1.961485808579429280e-01 2.066420025749413981e+03 1.000000000000000000e+02
1.998026308572548593e-01 2.293773137487140957e+03 1.000000000000000995e+02
2.035247521183575770e-01 2.545625012673890069e+03 1.000000000000000000e+02
2.073162127401229071e-01 2.824612547505139446e+03 1.000000000000000000e+02
2.111783044448242164e-01 3.133432052872104578e+03 1.000000000000000000e+02
2.151123430182164953e-01 3.474997721959460705e+03 9.999999999999994316e+01
2.191196687578147451e-01 3.852449813532599364e+03 9.999999999999994316e+01
2.232016469295232397e-01 4.269161296223049249e+03 1.000000000000000000e+02
2.273596682327715113e-01 4.728742578332281482e+03 1.000000000000000000e+02
2.315951492743152096e-01 5.235043890205857679e+03 1.000000000000000995e+02
2.359095330508633737e-01 5.792154856698835829e+03 1.000000000000000995e+02
2.403042894406967056e-01 6.404400776064637284e+03 9.999999999999994316e+01
2.447809157044440187e-01 7.076335111874713220e+03 1.000000000000000000e+02
2.493409369951877785e-01 7.812727709826984210e+03 1.000000000000000000e+02
2.539859068780723761e-01 8.618600631415523821e+03 9.999999999999990052e+01
2.587174078595921300e-01 9.499548367281753599e+03 1.000000000000000995e+02
2.635370519267393186e-01 1.046170513454480533e+04 9.999999999999994316e+01
2.684464810961962322e-01 1.151170820747158723e+04 9.999999999999990052e+01
2.734473679737579599e-01 1.265677147008767679e+04 1.000000000000000995e+02
2.785414163241766161e-01 1.390477800949362972e+04 1.000000000000000000e+02
2.837303616516211324e-01 1.526439620021617884e+04 1.000000000000000000e+02
2.890159717909508430e-01 1.674522498534306214e+04 1.000000000000000000e+02
2.944000475100033709e-01 1.835797535490572773e+04 1.000000000000000000e+02
2.998844231231027613e-01 2.011469665029993121e+04 9.999999999999994316e+01
3.054709671159968054e-01 2.202856152490021486e+04 9.999999999999994316e+01
3.111615827824359970e-01 2.411208238499997242e+04 9.999999999999994316e+01
3.169582088726115021e-01 2.637794726155346871e+04 9.999999999999994316e+01
3.228628202536730218e-01 2.883945978858241506e+04 9.999999999999994316e+01
3.288774285825510346e-01 3.151053222390234077e+04 1.000000000000000000e+02
3.350040829913132900e-01 3.440567625552409299e+04 9.999999999999994316e+01
3.412448707852889229e-01 3.753999267330174189e+04 1.000000000000000000e+02
3.476019181541977754e-01 4.092916141562032135e+04 1.000000000000000000e+02
3.540773908965269556e-01 4.458953788303210604e+04 9.999999999999994316e+01
3.606734951574028236e-01 4.853965927042857220e+04 1.000000000000000995e+02
3.673924781802074269e-01 5.280069331334766321e+04 1.000000000000000995e+02
3.742366290721980682e-01 5.739604695589341281e+04 1.000000000000000995e+02
3.812082795843887983e-01 6.235181793095308240e+04 1.000000000000000995e+02
3.883098049059605095e-01 6.769738007864596148e+04 1.000000000000000995e+02
3.955436244734701345e-01 7.346610850408620900e+04 1.000000000000000995e+02
4.029122027951347884e-01 7.969611090914512170e+04 1.000000000000000995e+02
4.104180502904709038e-01 8.642395776892095455e+04 9.999999999999994316e+01
4.180637241455757991e-01 9.367905419630739198e+04 1.000000000000000000e+02
4.258518291843414461e-01 1.014894589391816844e+05 1.000000000000000995e+02
4.337850187558989212e-01 1.098817869176576787e+05 1.000000000000000000e+02
4.418659956385941334e-01 1.188804418022786413e+05 1.000000000000000000e+02
4.500975129608046355e-01 1.285067129807714227e+05 1.000000000000000995e+02
4.584823751389096036e-01 1.387822358961730788e+05 1.000000000000000000e+02
4.670234388327330621e-01 1.497445674961600453e+05 9.999999999999994316e+01
4.757236139187884794e-01 1.614405298123359971e+05 9.999999999999994316e+01
4.845858644816490868e-01 1.739243483986355714e+05 1.000000000000000000e+02
4.936132098237911991e-01 1.872595507756189618e+05 1.000000000000000000e+02
5.028087254942474882e-01 2.015211172354413720e+05 1.000000000000000000e+02
5.121755443364236493e-01 2.167836604858397041e+05 1.000000000000000000e+02
5.217168575554343990e-01 2.331059911507199286e+05 1.000000000000000000e+02
5.314359158053235666e-01 2.505467029451841663e+05 1.000000000000000000e+02
5.413360302965375404e-01 2.691660723221746739e+05 1.000000000000000000e+02
5.514205739240296555e-01 2.890260328748639440e+05 9.999999999999994316e+01
5.616929824163804374e-01 3.101901737868808559e+05 9.999999999999994316e+01
5.721567555063246102e-01 3.327237733205757104e+05 1.000000000000000000e+02
5.828154581230839959e-01 3.566938805799388792e+05 1.000000000000000000e+02
5.936727216069119795e-01 3.821694613129428471e+05 9.999999999999994316e+01
6.047322449462643190e-01 4.092216290796766407e+05 1.000000000000000000e+02
6.159977960380161877e-01 4.379240771222113399e+05 9.999999999999990052e+01
6.274732129711574347e-01 4.683536151797937346e+05 9.999999999999994316e+01
6.391624053343999412e-01 5.005907287990338518e+05 9.999999999999994316e+01
6.510693555481454897e-01 5.347204126810808666e+05 1.000000000000000000e+02
6.631981202212668958e-01 5.708332467739293352e+05 9.999999999999994316e+01
6.755528315331639222e-01 6.090267551151015796e+05 9.999999999999994316e+01
6.881376986415662644e-01 6.494071008895300329e+05 9.999999999999990052e+01
7.009570091165617800e-01 6.920911774657935603e+05 1.000000000000000995e+02
7.140151304013395706e-01 7.372006551717156544e+05 1.000000000000000000e+02
7.273165113001454074e-01 7.848404829186383868e+05 1.000000000000000995e+02
7.408656834939559843e-01 8.351140311671512900e+05 1.000000000000000995e+02
7.546672630843886953e-01 8.881283653243061854e+05 1.000000000000001990e+02
7.687259521663728501e-01 9.439952019476725254e+05 1.000000000000000995e+02
7.830465404301183430e-01 1.002832152106784401e+06 1.000000000000000995e+02
7.976339067929273385e-01 1.064764306402749149e+06 1.000000000000000995e+02
8.124930210614047521e-01 1.129923423685512040e+06 1.000000000000000995e+02
8.276289456246344045e-01 1.198432270188904833e+06 9.999999999999994316e+01
8.430468371788967241e-01 1.270411465889777523e+06 1.000000000000000000e+02
8.587519484845170803e-01 1.345986951721395599e+06 9.999999999999994316e+01
8.747496301554414933e-01 1.425291738855684409e+06 1.000000000000000000e+02
8.910453324821513421e-01 1.508468094201105647e+06 9.999999999999994316e+01
9.076446072885356875e-01 1.595669616450765170e+06 9.999999999999990052e+01
9.245531098233570333e-01 1.687045310176468920e+06 9.999999999999990052e+01
9.417766006869519035e-01 1.782732618510165252e+06 9.999999999999994316e+01
9.593209477938241525e-01 1.882875162189549534e+06 1.000000000000000000e+02
9.771921283717996953e-01 1.987626192223236430e+06 1.000000000000000000e+02
9.953962309984233370e-01 2.097151667907335097e+06 9.999999999999994316e+01
1.013939457675291811e+00 2.211628506334368605e+06 1.000000000000000995e+02
1.032828125941028574e+00 2.331200716028493363e+06 1.000000000000000000e+02
1.052068671023622892e+00 2.455990220521240495e+06 1.000000000000000000e+02
1.071667648032863296e+00 2.586118821761038620e+06 1.000000000000000000e+02
1.091631734193614811e+00 2.721709979142035823e+06 1.000000000000000995e+02
1.111967731120699021e+00 2.862890910723168869e+06 1.000000000000000000e+02
1.132682567136153784e+00 3.009795288135205396e+06 1.000000000000000995e+02
1.153783299629660863e+00 3.162566617145730648e+06 1.000000000000000995e+02
1.175277117462945276e+00 3.321362406437928323e+06 1.000000000000000995e+02
1.197171343418965694e+00 3.486359239562375937e+06 1.000000000000000995e+02
1.219473436696737023e+00 3.657758879872799851e+06 1.000000000000000000e+02
1.242190995452616242e+00 3.835795556391972583e+06 1.000000000000000000e+02
1.265331759388941713e+00 4.020736637323402800e+06 1.000000000000000995e+02
1.288903612390891462e+00 4.212796308936305344e+06 1.000000000000000995e+02
1.312914585212463958e+00 4.412145641475630924e+06 1.000000000000000995e+02
1.337372858212495075e+00 4.618969002946610563e+06 1.000000000000000000e+02
1.362286764141645401e+00 4.833470228398749605e+06 1.000000000000000995e+02
1.387664790981307128e+00 5.055878834246052429e+06 9.999999999999994316e+01
1.413515584835394190e+00 5.286457429563716054e+06 1.000000000000000000e+02
1.439847952876006643e+00 5.525510493333050981e+06 1.000000000000000000e+02
1.466670866343967150e+00 5.773394712381426245e+06 1.000000000000000000e+02
1.493993463605256311e+00 6.030531106920717284e+06 1.000000000000000000e+02
1.521825053264385552e+00 6.297371736657463945e+06 1.000000000000000995e+02
1.550175117335768737e+00 6.574051413002001122e+06 1.000000000000000995e+02
1.579053314474174297e+00 6.860485090195287950e+06 1.000000000000000995e+02
1.608469483265355215e+00 7.156508150501117110e+06 1.000000000000000995e+02
1.638433645577983100e+00 7.461866625642635860e+06 1.000000000000000995e+02
1.668956009978023181e+00 7.776205762992328033e+06 1.000000000000000000e+02
1.700046975206716438e+00 8.099057948300343007e+06 1.000000000000000995e+02
1.731717133723352786e+00 8.429830079524531960e+06 1.000000000000000000e+02
1.763977275314043469e+00 8.767804442935202271e+06 9.999999999999994316e+01
1.796838390767719229e+00 9.112600247951827943e+06 1.000000000000000000e+02
1.830311675620611256e+00 9.464427543033074588e+06 9.999999999999994316e+01
1.864408533970485227e+00 9.823678366986099631e+06 1.000000000000000000e+02
1.899140582361933616e+00 1.019092885999497026e+07 1.000000000000000000e+02
1.934519653744044332e+00 1.056697560509641841e+07 1.000000000000000000e+02
1.970557801501798378e+00 1.095287697081578895e+07 1.000000000000000995e+02
2.007267303562568106e+00 1.134999817655949295e+07 1.000000000000000000e+02
2.044660666579115826e+00 1.175954068304411508e+07 1.000000000000000000e+02
2.082750630190514318e+00 1.218173039045563899e+07 1.000000000000000000e+02
2.121550171362450055e+00 1.261661844981615432e+07 1.000000000000000995e+02
2.161072508808376647e+00 1.306422187798442505e+07 1.000000000000000000e+02
2.201331107493030181e+00 1.352452116194088198e+07 9.999999999999994316e+01
2.242339683219845003e+00 1.399745799990396388e+07 1.000000000000000000e+02
2.284112207303823361e+00 1.448293323214842379e+07 1.000000000000000000e+02
2.326662911331458083e+00 1.498080502041004412e+07 9.999999999999994316e+01
2.370006292009327886e+00 1.549088734085153788e+07 1.000000000000000000e+02
2.414157116103017753e+00 1.601294886164005287e+07 1.000000000000000000e+02
2.459130425468043946e+00 1.654671228215226531e+07 9.999999999999994316e+01
2.504941542174502267e+00 1.709185426965687796e+07 1.000000000000000000e+02
2.551606073727183954e+00 1.764806814330279455e+07 1.000000000000000000e+02
2.599139918382932901e+00 1.821521034946156666e+07 1.000000000000000000e+02
2.647559270567066747e+00 1.879319615721743181e+07 1.000000000000000000e+02
2.696880626390692370e+00 1.938198339448216930e+07 1.000000000000000000e+02
2.747120789270811603e+00 1.998158719060207531e+07 1.000000000000000000e+02
2.798296875655115645e+00 2.059209683808838576e+07 1.000000000000000000e+02
2.850426320853434614e+00 2.121369498414520547e+07 1.000000000000000000e+02
2.903526884977813971e+00 2.184667939160424843e+07 1.000000000000000995e+02
2.957616658993253544e+00 2.249148754635430872e+07 1.000000000000000000e+02
3.012714070881164385e+00 2.314872233313023299e+07 1.000000000000000000e+02
3.068837891917642224e+00 2.381885031453521177e+07 1.000000000000000000e+02
3.126007243068700259e+00 2.450176613764732704e+07 1.000000000000000995e+02
3.184241601504649744e+00 2.519728743137848005e+07 1.000000000000000000e+02
3.243560807235807975e+00 2.590523779427686334e+07 1.000000000000000995e+02
3.303985069871854918e+00 2.662545536604901031e+07 1.000000000000000000e+02
3.365534975507090909e+00 2.735780283582528308e+07 1.000000000000000000e+02
3.428231493733967294e+00 2.810217902706119791e+07 1.000000000000000000e+02
3.492095984787267682e+00 2.885853221017360315e+07 1.000000000000000000e+02
3.557150206821382277e+00 2.962684425345008448e+07 1.000000000000000000e+02
3.623416323323146226e+00 3.040698219567307830e+07 1.000000000000000000e+02
3.690916910662774608e+00 3.119879298498007283e+07 1.000000000000000000e+02
3.759674965785463563e+00 3.200217527799732983e+07 1.000000000000000995e+02
3.829713914046277257e+00 3.281709530434736982e+07 1.000000000000001990e+02
3.901057617190989202e+00 3.364360474770732969e+07 1.000000000000000995e+02
3.973730381485604202e+00 3.448186092053188384e+07 1.000000000000000995e+02
4.047756965997318268e+00 3.533211238704580814e+07 1.000000000000000000e+02
4.123162591029748469e+00 3.619425844405218214e+07 1.000000000000000000e+02
4.199972946715301525e+00 3.706790832470284402e+07 1.000000000000000000e+02
4.278214201767612579e+00 3.795267382166617364e+07 1.000000000000000000e+02
4.357913012397025554e+00 3.884818557365193218e+07 1.000000000000000000e+02
4.439096531392166867e+00 3.975410487239705026e+07 1.000000000000000000e+02
4.521792417370697592e+00 4.067013714287959039e+07 1.000000000000000000e+02
4.606028844202397998e+00 4.159604723767383397e+07 1.000000000000000000e+02
4.691834510607794329e+00 4.253167669744122773e+07 9.999999999999994316e+01
4.779238649935595440e+00 4.347696314338332415e+07 9.999999999999994316e+01
4.868271040122278848e+00 4.443196198493730277e+07 9.999999999999994316e+01
4.958962013837211913e+00 4.539687064824689925e+07 9.999999999999994316e+01
5.051342468816761411e+00 4.637202503818228841e+07 1.000000000000000000e+02
5.145443878390924652e+00 4.735737356721986085e+07 1.000000000000000000e+02
5.241298302206056192e+00 4.835244444098185748e+07 9.999999999999994316e+01
5.338938397147350301e+00 4.935677413351550698e+07 1.000000000000000995e+02
5.438397428464796235e+00 5.036993500633489341e+07 1.000000000000000000e+02
5.539709281106400596e+00 5.139154930698122084e+07 1.000000000000000000e+02
5.642908471262536807e+00 5.242130493524626642e+07 1.000000000000000000e+02
5.748030158125351008e+00 5.345897311696735770e+07 1.000000000000000000e+02
5.855110155867238042e+00 5.450442813750724494e+07 9.999999999999994316e+01
5.964184945842459840e+00 5.555766930245298892e+07 1.000000000000000000e+02
6.075291689016070862e+00 5.661880377087575942e+07 1.000000000000000000e+02
6.188468238624382778e+00 5.768761739620108157e+07 1.000000000000000995e+02
6.303753153071275150e+00 5.876367736446203291e+07 9.999999999999994316e+01
6.421185709064758385e+00 5.984661050224616379e+07 1.000000000000000995e+02
6.540805914998252923e+00 6.093612471905807406e+07 1.000000000000000995e+02
6.662654524581149929e+00 6.203202799977477640e+07 1.000000000000000000e+02
6.786773050723295064e+00 6.313424948637472093e+07 1.000000000000000000e+02
6.913203779678127603e+00 6.424286281716159731e+07 1.000000000000000000e+02
7.041989785449288775e+00 6.535810707373191416e+07 1.000000000000000995e+02
7.173174944465612768e+00 6.648009414331625402e+07 1.000000000000000995e+02
7.306803950529499936e+00 6.760856548462729156e+07 1.000000000000000995e+02
7.442922330043757917e+00 6.874331144310881197e+07 1.000000000000000995e+02
7.581576457522110069e+00 6.988423242994172871e+07 1.000000000000000995e+02
7.722813571388642551e+00 7.103136014142005146e+07 1.000000000000000995e+02
7.866681790071582192e+00 7.218488099801166356e+07 1.000000000000000000e+02
8.013230128396878982e+00 7.334516188139221072e+07 1.000000000000000000e+02
8.162508514287219796e+00 7.451256652362275124e+07 1.000000000000000000e+02
8.314567805772055564e+00 7.568698231562787294e+07 1.000000000000000995e+02
8.469459808314576676e+00 7.686827391412873566e+07 1.000000000000000995e+02
8.627237292461440887e+00 7.805641512884396315e+07 1.000000000000000000e+02
8.787954011821311084e+00 7.925150899485847354e+07 1.000000000000000000e+02
8.951664721378293166e+00 8.045380993849357963e+07 1.000000000000000995e+02
9.118425196146562328e+00 8.166374822051568329e+07 1.000000000000000000e+02
9.288292250172489162e+00 8.288195686591307819e+07 1.000000000000000995e+02
9.461323755890759912e+00 8.410930132092173398e+07 1.000000000000000000e+02
9.637578663841079418e+00 8.534691211699743569e+07 1.000000000000000000e+02
9.817117022752183786e+00 8.659622086967352033e+07 1.000000000000000000e+02
1.000000000000000000e+01 8.785899999999991059e+07 1.000000000000000000e+02
