# Source: PRIMAT compilation, https://doi.org/10.1016/j.physrep.2018.04.005
1.000000000000000021e-03 1.000000000000000008e-35 1.000000000000000000e+02
1.018628990244687619e-03 1.146353305690315959e-35 1.000000000000000000e+02
1.037605019766911670e-03 1.318686359643689214e-35 1.000000000000000995e+02
1.056934553557988335e-03 1.522330367572455389e-35 1.000000000000000000e+02
1.076624177045493267e-03 1.763849446260461338e-35 1.000000000000000000e+02
1.096680598336868600e-03 2.051356662028858820e-35 1.000000000000000000e+02
1.117110650504824203e-03 2.394918804009491391e-35 1.000000000000000000e+02
1.137921293915315117e-03 2.807076937625620852e-35 1.000000000000000000e+02
1.159119618598885779e-03 3.303518668906873097e-35 1.000000000000000000e+02
1.180712846666190276e-03 3.903950063966707218e-35 1.000000000000000995e+02
1.202708334768511989e-03 4.633231485096094349e-35 1.000000000000000995e+02
1.225113576604118949e-03 5.522863869264427724e-35 1.000000000000000995e+02
1.247936205471311460e-03 6.612942496972689564e-35 1.000000000000000000e+02
1.271183996869028896e-03 7.954737343262270034e-35 1.000000000000001990e+02
1.294864871145904933e-03 9.614117301453080474e-35 1.000000000000000995e+02
1.318986896198670470e-03 1.167611653430426176e-34 1.000000000000001990e+02
1.343558290220826226e-03 1.425105441693074811e-34 1.000000000000000995e+02
1.368587424502519176e-03 1.748277965807985805e-34 1.000000000000000995e+02
1.394082826282578647e-03 2.155983403058698593e-34 1.000000000000000995e+02
1.420053181653683095e-03 2.673065057660269386e-34 1.000000000000000995e+02
1.446507338521647217e-03 3.332435748458280147e-34 1.000000000000000995e+02
1.473454309619835756e-03 4.177941441341798672e-34 1.000000000000000995e+02
1.500903275579736594e-03 5.268325528899167739e-34 1.000000000000000995e+02
1.528863588058731147e-03 6.682748833354474826e-34 1.000000000000000000e+02
1.557344772926135207e-03 8.528521703943476172e-34 1.000000000000000995e+02
1.586356533508589657e-03 1.095200069806826088e-33 1.000000000000000995e+02
1.615908753895919101e-03 1.415404066296503173e-33 1.000000000000000995e+02
1.646011502308549748e-03 1.841204599590889493e-33 1.000000000000000995e+02
1.676675034527699143e-03 2.411164386801820714e-33 1.000000000000000995e+02
1.707909797389426916e-03 3.179247976929199681e-33 1.000000000000001990e+02
1.739726432343800767e-03 4.221488081453561365e-33 1.000000000000000000e+02
1.772135779080358372e-03 5.645756697833654656e-33 1.000000000000000995e+02
1.805148879221108154e-03 7.606188202124702873e-33 1.000000000000000995e+02
1.838776980082326793e-03 1.032462264177027141e-32 1.000000000000000000e+02
1.873031538506436536e-03 1.412272069869235631e-32 1.000000000000001990e+02
1.907924224765265072e-03 1.947042225825638843e-32 1.000000000000000995e+02
1.943466926536020246e-03 2.705962577647321162e-32 1.000000000000000995e+02
1.979671752951332481e-03 3.791708954475994502e-32 1.000000000000000995e+02
2.016551038724746607e-03 5.357881112786545243e-32 1.000000000000000000e+02
2.054117348353064112e-03 7.636154721581393698e-32 1.000000000000001990e+02
2.092383480396977150e-03 1.097890831939452477e-31 1.000000000000000995e+02
2.131362471841437810e-03 1.592670878098972173e-31 1.000000000000000995e+02
2.171067602537264923e-03 2.331606848692494930e-31 1.000000000000000995e+02
2.211512399725488933e-03 3.445300899800794816e-31 1.000000000000000000e+02
2.252710642645980484e-03 5.139510369876801924e-31 1.000000000000000000e+02
2.294676367231936100e-03 7.741394418963009342e-31 1.000000000000000995e+02
2.337423870891814758e-03 1.177604208686263318e-30 1.000000000000000995e+02
2.380967717380358135e-03 1.809429301615538717e-30 1.000000000000000000e+02
2.425322741760352948e-03 2.808825664058002392e-30 1.000000000000000000e+02
2.470504055456825433e-03 4.405820366217679319e-30 1.000000000000000000e+02
2.516527051405391836e-03 6.984325882845331748e-30 1.000000000000000995e+02
2.563407409296514835e-03 1.119163314729058115e-29 1.000000000000000000e+02
2.611161100917459583e-03 1.813041179553343054e-29 1.000000000000000000e+02
2.659804395593758260e-03 2.969882008911768379e-29 1.000000000000000995e+02
2.709353865732051433e-03 4.919918964690953021e-29 1.000000000000000000e+02
2.759826392466180594e-03 8.243873178360081504e-29 1.000000000000000995e+02
2.811239171408464344e-03 1.397409612040260267e-28 1.000000000000000000e+02
2.863609718508115885e-03 2.396604671032471841e-28 1.000000000000000000e+02
2.916955876018795853e-03 4.159171097839046641e-28 9.999999999999994316e+01
2.971295818577334054e-03 7.304797143848425293e-28 1.000000000000000000e+02
3.026648059395692196e-03 1.298547364464364511e-27 1.000000000000000995e+02
3.083031456568277075e-03 2.337950670708291246e-27 1.000000000000000000e+02
3.140465219496752208e-03 4.268618947113908727e-27 9.999999999999994316e+01
3.198968915434537586e-03 7.914488723508735420e-27 9.999999999999994316e+01
3.258562476153226226e-03 1.492471702862970166e-26 1.000000000000000000e+02
3.319266204733189573e-03 2.867219698185113234e-26 1.000000000000000995e+02
3.381100782480685445e-03 5.621798350697825022e-26 1.000000000000000000e+02
3.444087275973823411e-03 1.127211544879663447e-25 9.999999999999994316e+01
3.508247144239792347e-03 2.316229412188332697e-25 1.000000000000000000e+02
3.573602246065788347e-03 4.888918657784398901e-25 9.999999999999994316e+01
3.640174847446141400e-03 1.062656664112542066e-24 9.999999999999994316e+01
3.707987629168172684e-03 2.385100331617534481e-24 1.000000000000000000e+02
3.777063694539364597e-03 5.544159494316423156e-24 1.000000000000000000e+02
3.847426577258505898e-03 1.338955542402645220e-23 9.999999999999994316e+01
3.919100249433401899e-03 3.371284928790805568e-23 1.000000000000000995e+02
3.992109129748053209e-03 8.882606002520464656e-23 1.000000000000000995e+02
4.066478091781853925e-03 2.455879014542192744e-22 1.000000000000000000e+02
4.142232472483897525e-03 7.096073653798182045e-22 1.000000000000000000e+02
4.219398080805024202e-03 2.127407983356608590e-21 1.000000000000000995e+02
4.298001206490798497e-03 6.564027575439576538e-21 1.000000000000000995e+02
4.378068629038166758e-03 2.065371722415508524e-20 1.000000000000000995e+02
4.459627626819095622e-03 6.559573081803155800e-20 1.000000000000000995e+02
4.542705986374042521e-03 2.078861105848645055e-19 1.000000000000000995e+02
4.627332011878692967e-03 6.491002452064344691e-19 1.000000000000000995e+02
4.713534534786906725e-03 1.968772075297147870e-18 1.000000000000000995e+02
4.801342923653449841e-03 5.710681013515644798e-18 1.000000000000000000e+02
4.890787094139589959e-03 1.557045235145956670e-17 1.000000000000000000e+02
4.981897519205159656e-03 3.915569953635908428e-17 1.000000000000000000e+02
5.074705239490466188e-03 8.917365402191712246e-17 1.000000000000000000e+02
5.169241873891598608e-03 1.837991250632305873e-16 1.000000000000000000e+02
5.265539630332755246e-03 3.457919354446544565e-16 1.000000000000000000e+02
5.363631316739239652e-03 5.997493949896000953e-16 1.000000000000000995e+02
5.463550352214875498e-03 9.700257775157305549e-16 1.000000000000000995e+02
5.565330778427646403e-03 1.482319974868909066e-15 1.000000000000000000e+02
5.669007271207434327e-03 2.172221468611859762e-15 1.000000000000000000e+02
5.774615152359819509e-03 3.104297452322419956e-15 1.000000000000000000e+02
5.882190401699956099e-03 4.408765850716756659e-15 1.000000000000000000e+02
5.991769669310619169e-03 6.355349855080438810e-15 1.000000000000000000e+02
6.103390288028621123e-03 9.482760934656692583e-15 1.000000000000000995e+02
6.217090286163826779e-03 1.466482062954130796e-14 1.000000000000000000e+02
6.332908400455114321e-03 2.338323767779186604e-14 1.000000000000000000e+02
6.450884089267692675e-03 3.821617743497808678e-14 1.000000000000000000e+02
6.571057546036270826e-03 6.359135218488929974e-14 1.000000000000000000e+02
6.693469712958660493e-03 1.069271369891434907e-13 1.000000000000000000e+02
6.818162294944479437e-03 1.801589347596898531e-13 1.000000000000000995e+02
6.945177773823696388e-03 3.013126559422109853e-13 1.000000000000000000e+02
7.074559422819878297e-03 4.952350353422290750e-13 1.000000000000000995e+02
7.206351321293052656e-03 7.966614136190864789e-13 1.000000000000000000e+02
7.340598369757212090e-03 1.256261470816850489e-12 1.000000000000000000e+02
7.477346305177588227e-03 1.945838385670726421e-12 1.000000000000000000e+02
7.616641716552892058e-03 2.967370763506569898e-12 9.999999999999990052e+01
7.758532060787835978e-03 4.467313893124030164e-12 1.000000000000000995e+02
7.903065678861348128e-03 6.659912737180677999e-12 1.000000000000000000e+02
8.050291812295981564e-03 9.865846957452679890e-12 1.000000000000000995e+02
8.200260619934130954e-03 1.453570840501609427e-11 9.999999999999994316e+01
8.353023195026778799e-03 2.122243120852409617e-11 1.000000000000000995e+02
8.508631582640582489e-03 3.056988799630155670e-11 1.000000000000000995e+02
8.667138797389234081e-03 4.323347410813134163e-11 1.000000000000000995e+02
8.828598841495149604e-03 5.971070248153846110e-11 1.000000000000000000e+02
8.993066723187623582e-03 8.006502432622985979e-11 1.000000000000000000e+02
9.160598475443709407e-03 1.038173864702419547e-10 1.000000000000000000e+02
9.331251175078249249e-03 1.311136415639910270e-10 1.000000000000000000e+02
9.505082962189511861e-03 1.631373460709658389e-10 1.000000000000000000e+02
9.682153059967075343e-03 2.025705724716462607e-10 9.999999999999994316e+01
9.862521794868784469e-03 2.546644784349025011e-10 9.999999999999994316e+01
1.004625061717340749e-02 3.293571264154411704e-10 9.999999999999994316e+01
1.023340212191641702e-02 4.423926444743701011e-10 9.999999999999994316e+01
1.042404007021556327e-02 6.135103122806763490e-10 9.999999999999990052e+01
1.061822941099384125e-02 8.708584734099617449e-10 9.999999999999994316e+01
1.081603630310709954e-02 1.252993892650583011e-09 9.999999999999984368e+01
1.101752813788386791e-02 1.807496319031390692e-09 1.000000000000000995e+02
1.122277356208507652e-02 2.591118943563347953e-09 1.000000000000000000e+02
1.143184250129149725e-02 3.694319256515405437e-09 9.999999999999994316e+01
1.164480618372686072e-02 5.254725686739109414e-09 9.999999999999990052e+01
1.186173716452478509e-02 7.482242226748881798e-09 1.000000000000000000e+02
1.208270935044776506e-02 1.070623360308777596e-08 9.999999999999990052e+01
1.230779802506665188e-02 1.542637384374122675e-08 1.000000000000000000e+02
1.253707987440920262e-02 2.236382867345411740e-08 9.999999999999994316e+01
1.277063301308643990e-02 3.258104075904032438e-08 1.000000000000000000e+02
1.300853701090571267e-02 4.763638974123035839e-08 9.999999999999994316e+01
1.325087291997953214e-02 6.981821396430618277e-08 1.000000000000000000e+02
1.349772330233941706e-02 1.025779758572872827e-07 1.000000000000000000e+02
1.374917225806419029e-02 1.511210625747060912e-07 9.999999999999994316e+01
1.400530545393219653e-02 2.233204824255771116e-07 1.000000000000000000e+02
1.426621015260736910e-02 3.311177124316891520e-07 1.000000000000000000e+02
1.453197524236895383e-02 4.925295301896243324e-07 9.999999999999994316e+01
1.480269126739508674e-02 7.348076827996873614e-07 1.000000000000000000e+02
1.507845045861051086e-02 1.099238909300317862e-06 9.999999999999994316e+01
1.535934676510897039e-02 1.648514012787963600e-06 1.000000000000000995e+02
1.564547588616095955e-02 2.478154874960934994e-06 1.000000000000000995e+02
1.593693530381774456e-02 3.733842609522660856e-06 1.000000000000000000e+02
1.623382431612278159e-02 5.638031560317431721e-06 1.000000000000000000e+02
1.653624407094180307e-02 8.530486871638274287e-06 1.000000000000000000e+02
1.684429760042315330e-02 1.293041039293676625e-05 9.999999999999994316e+01
1.715808985610004986e-02 1.963155243455268502e-05 1.000000000000000995e+02
1.747772774464680795e-02 2.984740526695406671e-05 1.000000000000000000e+02
1.780332016430113962e-02 4.543260864768756957e-05 1.000000000000000000e+02
1.813497804196495186e-02 6.921994935580207651e-05 1.000000000000000000e+02
1.847281437099634188e-02 1.055349884948787747e-04 1.000000000000000000e+02
1.881694424970555696e-02 1.609804392515078002e-04 1.000000000000000000e+02
1.916748492056815148e-02 2.456224694590846986e-04 1.000000000000000000e+02
1.952455581016860828e-02 3.747867771627401944e-04 1.000000000000000000e+02
1.988827856988809734e-02 5.717686005859475701e-04 1.000000000000000995e+02
2.025877711735016989e-02 8.719011729922915115e-04 1.000000000000000995e+02
2.063617767863858837e-02 1.328540275220259142e-03 1.000000000000000000e+02
2.102060883130158278e-02 2.021905250508625185e-03 1.000000000000000000e+02
2.141220154815729262e-02 3.072071641678179778e-03 1.000000000000000000e+02
2.181108924191518805e-02 4.657786229744789730e-03 1.000000000000000995e+02
2.221740781062883641e-02 7.043448024778116087e-03 1.000000000000000000e+02
2.263129568399528321e-02 1.061730839645610644e-02 1.000000000000000000e+02
2.305289387051707301e-02 1.594475605639786298e-02 1.000000000000000000e+02
2.348234600554275145e-02 2.384135753548901476e-02 1.000000000000000000e+02
2.391979840020238418e-02 3.547092890878354721e-02 1.000000000000000000e+02
2.436540009125464853e-02 5.247398519137550649e-02 9.999999999999990052e+01
2.481930289186254010e-02 7.713092125812480437e-02 1.000000000000000000e+02
2.528166144331499277e-02 1.125641062808596798e-01 1.000000000000000000e+02
2.575263326771199887e-02 1.630294143742795077e-01 9.999999999999994316e+01
2.623237882163122203e-02 2.342881124160478279e-01 1.000000000000000000e+02
2.672106155079433804e-02 3.340336434838694912e-01 9.999999999999994316e+01
2.721884794575178332e-02 4.724281852515753721e-01 9.999999999999990052e+01
2.772590759860482645e-02 6.627519886674489991e-01 9.999999999999990052e+01
2.824241326078434297e-02 9.221799078636658820e-01 9.999999999999994316e+01
2.876854090190592711e-02 1.272702393233365870e+00 9.999999999999990052e+01
2.930446976972142861e-02 1.742213082411902647e+00 9.999999999999984368e+01
2.985038245118730796e-02 2.365794237426424029e+00 9.999999999999994316e+01
3.040646493467067182e-02 3.186810151325515594e+00 9.999999999999994316e+01
3.097290667331408301e-02 4.252936512463136864e+00 9.999999999999990052e+01
3.154990064958086704e-02 5.611272881818865521e+00 9.999999999999994316e+01
3.213764344100276948e-02 7.302544101187883996e+00 9.999999999999994316e+01
3.273633528715245988e-02 9.350591186815380595e+00 9.999999999999994316e+01
3.334618015786364187e-02 1.174823730991389326e+01 9.999999999999994316e+01
3.396738582272208068e-02 1.444075627939907136e+01 1.000000000000000000e+02
3.460016392185108480e-02 1.730997904684444677e+01 1.000000000000000000e+02
3.524473003801584237e-02 2.016422890820909686e+01 1.000000000000000000e+02
3.590130377007068330e-02 2.274099322804136847e+01 1.000000000000000000e+02
3.657010880777489259e-02 2.472923764451705253e+01 9.999999999999994316e+01
3.725137300800209633e-02 2.581508433980541994e+01 1.000000000000000000e+02
3.794532847236938011e-02 2.574740044574931730e+01 1.000000000000000000e+02
3.865221162631261864e-02 2.440971892547517541e+01 9.999999999999994316e+01
3.937226329963479377e-02 2.187561110781535945e+01 1.000000000000000000e+02
4.010572880855495931e-02 1.842218151573704077e+01 1.000000000000000000e+02
4.085285803928561527e-02 1.453395536823092193e+01 1.000000000000000995e+02
4.161390553316707264e-02 1.080589729943911514e+01 9.999999999999994316e+01
4.238913057338778573e-02 7.634826088515412224e+00 1.000000000000000000e+02
4.317879727332021161e-02 5.175266493182749450e+00 1.000000000000000000e+02
4.398317466650223523e-02 3.402080527218450889e+00 1.000000000000000000e+02
4.480253679829489938e-02 2.195391721796740914e+00 1.000000000000000000e+02
4.563716281924758839e-02 1.409791041202595352e+00 9.999999999999994316e+01
4.648733708020256344e-02 9.147165612836909432e-01 1.000000000000000000e+02
4.735334922917116413e-02 6.099164767501206175e-01 1.000000000000000995e+02
4.823549431001467047e-02 4.258701879572801552e-01 1.000000000000000000e+02
4.913407286296361809e-02 3.179429103594952344e-01 1.000000000000000000e+02
5.004939102700953213e-02 2.596963237081838516e-01 1.000000000000000000e+02
5.098176064420424647e-02 2.363994510588513787e-01 1.000000000000000000e+02
5.193149936590212012e-02 2.389195077734767858e-01 1.000000000000000995e+02
5.289893076098151070e-02 2.654551181221119216e-01 1.000000000000000995e+02
5.388438442608223938e-02 3.205607940939903533e-01 1.000000000000000000e+02
5.488819609789671872e-02 4.152732484452096862e-01 1.000000000000000000e+02
5.591070776755290017e-02 5.685969667219340495e-01 1.000000000000000000e+02
5.695226779712821846e-02 8.091302189058189320e-01 1.000000000000000000e+02
5.801323103833375128e-02 1.174237548027655675e+00 1.000000000000000995e+02
5.909395895340967958e-02 1.701403916313807496e+00 1.000000000000000000e+02
6.019481973827271043e-02 2.403841603677002059e+00 9.999999999999990052e+01
6.131618844795772016e-02 3.253379884087322260e+00 9.999999999999994316e+01
6.245844712439614643e-02 4.223303057057423260e+00 1.000000000000000000e+02
6.362198492657485105e-02 5.283552449641611304e+00 9.999999999999994316e+01
6.480719826311967524e-02 6.405216225315204959e+00 9.999999999999994316e+01
6.601449092734885948e-02 7.571631294184292926e+00 9.999999999999990052e+01
6.724427423484245769e-02 8.789643069623046756e+00 1.000000000000000000e+02
6.849696716357443760e-02 1.010070765124526737e+01 1.000000000000000000e+02
6.977299649665534564e-02 1.159392328085284696e+01 1.000000000000000000e+02
7.107279696773415034e-02 1.341031848682181682e+01 9.999999999999994316e+01
7.239681140910873836e-02 1.565053179575758158e+01 9.999999999999994316e+01
7.374549090259549522e-02 1.838663098396988005e+01 1.000000000000000000e+02
7.511929493320965157e-02 2.168846423207022767e+01 1.000000000000000000e+02
7.651869154570821452e-02 2.561197986849777664e+01 1.000000000000000000e+02
7.794415750404946885e-02 3.018088954339712870e+01 1.000000000000000000e+02
7.939617845382279659e-02 3.536089963109702694e+01 1.000000000000000000e+02
8.087524908770453436e-02 4.103149288999311750e+01 1.000000000000000995e+02
8.238187331399605962e-02 4.702614414362668072e+01 9.999999999999994316e+01
8.391656442830157381e-02 5.314644420667177371e+01 1.000000000000000995e+02
8.547984528840409102e-02 5.912420391704461764e+01 1.000000000000000000e+02
8.707224849239916797e-02 6.462441271862131487e+01 1.000000000000000000e+02
8.869431656014709064e-02 6.926096801781670820e+01 1.000000000000000000e+02
9.034660211810524588e-02 7.262743134760354735e+01 1.000000000000000995e+02
9.202966808760409956e-02 7.457253146451577663e+01 9.999999999999994316e+01
9.374408787662991127e-02 7.557709149175249763e+01 1.000000000000000000e+02
9.549044557518077125e-02 7.635591236135520887e+01 9.999999999999994316e+01
9.726933615426168467e-02 7.775970618662346112e+01 1.000000000000000000e+02
9.908136566858666283e-02 8.081556952193980692e+01 1.000000000000000000e+02
1.009271514630570854e-01 8.685936490651961606e+01 9.999999999999994316e+01
1.028073223830864719e-01 9.685192001005086126e+01 1.000000000000000995e+02
1.047225189888434382e-01 1.111063527301727021e+02 1.000000000000000995e+02
1.066733937734857113e-01 1.298305429704342941e+02 1.000000000000000000e+02
1.086606113854596822e-01 1.528107664246202262e+02 1.000000000000000000e+02
1.106848488549412035e-01 1.789241443286203435e+02 1.000000000000000000e+02
1.127467958244946084e-01 2.068851876834842187e+02 1.000000000000000000e+02
1.148471547840289042e-01 2.367374757000834791e+02 9.999999999999994316e+01
1.169866413101306873e-01 2.689889235833864518e+02 1.000000000000000000e+02
1.191659843098558796e-01 3.046272207303344999e+02 9.999999999999990052e+01
1.213859262690627772e-01 3.452277475239816908e+02 9.999999999999994316e+01
1.236472235053715091e-01 3.919765367344123206e+02 9.999999999999990052e+01
1.259506464258357550e-01 4.453913398760121822e+02 9.999999999999984368e+01
1.282969797894147612e-01 5.058009552678624914e+02 1.000000000000000000e+02
1.306870229743346268e-01 5.732456396549824831e+02 9.999999999999990052e+01
1.331215902504307713e-01 6.475825145773684426e+02 1.000000000000000000e+02
1.356015110565633452e-01 7.287338662637686184e+02 9.999999999999990052e+01
1.381276302832009362e-01 8.163900803883682329e+02 9.999999999999994316e+01
1.407008085602685088e-01 9.099143763251209975e+02 9.999999999999990052e+01
1.433219225503573890e-01 1.009439609530767029e+03 9.999999999999984368e+01
1.459918652473978506e-01 1.117709444156867903e+03 9.999999999999990052e+01
1.487115462808953625e-01 1.239332799534839069e+03 1.000000000000000000e+02
1.514818922258345801e-01 1.381016508400729435e+03 9.999999999999990052e+01
1.543038469183564687e-01 1.547684190167273755e+03 9.999999999999994316e+01
1.571783717773162781e-01 1.740491434544481308e+03 1.000000000000000000e+02
1.601064461318317811e-01 1.958996435730511166e+03 1.000000000000000000e+02
1.630890675549332702e-01 2.201692430579166739e+03 9.999999999999994316e+01
1.661272522034293042e-01 2.469777926407671657e+03 1.000000000000000000e+02
1.692220351641037235e-01 2.765384205322638536e+03 1.000000000000000000e+02
1.723744708063619790e-01 3.090827081482873837e+03 1.000000000000000000e+02
1.755856331414468730e-01 3.448648497547626448e+03 1.000000000000000000e+02
1.788566161883461958e-01 3.841671690704253251e+03 1.000000000000000000e+02
1.821885343465165230e-01 4.273073925629159021e+03 1.000000000000000000e+02
1.855825227755517060e-01 4.746486616877046799e+03 1.000000000000000000e+02
1.890397377819219571e-01 5.266118178040961538e+03 1.000000000000000995e+02
1.925613572129196704e-01 5.836907738443218477e+03 1.000000000000000995e+02
1.961485808579429280e-01 6.464725071420485619e+03 1.000000000000000000e+02
1.998026308572548593e-01 7.156625926200944377e+03 1.000000000000000995e+02
2.035247521183575770e-01 7.920744074886914859e+03 1.000000000000000000e+02
2.073162127401229071e-01 8.764582446416696257e+03 1.000000000000000000e+02
2.111783044448242164e-01 9.695732505577079792e+03 1.000000000000000000e+02
2.151123430182164953e-01 1.072235506517917929e+04 9.999999999999994316e+01
2.191196687578147451e-01 1.185319474969508701e+04 9.999999999999994316e+01
2.232016469295232397e-01 1.309758924301236038e+04 1.000000000000000000e+02
2.273596682327715113e-01 1.446547228352021193e+04 1.000000000000000000e+02
2.315951492743152096e-01 1.596736922788570701e+04 1.000000000000000995e+02
2.359095330508633737e-01 1.761438395276496158e+04 1.000000000000000995e+02
2.403042894406967056e-01 1.941817584003060983e+04 9.999999999999994316e+01
2.447809157044440187e-01 2.139092560447587312e+04 1.000000000000000000e+02
2.493409369951877785e-01 2.354528878276067553e+04 1.000000000000000000e+02
2.539859068780723761e-01 2.589449117871726412e+04 9.999999999999990052e+01
2.587174078595921300e-01 2.845326366108328148e+04 1.000000000000000995e+02
2.635370519267393186e-01 3.123771861592600180e+04 9.999999999999994316e+01
2.684464810961962322e-01 3.426521648169660330e+04 9.999999999999990052e+01
2.734473679737579599e-01 3.755455736094925669e+04 1.000000000000000995e+02
2.785414163241766161e-01 4.112622427592308668e+04 1.000000000000000000e+02
2.837303616516211324e-01 4.500268981314104167e+04 1.000000000000000000e+02
2.890159717909508430e-01 4.920880120833080582e+04 1.000000000000000000e+02
2.944000475100033709e-01 5.377226223354056128e+04 1.000000000000000000e+02
2.998844231231027613e-01 5.872423440687906259e+04 9.999999999999994316e+01
3.054709671159968054e-01 6.409864633371325908e+04 9.999999999999994316e+01
3.111615827824359970e-01 6.992698730997636449e+04 9.999999999999994316e+01
3.169582088726115021e-01 7.624073973266182293e+04 9.999999999999994316e+01
3.228628202536730218e-01 8.307262813254995854e+04 9.999999999999994316e+01
3.288774285825510346e-01 9.045656530407852551e+04 1.000000000000000000e+02
3.350040829913132900e-01 9.842759225295447686e+04 9.999999999999994316e+01
3.412448707852889229e-01 1.070218151645004255e+05 1.000000000000000000e+02
3.476019181541977754e-01 1.162763437215826125e+05 1.000000000000000000e+02
3.540773908965269556e-01 1.262295285934005515e+05 9.999999999999994316e+01
3.606734951574028236e-01 1.369251449975538708e+05 1.000000000000000995e+02
3.673924781802074269e-01 1.484135316381823504e+05 1.000000000000000995e+02
3.742366290721980682e-01 1.607503634680070681e+05 1.000000000000000995e+02
3.812082795843887983e-01 1.739977837643720559e+05 1.000000000000000995e+02
3.883098049059605095e-01 1.882258768324057455e+05 1.000000000000000995e+02
3.955436244734701345e-01 2.035144881720382255e+05 1.000000000000000995e+02
4.029122027951347884e-01 2.199550169922267087e+05 1.000000000000000995e+02
4.104180502904709038e-01 2.376331208243198635e+05 9.999999999999994316e+01
4.180637241455757991e-01 2.566135431169007497e+05 1.000000000000000000e+02
4.258518291843414461e-01 2.769561916340384632e+05 1.000000000000000995e+02
4.337850187558989212e-01 2.987159532880068291e+05 1.000000000000000000e+02
4.418659956385941334e-01 3.219407231892129639e+05 1.000000000000000000e+02
4.500975129608046355e-01 3.466691222479101853e+05 1.000000000000000995e+02
4.584823751389096036e-01 3.729398168293059571e+05 1.000000000000000000e+02
4.670234388327330621e-01 4.008325563492430956e+05 9.999999999999994316e+01
4.757236139187884794e-01 4.304498849333517719e+05 9.999999999999994316e+01
4.845858644816490868e-01 4.619118024440220324e+05 1.000000000000000000e+02
4.936132098237911991e-01 4.953603344615373644e+05 1.000000000000000000e+02
5.028087254942474882e-01 5.309646390594952973e+05 1.000000000000000000e+02
5.121755443364236493e-01 5.688898340723208385e+05 1.000000000000000000e+02
5.217168575554343990e-01 6.092572501034414163e+05 1.000000000000000000e+02
5.314359158053235666e-01 6.521852565197199583e+05 1.000000000000000000e+02
5.413360302965375404e-01 6.977941407021911582e+05 1.000000000000000000e+02
5.514205739240296555e-01 7.462059710935952608e+05 9.999999999999994316e+01
5.616929824163804374e-01 7.975445260574471904e+05 9.999999999999994316e+01
5.721567555063246102e-01 8.519353148815853056e+05 1.000000000000000000e+02
5.828154581230839959e-01 9.095057219999033259e+05 1.000000000000000000e+02
5.936727216069119795e-01 9.703853107439960586e+05 9.999999999999994316e+01
6.047322449462643190e-01 1.034706336393197998e+06 1.000000000000000000e+02
6.159977960380161877e-01 1.102604779376559425e+06 9.999999999999990052e+01
6.274732129711574347e-01 1.174221607580204494e+06 9.999999999999994316e+01
6.391624053343999412e-01 1.249704021936625475e+06 9.999999999999994316e+01
6.510693555481454897e-01 1.329207371944862418e+06 1.000000000000000000e+02
6.631981202212668958e-01 1.412897622166582849e+06 9.999999999999994316e+01
6.755528315331639222e-01 1.500954448321030941e+06 9.999999999999994316e+01
6.881376986415662644e-01 1.593575073111103149e+06 9.999999999999990052e+01
7.009570091165617800e-01 1.690978962867612951e+06 1.000000000000000995e+02
7.140151304013395706e-01 1.793392658738820581e+06 1.000000000000000000e+02
7.273165113001454074e-01 1.900997028297833866e+06 1.000000000000000995e+02
7.408656834939559843e-01 2.013964941472832579e+06 1.000000000000000995e+02
7.546672630843886953e-01 2.132474074306943454e+06 1.000000000000001990e+02
7.687259521663728501e-01 2.256708953811987769e+06 1.000000000000000995e+02
7.830465404301183430e-01 2.386863607600595336e+06 1.000000000000000995e+02
7.976339067929273385e-01 2.523144923486907035e+06 1.000000000000000995e+02
8.124930210614047521e-01 2.665770725983966608e+06 1.000000000000000995e+02
8.276289456246344045e-01 2.814935677157427184e+06 9.999999999999994316e+01
8.430468371788967241e-01 2.970826822849842254e+06 1.000000000000000000e+02
8.587519484845170803e-01 3.133640136290658731e+06 9.999999999999994316e+01
8.747496301554414933e-01 3.303584437123058364e+06 1.000000000000000000e+02
8.910453324821513421e-01 3.480886217889498919e+06 9.999999999999994316e+01
9.076446072885356875e-01 3.665794095907093026e+06 9.999999999999990052e+01
9.245531098233570333e-01 3.858542116564859170e+06 9.999999999999990052e+01
9.417766006869519035e-01 4.059334363440781366e+06 9.999999999999994316e+01
9.593209477938241525e-01 4.268385806027891114e+06 1.000000000000000000e+02
9.771921283717996953e-01 4.485929943193276413e+06 1.000000000000000000e+02
9.953962309984233370e-01 4.712225407066550106e+06 9.999999999999994316e+01
1.013939457675291811e+00 4.947551412522414699e+06 1.000000000000000995e+02
1.032828125941028574e+00 5.192108183986128308e+06 1.000000000000000000e+02
1.052068671023622892e+00 5.446042927618320100e+06 1.000000000000000000e+02
1.071667648032863296e+00 5.709500024386215024e+06 1.000000000000000000e+02
1.091631734193614811e+00 5.982624874659154564e+06 1.000000000000000995e+02
1.111967731120699021e+00 6.265568293529869989e+06 1.000000000000000000e+02
1.132682567136153784e+00 6.558492028754170053e+06 1.000000000000000995e+02
1.153783299629660863e+00 6.861575557258125395e+06 1.000000000000000995e+02
1.175277117462945276e+00 7.175024332463841885e+06 1.000000000000000995e+02
1.197171343418965694e+00 7.499079674014329910e+06 1.000000000000000995e+02
1.219473436696737023e+00 7.834030514943851158e+06 1.000000000000000000e+02
1.242190995452616242e+00 8.180227250405257568e+06 1.000000000000000000e+02
1.265331759388941713e+00 8.538082250426905230e+06 1.000000000000000995e+02
1.288903612390891462e+00 8.907899463437212631e+06 1.000000000000000995e+02
1.312914585212463958e+00 9.289897070186838508e+06 1.000000000000000995e+02
1.337372858212495075e+00 9.684319995736975223e+06 1.000000000000000000e+02
1.362286764141645401e+00 1.009145219884230755e+07 1.000000000000000995e+02
1.387664790981307128e+00 1.051162886648213677e+07 9.999999999999994316e+01
1.413515584835394190e+00 1.094525075012994558e+07 1.000000000000000000e+02
1.439847952876006643e+00 1.139280092564567737e+07 1.000000000000000000e+02
1.466670866343967150e+00 1.185486430260557868e+07 1.000000000000000000e+02
1.493993463605256311e+00 1.233215026431085914e+07 1.000000000000000000e+02
1.521825053264385552e+00 1.282542402425954305e+07 1.000000000000000995e+02
1.550175117335768737e+00 1.333481278982188739e+07 1.000000000000000995e+02
1.579053314474174297e+00 1.386001207531348243e+07 1.000000000000000995e+02
1.608469483265355215e+00 1.440057163513567857e+07 1.000000000000000995e+02
1.638433645577983100e+00 1.495587938150999136e+07 1.000000000000000995e+02
1.668956009978023181e+00 1.552514233633844927e+07 1.000000000000000000e+02
1.700046975206716438e+00 1.610736664030674100e+07 1.000000000000000995e+02
1.731717133723352786e+00 1.670133679153270274e+07 1.000000000000000000e+02
1.763977275314043469e+00 1.730562092083449289e+07 9.999999999999994316e+01
1.796838390767719229e+00 1.791945186710398644e+07 1.000000000000000000e+02
1.830311675620611256e+00 1.854319521929783374e+07 9.999999999999994316e+01
1.864408533970485227e+00 1.917755605796456337e+07 1.000000000000000000e+02
1.899140582361933616e+00 1.982357634366408363e+07 1.000000000000000000e+02
1.934519653744044332e+00 2.048269658018730953e+07 1.000000000000000000e+02
1.970557801501798378e+00 2.115682554316972569e+07 1.000000000000000995e+02
2.007267303562568106e+00 2.184841554644721746e+07 1.000000000000000000e+02
2.044660666579115826e+00 2.255959229302569479e+07 1.000000000000000000e+02
2.082750630190514318e+00 2.329067999476042390e+07 1.000000000000000000e+02
2.121550171362450055e+00 2.404168821278062090e+07 1.000000000000000995e+02
2.161072508808376647e+00 2.481257202233165130e+07 1.000000000000000000e+02
2.201331107493030181e+00 2.560322855122722313e+07 9.999999999999994316e+01
2.242339683219845003e+00 2.641349372639494389e+07 1.000000000000000000e+02
2.284112207303823361e+00 2.724313930198478326e+07 1.000000000000000000e+02
2.326662911331458083e+00 2.809187025057758391e+07 9.999999999999994316e+01
2.370006292009327886e+00 2.895932260722202808e+07 1.000000000000000000e+02
2.414157116103017753e+00 2.984506186422175542e+07 1.000000000000000000e+02
2.459130425468043946e+00 3.074858202266907692e+07 9.999999999999994316e+01
2.504941542174502267e+00 3.166930551572444290e+07 1.000000000000000000e+02
2.551606073727183954e+00 3.260670207175935805e+07 1.000000000000000000e+02
2.599139918382932901e+00 3.356056404366020113e+07 1.000000000000000000e+02
2.647559270567066747e+00 3.453080295767827332e+07 1.000000000000000000e+02
2.696880626390692370e+00 3.551741518748156726e+07 1.000000000000000000e+02
2.747120789270811603e+00 3.652050618751744926e+07 1.000000000000000000e+02
2.798296875655115645e+00 3.754031799838653207e+07 1.000000000000000000e+02
2.850426320853434614e+00 3.857726035265043378e+07 1.000000000000000000e+02
2.903526884977813971e+00 3.963194575774636120e+07 1.000000000000000995e+02
2.957616658993253544e+00 4.070522899453945458e+07 1.000000000000000000e+02
3.012714070881164385e+00 4.179824797298514843e+07 1.000000000000000000e+02
3.068837891917642224e+00 4.291190882736173272e+07 1.000000000000000000e+02
3.126007243068700259e+00 4.404615129922287911e+07 1.000000000000000995e+02
3.184241601504649744e+00 4.520079462725967169e+07 1.000000000000000000e+02
3.243560807235807975e+00 4.637567778003367782e+07 1.000000000000000995e+02
3.303985069871854918e+00 4.757067256006285548e+07 1.000000000000000000e+02
3.365534975507090909e+00 4.878569879612571001e+07 1.000000000000000000e+02
3.428231493733967294e+00 5.002074183224014938e+07 1.000000000000000000e+02
3.492095984787267682e+00 5.127587254037509859e+07 1.000000000000000000e+02
3.557150206821382277e+00 5.255122876500353217e+07 1.000000000000000000e+02
3.623416323323146226e+00 5.384682125898648798e+07 1.000000000000000000e+02
3.690916910662774608e+00 5.516266466423328966e+07 1.000000000000000000e+02
3.759674965785463563e+00 5.649887730625999719e+07 1.000000000000000995e+02
3.829713914046277257e+00 5.785570669174826890e+07 1.000000000000001990e+02
3.901057617190989202e+00 5.923355818730535358e+07 1.000000000000000995e+02
3.973730381485604202e+00 6.063302731958930939e+07 1.000000000000000995e+02
4.047756965997318268e+00 6.205487461665135622e+07 1.000000000000000000e+02
4.123162591029748469e+00 6.349929491774169356e+07 1.000000000000000000e+02
4.199972946715301525e+00 6.496601800256362557e+07 1.000000000000000000e+02
4.278214201767612579e+00 6.645479363768606633e+07 1.000000000000000000e+02
4.357913012397025554e+00 6.796541697447778285e+07 1.000000000000000000e+02
4.439096531392166867e+00 6.949774623367902637e+07 1.000000000000000000e+02
4.521792417370697592e+00 7.105172288968540728e+07 1.000000000000000000e+02
4.606028844202397998e+00 7.262739459221015871e+07 1.000000000000000000e+02
4.691834510607794329e+00 7.422494108588095009e+07 9.999999999999994316e+01
4.779238649935595440e+00 7.584470341583463550e+07 9.999999999999994316e+01
4.868271040122278848e+00 7.748721674075527489e+07 9.999999999999994316e+01
4.958962013837211913e+00 7.915324711569251120e+07 9.999999999999994316e+01
5.051342468816761411e+00 8.084378511209452152e+07 1.000000000000000000e+02
5.145443878390924652e+00 8.255922577967697382e+07 1.000000000000000000e+02
5.241298302206056192e+00 8.429931684181685746e+07 9.999999999999994316e+01
5.338938397147350301e+00 8.606382439473243058e+07 1.000000000000000995e+02
5.438397428464796235e+00 8.785257376361627877e+07 1.000000000000000000e+02
5.539709281106400596e+00 8.966546899999912083e+07 1.000000000000000000e+02
5.642908471262536807e+00 9.150251502127677202e+07 1.000000000000000000e+02
5.748030158125351008e+00 9.336384264272707701e+07 1.000000000000000000e+02
5.855110155867238042e+00 9.524973677697351575e+07 9.999999999999994316e+01
5.964184945842459840e+00 9.716066810522951186e+07 1.000000000000000000e+02
6.075291689016070862e+00 9.909725938604769111e+07 1.000000000000000000e+02
6.188468238624382778e+00 1.010595645461390167e+08 1.000000000000000995e+02
6.303753153071275150e+00 1.030472301941709965e+08 9.999999999999994316e+01
6.421185709064758385e+00 1.050599500954402834e+08 1.000000000000000995e+02
6.540805914998252923e+00 1.070974920366601497e+08 1.000000000000000995e+02
6.662654524581149929e+00 1.091597200305977613e+08 1.000000000000000000e+02
6.786773050723295064e+00 1.112466194044963717e+08 1.000000000000000000e+02
6.913203779678127603e+00 1.133583250384867638e+08 1.000000000000000000e+02
7.041989785449288775e+00 1.154951466553124785e+08 1.000000000000000995e+02
7.173174944465612768e+00 1.176571794871123880e+08 1.000000000000000995e+02
7.306803950529499936e+00 1.198439766296433806e+08 1.000000000000000995e+02
7.442922330043757917e+00 1.220550970196544379e+08 1.000000000000000995e+02
7.581576457522110069e+00 1.242901822800410390e+08 1.000000000000000995e+02
7.722813571388642551e+00 1.265489809623292536e+08 1.000000000000000995e+02
7.866681790071582192e+00 1.288313758412296623e+08 1.000000000000000000e+02
8.013230128396878982e+00 1.311374143722797483e+08 1.000000000000000000e+02
8.162508514287219796e+00 1.334670396764729768e+08 1.000000000000000000e+02
8.314567805772055564e+00 1.358194031997475326e+08 1.000000000000000995e+02
8.469459808314576676e+00 1.381934991624806225e+08 1.000000000000000995e+02
8.627237292461440887e+00 1.405883428107157648e+08 1.000000000000000000e+02
8.787954011821311084e+00 1.430029889667668641e+08 1.000000000000000000e+02
8.951664721378293166e+00 1.454365531296642423e+08 1.000000000000000995e+02
9.118425196146562328e+00 1.478882353373165429e+08 1.000000000000000000e+02
9.288292250172489162e+00 1.503573470161345005e+08 1.000000000000000995e+02
9.461323755890759912e+00 1.528433410598906279e+08 1.000000000000000000e+02
9.637578663841079418e+00 1.553458453985947371e+08 1.000000000000000000e+02
9.817117022752183786e+00 1.578647003407535851e+08 1.000000000000000000e+02
1.000000000000000000e+01 1.604000000000000000e+08 1.000000000000000000e+02
