# Source: PRIMAT compilation, https://doi.org/10.1016/j.physrep.2018.04.005
1.000000000000000021e-03 9.999999999999999957e-71 3.000000000000000000e+00
1.018628990244687619e-03 9.976112652310712252e-71 3.000000000000000000e+00
1.037605019766911670e-03 9.953219313549862928e-71 3.000000000000000000e+00
1.056934553557988335e-03 9.931354969390649173e-71 2.999999999999999556e+00
1.076624177045493267e-03 9.910554658379526600e-71 2.999999999999999556e+00
1.096680598336868600e-03 9.890853399114891140e-71 3.000000000000000000e+00
1.117110650504824203e-03 9.872286108800996029e-71 2.999999999999999556e+00
1.137921293915315117e-03 9.854887512225156392e-71 2.999999999999999556e+00
1.159119618598885779e-03 9.838692040102977665e-71 3.000000000000000000e+00
1.180712846666190276e-03 9.823733715629953689e-71 3.000000000000000444e+00
1.202708334768511989e-03 9.810046027947839901e-71 3.000000000000000000e+00
1.225113576604118949e-03 9.797661791111534297e-71 2.999999999999999556e+00
1.247936205471311460e-03 9.786612986993363660e-71 2.999999999999999112e+00
1.271183996869028896e-03 9.776930590398342141e-71 3.000000000000000888e+00
1.294864871145904933e-03 9.768644374512351205e-71 3.000000000000000000e+00
1.318986896198670470e-03 9.761782694595328838e-71 3.000000000000000888e+00
1.343558290220826226e-03 9.756372247667725256e-71 3.000000000000000000e+00
1.368587424502519176e-03 9.752437805688130886e-71 2.999999999999999556e+00
1.394082826282578647e-03 9.750001919534205420e-71 3.000000000000000000e+00
1.420053181653683095e-03 9.749084590825407083e-71 3.000000000000000888e+00
1.446507338521647217e-03 9.749702908396711999e-71 2.999999999999999556e+00
1.473454309619835756e-03 9.751870645948230083e-71 3.000000000000000444e+00
1.500903275579736594e-03 9.755597817139249710e-71 3.000000000000000000e+00
1.528863588058731147e-03 9.760890184086632918e-71 3.000000000000000000e+00
1.557344772926135207e-03 9.767748714963894132e-71 3.000000000000000444e+00
1.586356533508589657e-03 9.776168986080471289e-71 3.000000000000000444e+00
1.615908753895919101e-03 9.786140523556591543e-71 3.000000000000000000e+00
1.646011502308549748e-03 9.797646079422292491e-71 3.000000000000000000e+00
1.676675034527699143e-03 9.810660836729912693e-71 3.000000000000000000e+00
1.707909797389426916e-03 9.825151538033843531e-71 3.000000000000000888e+00
1.739726432343800767e-03 9.841075531445274161e-71 3.000000000000000444e+00
1.772135779080358372e-03 9.858379728341168588e-71 3.000000000000000000e+00
1.805148879221108154e-03 9.876999466815778449e-71 2.999999999999999556e+00
1.838776980082326793e-03 9.896857275035070530e-71 2.999999999999999556e+00
1.873031538506436536e-03 9.917861528921537112e-71 3.000000000000000888e+00
1.907924224765265072e-03 9.939904999003856934e-71 2.999999999999999556e+00
1.943466926536020246e-03 9.962863281925022521e-71 2.999999999999999556e+00
1.979671752951332481e-03 9.986593113046502299e-71 3.000000000000000000e+00
2.016551038724746607e-03 1.001093055782664131e-70 2.999999999999999556e+00
2.054117348353064112e-03 1.003568908136699060e-70 3.000000000000000444e+00
2.092383480396977150e-03 1.006065749766482607e-70 3.000000000000000000e+00
2.131362471841437810e-03 1.008559780286503392e-70 3.000000000000000000e+00
2.171067602537264923e-03 1.011024290023895829e-70 3.000000000000000000e+00
2.211512399725488933e-03 1.013429422884448857e-70 2.999999999999999556e+00
2.252710642645980484e-03 1.015741931294181084e-70 3.000000000000000000e+00
2.294676367231936100e-03 1.017924925546608248e-70 3.000000000000000000e+00
2.337423870891814758e-03 1.019937620618299820e-70 3.000000000000000000e+00
2.380967717380358135e-03 1.021735084389718502e-70 2.999999999999999556e+00
2.425322741760352948e-03 1.023267992220857594e-70 3.000000000000000444e+00
2.470504055456825433e-03 1.024482394006443246e-70 2.999999999999999556e+00
2.516527051405391836e-03 1.025319501177002726e-70 3.000000000000000444e+00
2.563407409296514835e-03 1.025715502628841353e-70 3.000000000000000444e+00
2.611161100917459583e-03 1.025601420255138205e-70 3.000000000000000000e+00
2.659804395593758260e-03 1.024903016609479221e-70 3.000000000000000444e+00
2.709353865732051433e-03 1.023540769236909142e-70 2.999999999999999556e+00
2.759826392466180594e-03 1.021429928327591554e-70 3.000000000000000888e+00
2.811239171408464344e-03 1.018480676529858789e-70 3.000000000000000000e+00
2.863609718508115885e-03 1.014598411928489590e-70 3.000000000000000444e+00
2.916955876018795853e-03 1.009684177244167597e-70 2.999999999999999556e+00
2.971295818577334054e-03 1.003635260107603411e-70 3.000000000000000444e+00
3.026648059395692196e-03 9.963534595564309032e-71 3.000000000000000444e+00
3.083031456568277075e-03 9.879327673474952387e-71 3.000000000000000000e+00
3.140465219496752208e-03 9.786892065697252809e-71 2.999999999999999556e+00
3.198968915434537586e-03 9.689770973859122258e-71 3.000000000000000000e+00
3.258562476153226226e-03 9.591786796498165423e-71 3.000000000000000444e+00
3.319266204733189573e-03 9.497042700631470116e-71 3.000000000000000888e+00
3.381100782480685445e-03 9.409940202918552958e-71 3.000000000000000444e+00
3.444087275973823411e-03 9.335218410686889751e-71 3.000000000000000000e+00
3.508247144239792347e-03 9.278021935480876959e-71 3.000000000000000000e+00
3.573602246065788347e-03 9.244006484374327571e-71 3.000000000000000000e+00
3.640174847446141400e-03 9.239494090672598176e-71 2.999999999999999556e+00
3.707987629168172684e-03 9.271694365974276534e-71 2.999999999999999556e+00
3.777063694539364597e-03 9.349014802758816233e-71 2.999999999999999556e+00
3.847426577258505898e-03 9.481493215048510488e-71 2.999999999999999556e+00
3.919100249433401899e-03 9.681400746672476201e-71 3.000000000000000444e+00
3.992109129748053209e-03 9.964087515923742672e-71 3.000000000000000444e+00
4.066478091781853925e-03 1.034436312923053000e-70 3.000000000000000000e+00
4.142232472483897525e-03 1.081288365871508950e-70 2.999999999999999556e+00
4.219398080805024202e-03 1.134607728410295048e-70 3.000000000000000000e+00
4.298001206490798497e-03 1.191111021739705188e-70 3.000000000000000444e+00
4.378068629038166758e-03 1.246308285560546929e-70 2.999999999999999556e+00
4.459627626819095622e-03 1.294329466455116756e-70 3.000000000000000000e+00
4.542705986374042521e-03 1.327975595527804496e-70 3.000000000000000444e+00
4.627332011878692967e-03 1.339139709613484850e-70 3.000000000000000000e+00
4.713534534786906725e-03 1.319730105080166075e-70 3.000000000000000000e+00
4.801342923653449841e-03 1.263139313551433382e-70 2.999999999999999112e+00
4.890787094139589959e-03 1.166109608111444725e-70 3.000000000000000000e+00
4.981897519205159656e-03 1.030566615212455601e-70 2.999999999999999556e+00
5.074705239490466188e-03 8.668696728716072047e-71 3.000000000000000000e+00
5.169241873891598608e-03 7.026486126541816848e-71 2.999999999999999556e+00
5.265539630332755246e-03 5.612707020270335482e-71 3.000000000000000000e+00
5.363631316739239652e-03 4.530843122155333621e-71 3.000000000000000444e+00
5.463550352214875498e-03 3.801351868482956590e-71 3.000000000000000000e+00
5.565330778427646403e-03 3.419684841252102750e-71 3.000000000000000000e+00
5.669007271207434327e-03 3.414463432967310409e-71 2.999999999999999556e+00
5.774615152359819509e-03 3.931179297864981390e-71 3.000000000000000000e+00
5.882190401699956099e-03 5.443273509940830567e-71 2.999999999999999556e+00
5.991769669310619169e-03 9.493662394458084733e-71 3.000000000000000000e+00
6.103390288028621123e-03 2.141211874092873585e-70 3.000000000000000000e+00
6.217090286163826779e-03 5.663523474696088024e-70 2.999999999999999556e+00
6.332908400455114321e-03 1.511677754729381792e-69 3.000000000000000000e+00
6.450884089267692675e-03 3.442505159655155228e-69 3.000000000000000444e+00
6.571057546036270826e-03 5.548574396221222580e-69 3.000000000000000000e+00
6.693469712958660493e-03 5.144350364344375661e-69 3.000000000000000444e+00
6.818162294944479437e-03 2.181132920128894972e-69 3.000000000000000888e+00
6.945177773823696388e-03 3.282960545694542174e-70 3.000000000000000888e+00
7.074559422819878297e-03 1.373705201255043628e-71 3.000000000000000888e+00
7.206351321293052656e-03 2.196539937611151288e-73 3.000000000000000000e+00
7.340598369757212090e-03 3.158637687160742438e-75 3.000000000000000000e+00
7.477346305177588227e-03 1.079272727395950536e-76 3.000000000000000888e+00
7.616641716552892058e-03 2.584931875772282785e-77 2.999999999999999112e+00
7.758532060787835978e-03 1.441775096061816272e-76 3.000000000000000000e+00
7.903065678861348128e-03 7.072500854957708056e-74 3.000000000000000444e+00
8.050291812295981564e-03 1.271897850747629555e-68 3.000000000000000000e+00
8.200260619934130954e-03 3.968098041479878213e-61 2.999999999999999556e+00
8.353023195026778799e-03 2.404948395345944939e-53 3.000000000000000000e+00
8.508631582640582489e-03 1.365592293306784871e-47 3.000000000000000000e+00
8.667138797389234081e-03 1.912153618305345540e-46 3.000000000000000888e+00
8.828598841495149604e-03 9.042512908544372741e-53 3.000000000000000000e+00
8.993066723187623582e-03 9.780474254154508350e-70 3.000000000000000000e+00
9.160598475443709407e-03 1.096227857639021648e-99 2.999999999999999556e+00
9.331251175078249249e-03 8.336871894920128314e-140 2.999999999999999112e+00
9.505082962189511861e-03 2.434568646012362257e-185 3.000000000000000000e+00
9.682153059967075343e-03 5.825909890761675535e-231 2.999999999999999556e+00
9.862521794868784469e-03 1.022506647758968701e-270 2.999999999999999112e+00
1.004625061717340749e-02 5.185677655564623652e-298 2.999999999999999112e+00
1.023340212191641702e-02 4.564990647378055132e-309 3.000000000000000000e+00
1.042404007021556327e-02 8.595238400781107373e-307 2.999999999999998668e+00
1.061822941099384125e-02 2.521963409099324514e-295 2.999999999999999112e+00
1.081603630310709954e-02 2.533181527045873470e-279 2.999999999999998668e+00
1.101752813788386791e-02 5.244004901810681414e-264 3.000000000000000444e+00
1.122277356208507652e-02 1.336814786221851032e-253 3.000000000000000444e+00
1.143184250129149725e-02 1.067861249168203229e-247 2.999999999999999556e+00
1.164480618372686072e-02 8.124879104351760159e-245 2.999999999999999556e+00
1.186173716452478509e-02 2.745364013424773082e-243 3.000000000000000444e+00
1.208270935044776506e-02 2.899069119080685984e-241 2.999999999999999556e+00
1.230779802506665188e-02 9.888146995927398933e-238 3.000000000000000000e+00
1.253707987440920262e-02 4.557397447768571274e-233 2.999999999999999112e+00
1.277063301308643990e-02 8.141575522093729069e-228 2.999999999999999556e+00
1.300853701090571267e-02 1.390243299351971132e-222 2.999999999999999556e+00
1.325087291997953214e-02 6.939548595630219502e-218 2.999999999999998668e+00
1.349772330233941706e-02 1.098105849379696395e-213 2.999999999999999112e+00
1.374917225806419029e-02 8.373087918823708271e-210 2.999999999999999112e+00
1.400530545393219653e-02 4.927489476474254708e-206 2.999999999999999112e+00
1.426621015260736910e-02 3.356264049187233669e-202 2.999999999999999556e+00
1.453197524236895383e-02 2.591861585241401679e-198 3.000000000000000000e+00
1.480269126739508674e-02 1.977715228507330644e-194 3.000000000000000000e+00
1.507845045861051086e-02 1.280294739814198007e-190 3.000000000000000000e+00
1.535934676510897039e-02 6.388366381049965380e-187 3.000000000000000000e+00
1.564547588616095955e-02 2.527283435156524339e-183 3.000000000000000888e+00
1.593693530381774456e-02 8.307824853336992520e-180 3.000000000000000444e+00
1.623382431612278159e-02 2.381620770270623194e-176 2.999999999999999556e+00
1.653624407094180307e-02 6.035848060066249083e-173 2.999999999999999556e+00
1.684429760042315330e-02 1.347368979023700101e-169 2.999999999999999112e+00
1.715808985610004986e-02 2.640195502248900733e-166 3.000000000000000000e+00
1.747772774464680795e-02 4.527817141601220941e-163 2.999999999999999556e+00
1.780332016430113962e-02 6.778824661184667477e-160 2.999999999999999556e+00
1.813497804196495186e-02 8.842826872133381908e-157 3.000000000000000000e+00
1.847281437099634188e-02 1.005104394891859468e-153 3.000000000000000000e+00
1.881694424970555696e-02 9.980813497360996985e-151 2.999999999999999556e+00
1.916748492056815148e-02 8.692550688753756416e-148 3.000000000000000000e+00
1.952455581016860828e-02 6.674044642680903232e-145 3.000000000000000444e+00
1.988827856988809734e-02 4.546951367036383120e-142 3.000000000000000000e+00
2.025877711735016989e-02 2.769066040468572511e-139 3.000000000000000888e+00
2.063617767863858837e-02 1.510125465612172920e-136 3.000000000000000000e+00
2.102060883130158278e-02 7.362861827381798934e-134 3.000000000000000000e+00
2.141220154815729262e-02 3.205626939727362964e-131 3.000000000000000444e+00
2.181108924191518805e-02 1.245462977648156888e-128 3.000000000000000444e+00
2.221740781062883641e-02 4.318035770986177142e-126 3.000000000000000000e+00
2.263129568399528321e-02 1.336786056037840237e-123 2.999999999999999556e+00
2.305289387051707301e-02 3.700571551298155811e-121 3.000000000000000000e+00
2.348234600554275145e-02 9.180794395040036854e-119 3.000000000000000000e+00
2.391979840020238418e-02 2.047710808514867127e-116 3.000000000000000000e+00
2.436540009125464853e-02 4.123297587923397406e-114 2.999999999999999112e+00
2.481930289186254010e-02 7.535291017539842217e-112 2.999999999999999112e+00
2.528166144331499277e-02 1.257500689796663420e-109 3.000000000000000000e+00
2.575263326771199887e-02 1.921061884466778972e-107 3.000000000000000000e+00
2.623237882163122203e-02 2.685087252684863077e-105 3.000000000000000000e+00
2.672106155079433804e-02 3.433103655552748286e-103 2.999999999999999556e+00
2.721884794575178332e-02 4.016835399878571628e-101 2.999999999999999112e+00
2.772590759860482645e-02 4.304881740033571301e-99 2.999999999999999556e+00
2.824241326078434297e-02 4.232635775803507913e-97 2.999999999999999556e+00
2.876854090190592711e-02 3.826793869884290966e-95 2.999999999999999112e+00
2.930446976972142861e-02 3.191362736528989821e-93 2.999999999999999556e+00
2.985038245118730796e-02 2.464621130176876118e-91 3.000000000000000000e+00
3.040646493467067182e-02 1.770373301227706313e-89 2.999999999999999556e+00
3.097290667331408301e-02 1.183490084874583213e-87 2.999999999999999556e+00
3.154990064958086704e-02 7.351067935658118120e-86 2.999999999999999556e+00
3.213764344100276948e-02 4.236701530878731661e-84 2.999999999999999556e+00
3.273633528715245988e-02 2.263250182404421798e-82 3.000000000000000000e+00
3.334618015786364187e-02 1.119814236057449187e-80 3.000000000000000000e+00
3.396738582272208068e-02 5.129941805527412777e-79 3.000000000000000000e+00
3.460016392185108480e-02 2.175992699460289073e-77 3.000000000000000444e+00
3.524473003801584237e-02 8.550814078737307320e-76 3.000000000000000444e+00
3.590130377007068330e-02 3.116099504935184744e-74 3.000000000000000444e+00
3.657010880777489259e-02 1.054782758452964915e-72 2.999999999999999112e+00
3.725137300800209633e-02 3.323735994226133419e-71 3.000000000000000444e+00
3.794532847236938011e-02 9.778273953386301923e-70 2.999999999999999112e+00
3.865221162631261864e-02 2.695599747211561760e-68 2.999999999999999112e+00
3.937226329963479377e-02 6.994345081685392234e-67 3.000000000000000000e+00
4.010572880855495931e-02 1.717373677024536466e-65 3.000000000000000000e+00
4.085285803928561527e-02 4.007534180908534888e-64 3.000000000000000000e+00
4.161390553316707264e-02 8.884530616087870183e-63 2.999999999999999556e+00
4.238913057338778573e-02 1.869455764465118428e-61 3.000000000000000000e+00
4.317879727332021161e-02 3.730711827971619847e-60 3.000000000000000000e+00
4.398317466650223523e-02 7.057346806301231613e-59 3.000000000000000000e+00
4.480253679829489938e-02 1.265200195807178387e-57 3.000000000000000000e+00
4.563716281924758839e-02 2.149663336331699021e-56 2.999999999999999112e+00
4.648733708020256344e-02 3.462942451765673467e-55 3.000000000000000000e+00
4.735334922917116413e-02 5.293149377023012920e-54 3.000000000000001332e+00
4.823549431001467047e-02 7.685714465092609137e-53 3.000000000000000444e+00
4.913407286296361809e-02 1.061835553297372898e-51 3.000000000000000444e+00
5.004939102700953213e-02 1.398777131509428193e-50 3.000000000000000444e+00
5.098176064420424647e-02 1.760358457736914126e-49 3.000000000000000444e+00
5.193149936590212012e-02 2.116439166097539985e-48 3.000000000000000888e+00
5.289893076098151070e-02 2.430184972908353911e-47 3.000000000000001332e+00
5.388438442608223938e-02 2.664930451031608147e-46 3.000000000000000444e+00
5.488819609789671872e-02 2.791571734718103772e-45 3.000000000000000444e+00
5.591070776755290017e-02 2.794881489735475124e-44 3.000000000000000888e+00
5.695226779712821846e-02 2.676767963450170657e-43 3.000000000000000000e+00
5.801323103833375128e-02 2.455456760770004647e-42 3.000000000000001332e+00
5.909395895340967958e-02 2.160956269147654683e-41 3.000000000000000444e+00
6.019481973827271043e-02 1.828360662875505659e-40 2.999999999999999556e+00
6.131618844795772016e-02 1.489771185538865078e-39 3.000000000000000444e+00
6.245844712439614643e-02 1.168982309636744811e-38 3.000000000000000444e+00
6.362198492657485105e-02 8.832309168208231326e-38 3.000000000000000000e+00
6.480719826311967524e-02 6.426286410068157325e-37 2.999999999999999556e+00
6.601449092734885948e-02 4.504134871541520596e-36 2.999999999999999556e+00
6.724427423484245769e-02 3.042913914126961948e-35 3.000000000000000444e+00
6.849696716357443760e-02 1.983278528129614642e-34 3.000000000000000000e+00
6.977299649665534564e-02 1.248597239480048239e-33 3.000000000000000444e+00
7.107279696773415034e-02 7.603310531646877900e-33 3.000000000000000000e+00
7.239681140910873836e-02 4.480006719942897678e-32 2.999999999999999556e+00
7.374549090259549522e-02 2.554174357939268084e-31 3.000000000000000888e+00
7.511929493320965157e-02 1.409304890782326651e-30 3.000000000000000000e+00
7.651869154570821452e-02 7.528784518422879451e-30 3.000000000000000000e+00
7.794415750404946885e-02 3.896723108825497556e-29 3.000000000000000444e+00
7.939617845382279659e-02 1.955849204637912932e-28 3.000000000000000444e+00
8.087524908770453436e-02 9.531097645904832558e-28 3.000000000000001332e+00
8.238187331399605962e-02 4.512105186850350048e-27 3.000000000000000000e+00
8.391656442830157381e-02 2.075341454006472049e-26 3.000000000000001332e+00
8.547984528840409102e-02 9.276665863885970005e-26 3.000000000000000444e+00
8.707224849239916797e-02 4.031748126641732921e-25 3.000000000000000000e+00
8.869431656014709064e-02 1.704901943067671259e-24 3.000000000000000000e+00
9.034660211810524588e-02 7.021380214391755740e-24 3.000000000000000000e+00
9.202966808760409956e-02 2.818388981638215663e-23 2.999999999999999556e+00
9.374408787662991127e-02 1.102678475356783487e-22 3.000000000000000000e+00
9.549044557518077125e-02 4.205248100575763822e-22 2.999999999999999556e+00
9.726933615426168467e-02 1.563596581494952620e-21 2.999999999999999556e+00
9.908136566858666283e-02 5.670502534545348297e-21 3.000000000000000444e+00
1.009271514630570854e-01 2.006943114222729332e-20 2.999999999999999556e+00
1.028073223830864719e-01 6.935289819845209126e-20 3.000000000000000444e+00
1.047225189888434382e-01 2.340692595066788635e-19 3.000000000000000000e+00
1.066733937734857113e-01 7.719325834448578300e-19 3.000000000000000000e+00
1.086606113854596822e-01 2.489197046018171761e-18 3.000000000000000000e+00
1.106848488549412035e-01 7.855312868709053624e-18 2.999999999999999556e+00
1.127467958244946084e-01 2.427566260080836097e-17 3.000000000000000444e+00
1.148471547840289042e-01 7.347342471613407403e-17 3.000000000000000000e+00
1.169866413101306873e-01 2.178322439348243878e-16 3.000000000000000000e+00
1.191659843098558796e-01 6.328370177691756989e-16 2.999999999999999556e+00
1.213859262690627772e-01 1.802367533096267013e-15 3.000000000000000444e+00
1.236472235053715091e-01 5.033735883945747726e-15 3.000000000000000000e+00
1.259506464258357550e-01 1.378756654131063713e-14 2.999999999999999112e+00
1.282969797894147612e-01 3.704623701843217011e-14 3.000000000000000444e+00
1.306870229743346268e-01 9.768582224864867279e-14 2.999999999999998668e+00
1.331215902504307713e-01 2.528932988071239013e-13 3.000000000000000000e+00
1.356015110565633452e-01 6.430159315620693295e-13 2.999999999999999556e+00
1.381276302832009362e-01 1.606574757180059392e-12 2.999999999999999556e+00
1.407008085602685088e-01 3.946943733195011485e-12 2.999999999999999112e+00
1.433219225503573890e-01 9.538913124931893693e-12 2.999999999999999112e+00
1.459918652473978506e-01 2.267584184960331025e-11 2.999999999999999556e+00
1.487115462808953625e-01 5.301587201153137262e-11 3.000000000000000444e+00
1.514818922258345801e-01 1.219046154354658427e-10 3.000000000000000000e+00
1.543038469183564687e-01 2.757632735239676929e-10 3.000000000000000000e+00
1.571783717773162781e-01 6.140892091503708353e-10 3.000000000000000444e+00
1.601064461318317811e-01 1.347282953026747368e-09 3.000000000000000000e+00
1.630890675549332702e-01 2.914401940082526305e-09 3.000000000000000000e+00
1.661272522034293042e-01 6.216263411967379902e-09 3.000000000000000000e+00
1.692220351641037235e-01 1.307306008148535694e-08 3.000000000000000444e+00
1.723744708063619790e-01 2.710855266344282175e-08 3.000000000000000444e+00
1.755856331414468730e-01 5.543301888629340404e-08 3.000000000000000444e+00
1.788566161883461958e-01 1.118042683026965336e-07 3.000000000000000444e+00
1.821885343465165230e-01 2.224900340093339259e-07 3.000000000000000888e+00
1.855825227755517060e-01 4.369432736193050240e-07 3.000000000000000000e+00
1.890397377819219571e-01 8.470118564624742932e-07 3.000000000000000444e+00
1.925613572129196704e-01 1.621192582879427745e-06 2.999999999999999556e+00
1.961485808579429280e-01 3.065065081312308201e-06 3.000000000000000000e+00
1.998026308572548593e-01 5.727134018241890722e-06 3.000000000000000444e+00
2.035247521183575770e-01 1.058177138579486749e-05 3.000000000000000000e+00
2.073162127401229071e-01 1.933304145833414058e-05 2.999999999999999556e+00
2.111783044448242164e-01 3.492224123011096199e-05 2.999999999999999556e+00
2.151123430182164953e-01 6.236289788130180371e-05 2.999999999999999556e+00
2.191196687578147451e-01 1.100931476956251302e-04 2.999999999999999112e+00
2.232016469295232397e-01 1.921409519952482173e-04 2.999999999999999112e+00
2.273596682327715113e-01 3.315525483286034286e-04 2.999999999999999556e+00
2.315951492743152096e-01 5.657692116038329092e-04 2.999999999999999556e+00
2.359095330508633737e-01 9.549939154489447404e-04 3.000000000000000888e+00
2.403042894406967056e-01 1.595137121958569706e-03 2.999999999999999556e+00
2.447809157044440187e-01 2.637784639490418741e-03 3.000000000000000444e+00
2.493409369951877785e-01 4.320984481143697736e-03 3.000000000000000000e+00
2.539859068780723761e-01 7.016117053253140279e-03 2.999999999999999556e+00
2.587174078595921300e-01 1.129334331565108596e-02 3.000000000000000888e+00
2.635370519267393186e-01 1.801846795357694639e-02 3.000000000000000444e+00
2.684464810961962322e-01 2.849437038067114542e-02 2.999999999999999556e+00
2.734473679737579599e-01 4.466248585698799622e-02 3.000000000000000888e+00
2.785414163241766161e-01 6.938871681561349647e-02 3.000000000000000444e+00
2.837303616516211324e-01 1.068665215072873848e-01 3.000000000000000444e+00
2.890159717909508430e-01 1.631826113639103237e-01 3.000000000000000444e+00
2.944000475100033709e-01 2.471090495892450944e-01 3.000000000000000888e+00
2.998844231231027613e-01 3.712127136354391177e-01 3.000000000000000444e+00
3.054709671159968054e-01 5.533679894722995929e-01 3.000000000000000444e+00
3.111615827824359970e-01 8.186110526636841689e-01 3.000000000000000000e+00
3.169582088726115021e-01 1.201731354212751013e+00 2.999999999999999556e+00
3.228628202536730218e-01 1.750718973401945711e+00 3.000000000000000000e+00
3.288774285825510346e-01 2.531273370161258640e+00 3.000000000000000444e+00
3.350040829913132900e-01 3.632729217276471800e+00 3.000000000000000000e+00
3.412448707852889229e-01 5.175854393643501083e+00 2.999999999999999556e+00
3.476019181541977754e-01 7.323155533870159495e+00 2.999999999999999556e+00
3.540773908965269556e-01 1.029240534232000925e+01 2.999999999999999556e+00
3.606734951574028236e-01 1.437123455412931250e+01 3.000000000000000888e+00
3.673924781802074269e-01 1.993549344188690142e+01 3.000000000000000444e+00
3.742366290721980682e-01 2.747435939562869223e+01 3.000000000000000444e+00
3.812082795843887983e-01 3.762062661148433307e+01 3.000000000000000888e+00
3.883098049059605095e-01 5.118853130938311580e+01 3.000000000000000444e+00
3.955436244734701345e-01 6.922134335434961372e+01 3.000000000000000000e+00
4.029122027951347884e-01 9.305154286394764540e+01 3.000000000000000444e+00
4.104180502904709038e-01 1.243616605128219419e+02 2.999999999999999112e+00
4.180637241455757991e-01 1.652472829330463355e+02 2.999999999999999556e+00
4.258518291843414461e-01 2.183144342108702745e+02 3.000000000000000000e+00
4.337850187558989212e-01 2.867892668101810614e+02 3.000000000000000000e+00
4.418659956385941334e-01 3.746501994880920279e+02 2.999999999999999556e+00
4.500975129608046355e-01 4.867905440114213889e+02 3.000000000000000444e+00
4.584823751389096036e-01 6.291964497181138540e+02 2.999999999999999556e+00
4.670234388327330621e-01 8.090682367689631747e+02 2.999999999999999556e+00
4.757236139187884794e-01 1.035057727410677217e+03 2.999999999999999112e+00
4.845858644816490868e-01 1.317547928020628888e+03 3.000000000000000000e+00
4.936132098237911991e-01 1.668977023147698674e+03 2.999999999999999556e+00
5.028087254942474882e-01 2.104238399096062494e+03 3.000000000000000000e+00
5.121755443364236493e-01 2.640907002340978124e+03 2.999999999999999556e+00
5.217168575554343990e-01 3.299246457904724139e+03 3.000000000000000888e+00
5.314359158053235666e-01 4.102725338817272132e+03 3.000000000000000000e+00
5.413360302965375404e-01 5.078431436161237798e+03 3.000000000000000000e+00
5.514205739240296555e-01 6.257512181674803287e+03 3.000000000000000444e+00
5.616929824163804374e-01 7.675693162375691827e+03 2.999999999999999556e+00
5.721567555063246102e-01 9.373911167795928122e+03 3.000000000000000444e+00
5.828154581230839959e-01 1.139911408982839566e+04 3.000000000000000444e+00
5.936727216069119795e-01 1.380530091371460367e+04 2.999999999999999112e+00
6.047322449462643190e-01 1.665483373799506444e+04 3.000000000000000000e+00
6.159977960380161877e-01 2.001744454319586657e+04 2.999999999999999112e+00
6.274732129711574347e-01 2.396866194372034442e+04 2.999999999999999556e+00
6.391624053343999412e-01 2.859187831952061970e+04 2.999999999999999112e+00
6.510693555481454897e-01 3.397906709401206899e+04 3.000000000000000000e+00
6.631981202212668958e-01 4.023151691667350678e+04 3.000000000000000444e+00
6.755528315331639222e-01 4.746081006710582005e+04 3.000000000000000000e+00
6.881376986415662644e-01 5.579016760658002750e+04 2.999999999999999556e+00
7.009570091165617800e-01 6.535632173766186315e+04 3.000000000000000444e+00
7.140151304013395706e-01 7.630901340695508406e+04 3.000000000000000444e+00
7.273165113001454074e-01 8.880332396093705029e+04 3.000000000000000888e+00
7.408656834939559843e-01 1.030034387311399041e+05 3.000000000000000888e+00
7.546672630843886953e-01 1.190847221622191137e+05 3.000000000000000888e+00
7.687259521663728501e-01 1.372348923205246683e+05 3.000000000000000000e+00
7.830465404301183430e-01 1.576558908697851584e+05 3.000000000000000444e+00
7.976339067929273385e-01 1.805667146838752960e+05 3.000000000000000444e+00
8.124930210614047521e-01 2.062040357089586614e+05 3.000000000000000000e+00
8.276289456246344045e-01 2.348023934351400239e+05 3.000000000000000000e+00
8.430468371788967241e-01 2.665975791287755128e+05 3.000000000000000000e+00
8.587519484845170803e-01 3.018339225872381940e+05 2.999999999999999556e+00
8.747496301554414933e-01 3.407659146296430845e+05 3.000000000000000000e+00
8.910453324821513421e-01 3.836610251015059184e+05 2.999999999999999112e+00
9.076446072885356875e-01 4.308034255999327288e+05 2.999999999999999112e+00
9.245531098233570333e-01 4.824784756556634675e+05 2.999999999999999556e+00
9.417766006869519035e-01 5.389621011020080186e+05 2.999999999999999556e+00
9.593209477938241525e-01 6.005386332377981162e+05 3.000000000000000444e+00
9.771921283717996953e-01 6.675069068563776091e+05 3.000000000000000000e+00
9.953962309984233370e-01 7.401877104476318927e+05 3.000000000000000444e+00
1.013939457675291811e+00 8.189240423465726199e+05 3.000000000000000888e+00
1.032828125941028574e+00 9.040001984733256977e+05 3.000000000000001332e+00
1.052068671023622892e+00 9.956468361395489192e+05 3.000000000000000000e+00
1.071667648032863296e+00 1.094074275087425020e+06 3.000000000000000000e+00
1.091631734193614811e+00 1.199473214282824425e+06 3.000000000000000888e+00
1.111967731120699021e+00 1.312016822780302027e+06 3.000000000000000000e+00
1.132682567136153784e+00 1.431864911267191172e+06 3.000000000000000888e+00
1.153783299629660863e+00 1.559170586174953962e+06 3.000000000000000444e+00
1.175277117462945276e+00 1.694089810431326739e+06 3.000000000000000444e+00
1.197171343418965694e+00 1.836794320405792678e+06 3.000000000000000444e+00
1.219473436696737023e+00 1.987488383190121036e+06 3.000000000000000000e+00
1.242190995452616242e+00 2.146429930481047835e+06 3.000000000000000444e+00
1.265331759388941713e+00 2.313936150193085894e+06 3.000000000000000444e+00
1.288903612390891462e+00 2.490156937369670253e+06 3.000000000000000888e+00
1.312914585212463958e+00 2.675072517657289281e+06 3.000000000000000000e+00
1.337372858212495075e+00 2.868623665802896488e+06 3.000000000000000888e+00
1.362286764141645401e+00 3.070720065185907762e+06 3.000000000000000444e+00
1.387664790981307128e+00 3.281248731014340185e+06 2.999999999999999556e+00
1.413515584835394190e+00 3.500085317606613506e+06 3.000000000000000000e+00
1.439847952876006643e+00 3.727108609063814860e+06 2.999999999999999556e+00
1.466670866343967150e+00 3.962218491658790968e+06 3.000000000000000444e+00
1.493993463605256311e+00 4.205357713467287831e+06 3.000000000000000444e+00
1.521825053264385552e+00 4.456502200997442007e+06 3.000000000000000444e+00
1.550175117335768737e+00 4.715412038805536926e+06 3.000000000000000444e+00
1.579053314474174297e+00 4.981707787429882213e+06 3.000000000000000444e+00
1.608469483265355215e+00 5.254991853680077009e+06 3.000000000000000444e+00
1.638433645577983100e+00 5.534864307842356153e+06 3.000000000000000000e+00
1.668956009978023181e+00 5.820941007483104244e+06 3.000000000000000444e+00
1.700046975206716438e+00 6.112874881451962516e+06 3.000000000000000444e+00
1.731717133723352786e+00 6.410380523624748923e+06 3.000000000000000000e+00
1.763977275314043469e+00 6.713255363030808978e+06 3.000000000000000000e+00
1.796838390767719229e+00 7.021174564394422807e+06 3.000000000000000000e+00
1.830311675620611256e+00 7.333585608906818554e+06 2.999999999999999556e+00
1.864408533970485227e+00 7.649938249361279421e+06 3.000000000000000444e+00
1.899140582361933616e+00 7.969718863092304207e+06 3.000000000000000444e+00
1.934519653744044332e+00 8.292472663409589790e+06 3.000000000000000888e+00
1.970557801501798378e+00 8.617828557487763464e+06 3.000000000000000888e+00
2.007267303562568106e+00 8.945525793771553785e+06 3.000000000000000444e+00
2.044660666579115826e+00 9.275226267741121352e+06 3.000000000000000888e+00
2.082750630190514318e+00 9.606184832262204960e+06 3.000000000000000444e+00
2.121550171362450055e+00 9.937593181096216664e+06 3.000000000000000444e+00
2.161072508808376647e+00 1.026865364617611840e+07 3.000000000000000444e+00
2.201331107493030181e+00 1.059859548501344211e+07 3.000000000000000888e+00
2.242339683219845003e+00 1.092669291537172720e+07 3.000000000000000444e+00
2.284112207303823361e+00 1.125228485177458450e+07 3.000000000000000444e+00
2.326662911331458083e+00 1.157479628639661521e+07 3.000000000000000000e+00
2.370006292009327886e+00 1.189376125351174548e+07 3.000000000000000444e+00
2.414157116103017753e+00 1.220884732508877665e+07 3.000000000000000000e+00
2.459130425468043946e+00 1.251988160896323994e+07 3.000000000000000000e+00
2.504941542174502267e+00 1.282687804248430207e+07 2.999999999999999556e+00
2.551606073727183954e+00 1.312980889064452238e+07 3.000000000000000000e+00
2.599139918382932901e+00 1.342805091598674655e+07 2.999999999999999112e+00
2.647559270567066747e+00 1.372089196626080386e+07 3.000000000000000444e+00
2.696880626390692370e+00 1.400766640250325948e+07 3.000000000000000888e+00
2.747120789270811603e+00 1.428776887826659903e+07 3.000000000000000000e+00
2.798296875655115645e+00 1.456066894793033227e+07 3.000000000000000000e+00
2.850426320853434614e+00 1.482592643674566969e+07 3.000000000000000000e+00
2.903526884977813971e+00 1.508320750547466986e+07 3.000000000000000888e+00
2.957616658993253544e+00 1.533230134930485487e+07 3.000000000000000888e+00
3.012714070881164385e+00 1.557313609275010973e+07 3.000000000000000444e+00
3.068837891917642224e+00 1.580557920442365482e+07 3.000000000000000444e+00
3.126007243068700259e+00 1.602916813669996150e+07 3.000000000000000444e+00
3.184241601504649744e+00 1.624345659858171456e+07 3.000000000000000444e+00
3.243560807235807975e+00 1.644807661486977339e+07 3.000000000000000888e+00
3.303985069871854918e+00 1.664275012241457216e+07 3.000000000000000000e+00
3.365534975507090909e+00 1.682730085234505683e+07 3.000000000000000444e+00
3.428231493733967294e+00 1.700166644582429156e+07 3.000000000000000444e+00
3.492095984787267682e+00 1.716591076341526583e+07 3.000000000000000000e+00
3.557150206821382277e+00 1.732016778114745393e+07 2.999999999999999556e+00
3.623416323323146226e+00 1.746430070401803032e+07 2.999999999999999556e+00
3.690916910662774608e+00 1.759811324615787715e+07 2.999999999999999556e+00
3.759674965785463563e+00 1.772149039277129993e+07 3.000000000000000000e+00
3.829713914046277257e+00 1.783440700291262567e+07 3.000000000000000444e+00
3.901057617190989202e+00 1.793693628834453598e+07 3.000000000000000444e+00
3.973730381485604202e+00 1.802925832324725017e+07 3.000000000000000444e+00
4.047756965997318268e+00 1.811163952214931697e+07 3.000000000000000000e+00
4.123162591029748469e+00 1.818408614724583179e+07 3.000000000000000000e+00
4.199972946715301525e+00 1.824641503072765097e+07 2.999999999999999556e+00
4.278214201767612579e+00 1.829849038802152872e+07 3.000000000000000000e+00
4.357913012397025554e+00 1.834023367574031278e+07 3.000000000000000444e+00
4.439096531392166867e+00 1.837162862999375537e+07 2.999999999999999556e+00
4.521792417370697592e+00 1.839272626794734970e+07 2.999999999999999556e+00
4.606028844202397998e+00 1.840364982523975894e+07 3.000000000000000444e+00
4.691834510607794329e+00 1.840459960663290322e+07 2.999999999999999556e+00
4.779238649935595440e+00 1.839585773403785750e+07 2.999999999999999112e+00
4.868271040122278848e+00 1.837779278509507701e+07 3.000000000000000000e+00
4.958962013837211913e+00 1.835086432712218910e+07 2.999999999999999556e+00
5.051342468816761411e+00 1.831560845372097939e+07 3.000000000000000000e+00
5.145443878390924652e+00 1.827230782967721298e+07 3.000000000000000000e+00
5.241298302206056192e+00 1.822099836662299559e+07 3.000000000000000444e+00
5.338938397147350301e+00 1.816174366958087310e+07 3.000000000000000888e+00
5.438397428464796235e+00 1.809464699858299643e+07 3.000000000000000000e+00
5.539709281106400596e+00 1.801985350014743581e+07 3.000000000000000000e+00
5.642908471262536807e+00 1.793755237371157110e+07 3.000000000000000000e+00
5.748030158125351008e+00 1.784797896418134496e+07 2.999999999999999556e+00
5.855110155867238042e+00 1.775141677468340099e+07 2.999999999999999556e+00
5.964184945842459840e+00 1.764819939736729115e+07 3.000000000000000000e+00
6.075291689016070862e+00 1.753869624334422499e+07 3.000000000000000000e+00
6.188468238624382778e+00 1.742314373595091701e+07 3.000000000000000000e+00
6.303753153071275150e+00 1.730169748104082420e+07 2.999999999999999556e+00
6.421185709064758385e+00 1.717454098504115641e+07 3.000000000000000000e+00
6.540805914998252923e+00 1.704188851140359417e+07 3.000000000000000444e+00
6.662654524581149929e+00 1.690398613164620474e+07 3.000000000000000444e+00
6.786773050723295064e+00 1.676111271527189575e+07 3.000000000000000444e+00
6.913203779678127603e+00 1.661358085904699937e+07 3.000000000000000000e+00
7.041989785449288775e+00 1.646173641851119511e+07 3.000000000000000000e+00
7.173174944465612768e+00 1.630587289514194056e+07 3.000000000000000000e+00
7.306803950529499936e+00 1.614617165987828933e+07 3.000000000000000000e+00
7.442922330043757917e+00 1.598282144420289807e+07 2.999999999999999556e+00
7.581576457522110069e+00 1.581603077018835023e+07 3.000000000000000444e+00
7.722813571388642551e+00 1.564602839466515183e+07 3.000000000000000000e+00
7.866681790071582192e+00 1.547306371550753899e+07 2.999999999999999112e+00
8.013230128396878982e+00 1.529740712278282456e+07 3.000000000000000000e+00
8.162508514287219796e+00 1.511931577203273214e+07 3.000000000000000000e+00
8.314567805772055564e+00 1.493895861744913831e+07 2.999999999999999556e+00
8.469459808314576676e+00 1.475649667180854827e+07 3.000000000000000444e+00
8.627237292461440887e+00 1.457210276533965394e+07 2.999999999999999556e+00
8.787954011821311084e+00 1.438596169768393226e+07 3.000000000000000000e+00
8.951664721378293166e+00 1.419827036693729274e+07 3.000000000000000888e+00
9.118425196146562328e+00 1.400923787678636052e+07 3.000000000000000444e+00
9.288292250172489162e+00 1.381908562345271185e+07 3.000000000000000888e+00
9.461323755890759912e+00 1.362804736496758461e+07 3.000000000000000444e+00
9.637578663841079418e+00 1.343636927622924186e+07 3.000000000000000444e+00
9.817117022752183786e+00 1.324430999434909783e+07 3.000000000000000444e+00
1.000000000000000000e+01 1.305214066000000387e+07 3.000000000000000000e+00
