# Source: PRIMAT compilation, https://doi.org/10.1016/j.physrep.2018.04.005
1.000000000000000021e-03 7.692400000000014774e-32 5.270400000000000418e+00
1.018628990244687619e-03 1.311003318317180630e-31 5.270413921837922899e+00
1.037605019766911670e-03 2.241552226500171007e-31 5.270427581091905012e+00
1.056934553557988335e-03 3.844492040404735670e-31 5.270440960849641421e+00
1.076624177045493267e-03 6.613223197867464821e-31 5.270454043865076876e+00
1.096680598336868600e-03 1.140795319604772934e-30 5.270466812576155569e+00
1.117110650504824203e-03 1.973131176469187837e-30 5.270479249125219035e+00
1.137921293915315117e-03 3.421277464611982268e-30 5.270491335382271991e+00
1.159119618598885779e-03 5.946100523483178687e-30 5.270503052971296398e+00
1.180712846666190276e-03 1.035648468455679192e-29 5.270514383299946815e+00
1.202708334768511989e-03 1.807383295105651713e-29 5.270525307592801134e+00
1.225113576604118949e-03 3.159836365451995767e-29 5.270535806928497990e+00
1.247936205471311460e-03 5.533132480438134947e-29 5.270545862281049487e+00
1.271183996869028896e-03 9.702473903183776371e-29 5.270555454565665876e+00
1.294864871145904933e-03 1.703368984867623211e-28 5.270564564689377285e+00
1.318986896198670470e-03 2.993345660230904429e-28 5.270573173606909911e+00
1.343558290220826226e-03 5.264184889967027266e-28 5.270581262382100896e+00
1.368587424502519176e-03 9.262602753012871253e-28 5.270588812255366129e+00
1.394082826282578647e-03 1.630277156789720710e-27 5.270595804717569166e+00
1.420053181653683095e-03 2.869542437006375161e-27 5.270602221590840131e+00
1.446507338521647217e-03 5.049873827820356413e-27 5.270608045116794926e+00
1.473454309619835756e-03 8.882937888995766804e-27 5.270613258052724959e+00
1.500903275579736594e-03 1.561458148558631775e-26 5.270617843776262745e+00
1.528863588058731147e-03 2.742136824672966803e-26 5.270621786399248165e+00
1.557344772926135207e-03 4.809706671587363658e-26 5.270625070891285624e+00
1.586356533508589657e-03 8.423699287726842132e-26 5.270627683213810144e+00
1.615908753895919101e-03 1.472735353669165533e-25 5.270629610465325854e+00
1.646011502308549748e-03 2.569602527206704720e-25 5.270630841038605574e+00
1.676675034527699143e-03 4.473090259393531884e-25 5.270631364790678397e+00
1.707909797389426916e-03 7.766593828156737010e-25 5.270631173226485444e+00
1.739726432343800767e-03 1.344669458938222058e-24 5.270630259697158593e+00
1.772135779080358372e-03 2.320832391019063441e-24 5.270628619613869859e+00
1.805148879221108154e-03 3.992064285914183107e-24 5.270626250678351887e+00
1.838776980082326793e-03 6.841644229117165525e-24 5.270623153131199778e+00
1.873031538506436536e-03 1.167934272475466171e-23 5.270619330019145288e+00
1.907924224765265072e-03 1.985453366786643088e-23 5.270614787482539754e+00
1.943466926536020246e-03 3.360285095580087765e-23 5.270609535064516571e+00
1.979671752951332481e-03 5.660614576823931891e-23 5.270603586043065114e+00
2.016551038724746607e-03 9.489052908899885204e-23 5.270596957787741843e+00
2.054117348353064112e-03 1.582561430926238674e-22 5.270589672142508952e+00
2.092383480396977150e-03 2.625367375850468734e-22 5.270581755836466264e+00
2.131362471841437810e-03 4.331442712657235384e-22 5.270573240924288250e+00
2.171067602537264923e-03 7.105885130075196746e-22 5.270564165258320166e+00
2.211512399725488933e-03 1.159010090372501772e-21 5.270554572994365472e+00
2.252710642645980484e-03 1.879280000622121112e-21 5.270544515133392949e+00
2.294676367231936100e-03 3.028975522600055556e-21 5.270534050101422174e+00
2.337423870891814758e-03 4.852653504272121683e-21 5.270523244370117766e+00
2.380967717380358135e-03 7.727472484098844299e-21 5.270512173120664556e+00
2.425322741760352948e-03 1.223161252590203322e-20 5.270500920953712587e+00
2.470504055456825433e-03 1.924648148349989814e-20 5.270489582648332672e+00
2.516527051405391836e-03 3.010895648378760646e-20 5.270478263973155109e+00
2.563407409296514835e-03 4.683779179754475286e-20 5.270467082552905858e+00
2.611161100917459583e-03 7.247025711326191026e-20 5.270456168794015461e+00
2.659804395593758260e-03 1.115633452995587498e-19 5.270445666872890733e+00
2.709353865732051433e-03 1.709422319485116237e-19 5.270435735790920617e+00
2.759826392466180594e-03 2.608232165284857616e-19 5.270426550500388885e+00
2.811239171408464344e-03 3.965093656998606331e-19 5.270418303105754099e+00
2.863609718508115885e-03 6.009718321336373523e-19 5.270411204145057482e+00
2.916955876018795853e-03 9.088180570223200042e-19 5.270405483956498216e+00
2.971295818577334054e-03 1.372461573487298409e-18 5.270401394135484807e+00
3.026648059395692196e-03 2.071788138966897733e-18 5.270399201835417990e+00
3.083031456568277075e-03 3.127621882112148181e-18 5.270399008296222654e+00
3.140465219496752208e-03 4.721053049717502572e-18 5.270400712860361381e+00
3.198968915434537586e-03 7.124194960312663946e-18 5.270404185468473557e+00
3.258562476153226226e-03 1.074532093885550206e-17 5.270409273929350213e+00
3.319266204733189573e-03 1.619578541230579203e-17 5.270415801997807570e+00
3.381100782480685445e-03 2.438900315924215427e-17 5.270423567316215419e+00
3.444087275973823411e-03 3.668631056002519714e-17 5.270432339210878503e+00
3.508247144239792347e-03 5.511106422427744023e-17 5.270441856333949460e+00
3.573602246065788347e-03 8.266155566722605986e-17 5.270451824140997665e+00
3.640174847446141400e-03 1.237662430784413047e-16 5.270461912193754372e+00
3.707987629168172684e-03 1.849427537641570958e-16 5.270471751276859962e+00
3.777063694539364597e-03 2.757468260551006953e-16 5.270480930316930213e+00
3.847426577258505898e-03 4.101310547512848551e-16 5.270488993091372087e+00
3.919100249433401899e-03 6.083787647200209022e-16 5.270495434713767580e+00
3.992109129748053209e-03 8.998389883020562103e-16 5.270499697881793288e+00
4.066478091781853925e-03 1.326795588634241160e-15 5.270501266717138478e+00
4.142232472483897525e-03 1.950080978248872115e-15 5.270500131559410661e+00
4.219398080805024202e-03 2.856913482687579958e-15 5.270496488618630515e+00
4.298001206490798497e-03 4.171904683275422022e-15 5.270490567109521685e+00
4.378068629038166758e-03 6.072581572972952754e-15 5.270482631928780748e+00
4.459627626819095622e-03 8.811218687606577737e-15 5.270472986697204654e+00
4.542705986374042521e-03 1.274555340103191840e-14 5.270461977016045019e+00
4.627332011878692967e-03 1.838205059761031281e-14 5.270449993951453749e+00
4.713534534786906725e-03 2.643697881389365504e-14 5.270437477761770850e+00
4.801342923653449841e-03 3.792291420213826427e-14 5.270424921883268610e+00
4.890787094139589959e-03 5.427179924692731873e-14 5.270412877191006373e+00
4.981897519205159656e-03 7.751097645711864471e-14 5.270401956552466238e+00
5.074705239490466188e-03 1.105115736778047024e-13 5.270392777613557733e+00
5.169241873891598608e-03 1.572973111149339359e-13 5.270385556592956711e+00
5.265539630332755246e-03 2.234904084139391642e-13 5.270380314112744102e+00
5.363631316739239652e-03 3.169415680902176985e-13 5.270377064138849654e+00
5.463550352214875498e-03 4.485856443875393794e-13 5.270375814211963217e+00
5.565330778427646403e-03 6.336152624060491368e-13 5.270376564744585046e+00
5.669007271207434327e-03 8.930874817572442206e-13 5.270379308264118379e+00
5.774615152359819509e-03 1.256119754303070449e-12 5.270384028598405379e+00
5.882190401699956099e-03 1.762887746126706675e-12 5.270390699999809137e+00
5.991769669310619169e-03 2.468714971536543009e-12 5.270399286203792499e+00
6.103390288028621123e-03 3.449615643587052393e-12 5.270409698044957736e+00
6.217090286163826779e-03 4.809626805310854301e-12 5.270421616236554030e+00
6.332908400455114321e-03 6.690847586107291321e-12 5.270434610287360933e+00
6.450884089267692675e-03 9.287019397707607267e-12 5.270448195497356991e+00
6.571057546036270826e-03 1.286182311178116066e-11 5.270461828585254693e+00
6.693469712958660493e-03 1.777359692217460140e-11 5.270474902992754451e+00
6.818162294944479437e-03 2.450877575014291854e-11 5.270486743867284218e+00
6.945177773823696388e-03 3.372723138934248287e-11 5.270496602703072853e+00
7.074559422819878297e-03 4.632362056796221326e-11 5.270503692504712845e+00
7.206351321293052656e-03 6.350389258113308804e-11 5.270507843982706220e+00
7.340598369757212090e-03 8.688691864556831518e-11 5.270509471773974219e+00
7.477346305177588227e-03 1.186451320452956927e-10 5.270509067349752108e+00
7.616641716552892058e-03 1.616885644743503777e-10 5.270507187816766859e+00
7.758532060787835978e-03 2.199089121785572089e-10 5.270504461324490464e+00
7.903065678861348128e-03 2.985036177185289566e-10 5.270501592848355621e+00
8.050291812295981564e-03 4.044065235381861360e-10 5.270499363106336155e+00
8.200260619934130954e-03 5.468376195663625497e-10 5.270498212675731153e+00
8.353023195026778799e-03 7.380052215028384093e-10 5.270497957060499949e+00
8.508631582640582489e-03 9.940656722595867450e-10 5.270498328456563186e+00
8.667138797389234081e-03 1.336370499288975152e-09 5.270499025215455546e+00
8.828598841495149604e-03 1.793102363762071719e-09 5.270499709094588425e+00
8.993066723187623582e-03 2.401427811513417107e-09 5.270500002317968224e+00
9.160598475443709407e-03 3.210277746732032231e-09 5.270499608187893870e+00
9.331251175078249249e-03 4.283706268165771676e-09 5.270498774897886207e+00
9.505082962189511861e-03 5.705487623504952913e-09 5.270497949440961172e+00
9.682153059967075343e-03 7.585096214040129268e-09 5.270497631104530178e+00
9.862521794868784469e-03 1.006542100066534901e-08 5.270498375615823683e+00
1.004625061717340749e-02 1.333280162083921474e-08 5.270500793410714202e+00
1.023340212191641702e-02 1.762955934460845400e-08 5.270504792121422533e+00
1.042404007021556327e-02 2.326940715943173307e-08 5.270508729495974265e+00
1.061822941099384125e-02 3.065844046618175837e-08 5.270510590295466535e+00
1.081603630310709954e-02 4.032183337587235766e-08 5.270508131617102521e+00
1.101752813788386791e-02 5.293816801169573291e-08 5.270498865649310360e+00
1.122277356208507652e-02 6.938245295798701459e-08 5.270481359933337551e+00
1.143184250129149725e-02 9.077751123354722660e-08 5.270458244488134270e+00
1.164480618372686072e-02 1.185638575423176086e-07 5.270433310709941033e+00
1.186173716452478509e-02 1.545883233075901561e-07 5.270410800179394784e+00
1.208270935044776506e-02 2.012167441651155393e-07 5.270395374884990325e+00
1.230779802506665188e-02 2.614702817904807247e-07 5.270389097790452837e+00
1.253707987440920262e-02 3.391932915664563362e-07 5.270389757770439054e+00
1.277063301308643990e-02 4.392787532335910169e-07 5.270394514304597600e+00
1.300853701090571267e-02 5.679499119221481416e-07 5.270400178127306212e+00
1.325087291997953214e-02 7.331085782456697383e-07 5.270403891798166818e+00
1.349772330233941706e-02 9.447437592790372748e-07 5.270405091152253974e+00
1.374917225806419029e-02 1.215481945049062150e-06 5.270403761181809976e+00
1.400530545393219653e-02 1.561278481410324952e-06 5.270399895149455283e+00
1.426621015260736910e-02 2.002260756327146809e-06 5.270394185069401161e+00
1.453197524236895383e-02 2.563695247419630211e-06 5.270390077738940526e+00
1.480269126739508674e-02 3.277299190084976223e-06 5.270392061456877109e+00
1.507845045861051086e-02 4.182875303067873696e-06 5.270405082007633801e+00
1.535934676510897039e-02 5.330277088633278598e-06 5.270430574236058874e+00
1.564547588616095955e-02 6.781793785050177199e-06 5.270462700445952997e+00
1.593693530381774456e-02 8.615279724732963074e-06 5.270494132204696314e+00
1.623382431612278159e-02 1.092795610637095897e-05 5.270517489956691115e+00
1.653624407094180307e-02 1.384044316011068386e-05 5.270530948018730122e+00
1.684429760042315330e-02 1.750221192027483927e-05 5.270535566137033001e+00
1.715808985610004986e-02 2.209854544369537513e-05 5.270532581216571089e+00
1.747772774464680795e-02 2.785892841305937599e-05 5.270523405209476486e+00
1.780332016430113962e-02 3.506744999611377810e-05 5.270509639722951611e+00
1.813497804196495186e-02 4.407572191388917608e-05 5.270493075526510474e+00
1.847281437099634188e-02 5.531727167250425514e-05 5.270475096886940491e+00
1.881694424970555696e-02 6.932464241376704158e-05 5.270456428538341065e+00
1.916748492056815148e-02 8.675303983506660213e-05 5.270437826356174860e+00
1.952455581016860828e-02 1.084085368534709490e-04 5.270420133720085332e+00
1.988827856988809734e-02 1.352829911889089412e-04 5.270404288440062146e+00
2.025877711735016989e-02 1.685962995184043243e-04 5.270391257821119169e+00
2.063617767863858837e-02 2.098329131662259777e-04 5.270381333492258236e+00
2.102060883130158278e-02 2.607943178608785792e-04 5.270374352630464720e+00
2.141220154815729262e-02 3.236704772169855153e-04 5.270370114850831733e+00
2.181108924191518805e-02 4.011197522436297657e-04 5.270368385215900453e+00
2.221740781062883641e-02 4.963649445632504304e-04 5.270368891223098373e+00
2.263129568399528321e-02 6.133091455099127457e-04 5.270371319578066149e+00
2.305289387051707301e-02 7.566759667330907706e-04 5.270375312740132934e+00
2.348234600554275145e-02 9.321800355710372276e-04 5.270380465225239952e+00
2.391979840020238418e-02 1.146735391474729441e-03 5.270386319650877560e+00
2.436540009125464853e-02 1.408711781597997035e-03 5.270392362506525430e+00
2.481930289186254010e-02 1.728252050428237974e-03 5.270398019632275499e+00
2.528166144331499277e-02 2.117655695326291741e-03 5.270402680317719302e+00
2.575263326771199887e-02 2.591648174243502221e-03 5.270406099471312444e+00
2.623237882163122203e-02 3.167781189482606410e-03 5.270408344805137091e+00
2.672106155079433804e-02 3.867069706997437045e-03 5.270409505259453731e+00
2.721884794575178332e-02 4.714657743497959082e-03 5.270409684557596286e+00
2.772590759860482645e-02 5.740612764028216533e-03 5.270409002484776728e+00
2.824241326078434297e-02 6.980881774852659011e-03 5.270407596257487448e+00
2.876854090190592711e-02 8.478448317093194991e-03 5.270405621989357137e+00
2.930446976972142861e-02 1.028474133216662582e-02 5.270403256259673874e+00
2.985038245118730796e-02 1.246136264614923668e-02 5.270400697791199462e+00
3.040646493467067182e-02 1.508206964078855593e-02 5.270398155314857114e+00
3.097290667331408301e-02 1.823367924507124371e-02 5.270395728115619072e+00
3.154990064958086704e-02 2.201818353097921566e-02 5.270393451603628598e+00
3.213764344100276948e-02 2.655586967590193789e-02 5.270391363869004309e+00
3.273633528715245988e-02 3.198838174025427777e-02 5.270389506627622289e+00
3.334618015786364187e-02 3.848227214033144578e-02 5.270387925488840608e+00
3.396738582272208068e-02 4.623314133175238788e-02 5.270386670240871929e+00
3.460016392185108480e-02 5.547048187334386454e-02 5.270385795154943764e+00
3.524473003801584237e-02 6.646337472015460823e-02 5.270385359309394779e+00
3.590130377007068330e-02 7.952722765227136781e-02 5.270385426934938167e+00
3.657010880777489259e-02 9.503180162498092720e-02 5.270386067782432349e+00
3.725137300800209633e-02 1.134108451112643690e-01 5.270387357514517035e+00
3.794532847236938011e-02 1.351737553474088860e-01 5.270389378122597002e+00
3.865221162631261864e-02 1.609198170920052851e-01 5.270392218370779425e+00
3.937226329963479377e-02 1.913557453877631487e-01 5.270395974268345718e+00
4.010572880855495931e-02 2.273174738606407452e-01 5.270400749469840385e+00
4.085285803928561527e-02 2.697847844274050555e-01 5.270406602401902951e+00
4.161390553316707264e-02 3.198767673897682240e-01 5.270413450013580636e+00
4.238913057338778573e-02 3.788870773970715589e-01 5.270421171820317774e+00
4.317879727332021161e-02 4.483141528434953504e-01 5.270429630053817149e+00
4.398317466650223523e-02 5.298917973016652461e-01 5.270438668215614797e+00
4.480253679829489938e-02 6.256244982256194964e-01 5.270448109529585423e+00
4.563716281924758839e-02 7.378284308924151214e-01 5.270457755287011103e+00
4.648733708020256344e-02 8.691793595692118846e-01 5.270467383077253487e+00
4.735334922917116413e-02 1.022768994927094388e+00 5.270476744896849475e+00
4.823549431001467047e-02 1.202171822528057543e+00 5.270485565129273908e+00
4.913407286296361809e-02 1.411525015702690178e+00 5.270493538387223786e+00
5.004939102700953213e-02 1.655624828065215048e+00 5.270500327219989956e+00
5.098176064420424647e-02 1.940004766332892316e+00 5.270505647868649390e+00
5.193149936590212012e-02 2.270926274875292084e+00 5.270509498577518492e+00
5.289893076098151070e-02 2.655530604233875991e+00 5.270511951055146582e+00
5.388438442608223938e-02 3.101983420275759684e+00 5.270513091075123668e+00
5.488819609789671872e-02 3.619619644197190400e+00 5.270513019729022197e+00
5.591070776755290017e-02 4.219112523326049136e+00 5.270511854769057258e+00
5.695226779712821846e-02 4.912672680288045157e+00 5.270509732046381401e+00
5.801323103833375128e-02 5.714284580739229291e+00 5.270506807051139830e+00
5.909395895340967958e-02 6.639990063557177358e+00 5.270503256560916228e+00
6.019481973827271043e-02 7.708230761580301404e+00 5.270499280506590445e+00
6.131618844795772016e-02 8.940024986785973127e+00 5.270495134811188365e+00
6.245844712439614643e-02 1.035885043642317349e+01 5.270491182146670006e+00
6.362198492657485105e-02 1.199124204288980700e+01 5.270487838195406560e+00
6.480719826311967524e-02 1.386726052596738690e+01 5.270485564762478425e+00
6.601449092734885948e-02 1.602096706362806700e+01 5.270484873381660940e+00
6.724427423484245769e-02 1.849097909516979499e+01 5.270486329166606865e+00
6.849696716357443760e-02 2.132112730353046359e+01 5.270490554922861115e+00
6.977299649665534564e-02 2.456123964248391545e+01 5.270498235537408149e+00
7.107279696773415034e-02 2.826789644023318715e+01 5.270509939339882877e+00
7.239681140910873836e-02 3.250409701095023252e+01 5.270524995306910654e+00
7.374549090259549522e-02 3.734026801694606235e+01 5.270542085421359602e+00
7.511929493320965157e-02 4.285563910808886590e+01 5.270559727936579009e+00
7.651869154570821452e-02 4.913940064222238391e+01 5.270576266060084336e+00
7.794415750404946885e-02 5.629206648508505140e+01 5.270589854007474706e+00
7.939617845382279659e-02 6.442709638929765958e+01 5.270598442108433090e+00
8.087524908770453436e-02 7.367268473056023481e+01 5.270599881678821319e+00
8.238187331399605962e-02 8.417121871093074503e+01 5.270593738228178005e+00
8.391656442830157381e-02 9.608027834301978487e+01 5.270581132352645248e+00
8.547984528840409102e-02 1.095760306111898785e+02 5.270563385423572278e+00
8.707224849239916797e-02 1.248556500124691837e+02 5.270541993316811613e+00
8.869431656014709064e-02 1.421401257379062315e+02 5.270518640732088755e+00
9.034660211810524588e-02 1.616776014169234656e+02 5.270495213510577592e+00
9.202966808760409956e-02 1.837445830291164839e+02 5.270473227910273728e+00
9.374408787662991127e-02 2.086445608482140130e+02 5.270453049176223814e+00
9.549044557518077125e-02 2.367145499338218428e+02 5.270434898267160939e+00
9.726933615426168467e-02 2.683299293083957195e+02 5.270419013221577131e+00
9.908136566858666283e-02 3.039094737971778954e+02 5.270405650301134060e+00
1.009271514630570854e-01 3.439210501626856740e+02 5.270395091522150466e+00
1.028073223830864719e-01 3.888801595389293198e+02 5.270387789709151782e+00
1.047225189888434382e-01 4.393515658462264355e+02 5.270384391018871462e+00
1.066733937734857113e-01 4.959609899036247498e+02 5.270385608473345584e+00
1.086606113854596822e-01 5.594031095812554213e+02 5.270392220276898243e+00
1.106848488549412035e-01 6.304506284820997735e+02 5.270405055398204475e+00
1.127467958244946084e-01 7.099544182910566406e+02 5.270423857397073419e+00
1.148471547840289042e-01 7.988414741297293631e+02 5.270446485467718212e+00
1.169866413101306873e-01 8.981343061741102929e+02 5.270470373495257377e+00
1.191659843098558796e-01 1.008964056113166407e+03 5.270492650731342543e+00
1.213859262690627772e-01 1.132583270109976866e+03 5.270510199615426217e+00
1.236472235053715091e-01 1.270357486977567532e+03 5.270520715992005556e+00
1.259506464258357550e-01 1.423774337961943047e+03 5.270522519532613082e+00
1.282969797894147612e-01 1.594471472606140196e+03 5.270513787925890092e+00
1.306870229743346268e-01 1.784255696524825453e+03 5.270492571316275132e+00
1.331215902504307713e-01 1.995105930314269244e+03 5.270460704277959429e+00
1.356015110565633452e-01 2.229168571877986324e+03 5.270427459950058235e+00
1.381276302832009362e-01 2.488799234809535847e+03 5.270403953360536242e+00
1.407008085602685088e-01 2.776592416931749995e+03 5.270402466352543058e+00
1.433219225503573890e-01 3.095378820709210686e+03 5.270426904631918319e+00
1.459918652473978506e-01 3.448205231179785187e+03 5.270463168132409670e+00
1.487115462808953625e-01 3.838399295186619838e+03 5.270493435721829378e+00
1.514818922258345801e-01 4.269608123411729139e+03 5.270498695160731550e+00
1.543038469183564687e-01 4.745797901272045237e+03 5.270475567345455303e+00
1.571783717773162781e-01 5.271278482681118476e+03 5.270437158475799855e+00
1.601064461318317811e-01 5.850776301834272090e+03 5.270398808307974470e+00
1.630890675549332702e-01 6.489442672006189241e+03 5.270373792603323615e+00
1.661272522034293042e-01 7.192738846021939935e+03 5.270362644254845463e+00
1.692220351641037235e-01 7.966553596864154315e+03 5.270362617730004473e+00
1.723744708063619790e-01 8.817284588673890539e+03 5.270370601770657082e+00
1.755856331414468730e-01 9.751898612266737473e+03 5.270383089205917138e+00
1.788566161883461958e-01 1.077800502345039786e+04 5.270396144684974971e+00
1.821885343465165230e-01 1.190392652720801561e+04 5.270405636597542909e+00
1.855825227755517060e-01 1.313855350302148508e+04 5.270410289641278112e+00
1.890397377819219571e-01 1.449139998436850692e+04 5.270410975583171620e+00
1.925613572129196704e-01 1.597281202076404770e+04 5.270408726556001788e+00
1.961485808579429280e-01 1.759408194109805481e+04 5.270404707168133918e+00
1.998026308572548593e-01 1.936758576015039216e+04 5.270400225303920827e+00
2.035247521183575770e-01 2.130676127213880318e+04 5.270396510513563726e+00
2.073162127401229071e-01 2.342539283396806422e+04 5.270393807060570701e+00
2.111783044448242164e-01 2.573798982698754844e+04 5.270392044055352443e+00
2.151123430182164953e-01 2.826006468978351040e+04 5.270391138446314905e+00
2.191196687578147451e-01 3.100822012435907527e+04 5.270390994006019625e+00
2.232016469295232397e-01 3.400025572815665510e+04 5.270391500201465185e+00
2.273596682327715113e-01 3.725529949507126730e+04 5.270392530984675972e+00
2.315951492743152096e-01 4.079397081882503699e+04 5.270393943498388190e+00
2.359095330508633737e-01 4.463858309356401878e+04 5.270395576691449868e+00
2.403042894406967056e-01 4.881339576389583090e+04 5.270397249838098652e+00
2.447809157044440187e-01 5.334492780268563365e+04 5.270398760955071538e+00
2.493409369951877785e-01 5.826234718684459222e+04 5.270399885109936733e+00
2.539859068780723761e-01 6.359744768523777020e+04 5.270400413430371245e+00
2.587174078595921300e-01 6.938199968094532960e+04 5.270400374080159267e+00
2.635370519267393186e-01 7.564872503188670089e+04 5.270399902338991360e+00
2.684464810961962322e-01 8.243239622726938978e+04 5.270399151238416735e+00
2.734473679737579599e-01 8.977003190600757080e+04 5.270398292814014951e+00
2.785414163241766161e-01 9.770113797880471975e+04 5.270397519641565331e+00
2.837303616516211324e-01 1.062680089187159465e+05 5.270397046479111225e+00
2.890159717909508430e-01 1.155161042844616022e+05 5.270397112021605324e+00
2.944000475100033709e-01 1.254945186293481238e+05 5.270397980775379132e+00
2.998844231231027613e-01 1.362565666446463147e+05 5.270399945060039393e+00
3.054709671159968054e-01 1.478593798286624951e+05 5.270403180454816372e+00
3.111615827824359970e-01 1.603600494337112759e+05 5.270407235905263832e+00
3.169582088726115021e-01 1.738179070560576511e+05 5.270411428698624334e+00
3.228628202536730218e-01 1.882959061005319236e+05 5.270414995785690060e+00
3.288774285825510346e-01 2.038610684266508615e+05 5.270417087387919253e+00
3.350040829913132900e-01 2.205850476595626387e+05 5.270416760167135450e+00
3.412448707852889229e-01 2.385448366775895702e+05 5.270412969932005254e+00
3.476019181541977754e-01 2.578236521042789973e+05 5.270404563852514102e+00
3.540773908965269556e-01 2.785115356311133946e+05 5.270390362893309089e+00
3.606734951574028236e-01 3.006995431723830989e+05 5.270370326951288931e+00
3.673924781802074269e-01 3.244796336419447907e+05 5.270345356969721173e+00
3.742366290721980682e-01 3.499490021698115743e+05 5.270316498666090865e+00
3.812082795843887983e-01 3.772108989405517932e+05 5.270284934533614241e+00
3.883098049059605095e-01 4.063755462097351556e+05 5.270251995033203407e+00
3.955436244734701345e-01 4.375612907660594792e+05 5.270219170562736366e+00
4.029122027951347884e-01 4.708958736701846356e+05 5.270188073408659690e+00
4.104180502904709038e-01 5.065107220384908724e+05 5.270158377851264397e+00
4.180637241455757991e-01 5.445364211285460042e+05 5.270126831270825818e+00
4.258518291843414461e-01 5.851101931188493036e+05 5.270089602802158879e+00
4.337850187558989212e-01 6.283775397469848394e+05 5.270042434207191206e+00
4.418659956385941334e-01 6.744936094647505088e+05 5.269980606451393434e+00
4.500975129608046355e-01 7.236249153284834465e+05 5.269898904058633704e+00
4.584823751389096036e-01 7.759479265284449793e+05 5.269792367557185386e+00
4.670234388327330621e-01 8.316387134583515581e+05 5.269658690048205862e+00
4.757236139187884794e-01 8.908808122040923918e+05 5.269496176266105891e+00
4.845858644816490868e-01 9.538697030076457886e+05 5.269303041194466353e+00
4.936132098237911991e-01 1.020815016022652504e+06 5.269077405489458243e+00
5.028087254942474882e-01 1.091943084003421245e+06 5.268817287897447521e+00
5.121755443364236493e-01 1.167484484327320941e+06 5.268520387995458520e+00
5.217168575554343990e-01 1.247658376682588598e+06 5.268183900722891444e+00
5.314359158053235666e-01 1.332690838927725330e+06 5.267804801202673914e+00
5.413360302965375404e-01 1.422818408574070083e+06 5.267379865945536643e+00
5.514205739240296555e-01 1.518289930205838755e+06 5.266905660760733632e+00
5.616929824163804374e-01 1.619368921848449623e+06 5.266378527975707158e+00
5.721567555063246102e-01 1.726336565606736112e+06 5.265794572928701456e+00
5.828154581230839959e-01 1.839495444996566279e+06 5.265149649696914125e+00
5.936727216069119795e-01 1.959174171580387279e+06 5.264439346021291044e+00
6.047322449462643190e-01 2.085731855297408532e+06 5.263658984207899572e+00
6.159977960380161877e-01 2.219521257253227755e+06 5.262804169967580492e+00
6.274732129711574347e-01 2.360865774874404538e+06 5.261870984296161069e+00
6.391624053343999412e-01 2.510098889095793478e+06 5.260855371504700173e+00
6.510693555481454897e-01 2.667569326537979767e+06 5.259753091379137047e+00
6.631981202212668958e-01 2.833644204655125737e+06 5.258559711243987245e+00
6.755528315331639222e-01 3.008713020792415366e+06 5.257270597708628479e+00
6.881376986415662644e-01 3.193192645420179702e+06 5.255880908085820202e+00
7.009570091165617800e-01 3.387533497864256613e+06 5.254385581747996525e+00
7.140151304013395706e-01 3.592204302221602760e+06 5.252780195486665527e+00
7.273165113001454074e-01 3.807636127902628854e+06 5.251063036687407148e+00
7.408656834939559843e-01 4.034265639290430117e+06 5.249233154434536530e+00
7.546672630843886953e-01 4.272551574256091379e+06 5.247289860292717378e+00
7.687259521663728501e-01 4.522980006603970192e+06 5.245232756398705121e+00
7.830465404301183430e-01 4.786070918888468295e+06 5.243061765578050704e+00
7.976339067929273385e-01 5.062386318247531541e+06 5.240777163612328593e+00
8.124930210614047521e-01 5.352524463880446739e+06 5.238379768627811295e+00
8.276289456246344045e-01 5.657030934468355030e+06 5.235871877897542603e+00
8.430468371788967241e-01 5.976436398692271672e+06 5.233256813793912166e+00
8.587519484845170803e-01 6.311296425617995672e+06 5.230538597526856570e+00
8.747496301554414933e-01 6.662198216864046641e+06 5.227722007663555104e+00
8.910453324821513421e-01 7.029768883107790723e+06 5.224812643755281982e+00
9.076446072885356875e-01 7.414683568710110150e+06 5.221816942437722098e+00
9.245531098233570333e-01 7.817615674094802700e+06 5.218740792313461441e+00
9.417766006869519035e-01 8.239217228027464822e+06 5.215589225383442162e+00
9.593209477938241525e-01 8.680179457739084959e+06 5.212367926123826933e+00
9.771921283717996953e-01 9.141247170771408826e+06 5.209083374002760003e+00
9.953962309984233370e-01 9.623232438599800691e+06 5.205742906615641985e+00
1.013939457675291811e+00 1.012700615508704260e+07 5.202354493276875047e+00
1.032828125941028574e+00 1.065329944112107903e+07 5.198924440820275272e+00
1.052068671023622892e+00 1.120275353041280061e+07 5.195458415473163782e+00
1.071667648032863296e+00 1.177601864158803783e+07 5.191962724786825412e+00
1.091631734193614811e+00 1.237376068413805962e+07 5.188444377474909608e+00
1.111967731120699021e+00 1.299666891801839136e+07 5.184911135967951168e+00
1.132682567136153784e+00 1.364546573026957363e+07 5.181371572507873502e+00
1.153783299629660863e+00 1.432091887406763621e+07 5.177835129034543016e+00
1.175277117462945276e+00 1.502385655861891806e+07 5.174312181138794209e+00
1.197171343418965694e+00 1.575518582809246704e+07 5.170814106381091513e+00
1.219473436696737023e+00 1.651591472632948868e+07 5.167353357302864048e+00
1.242190995452616242e+00 1.730717881399549171e+07 5.163943539488566437e+00
1.265331759388941713e+00 1.813023727198884636e+07 5.160598917385729401e+00
1.288903612390891462e+00 1.898608129938387871e+07 5.157327959972309195e+00
1.312914585212463958e+00 1.987547059405032173e+07 5.154134952120556612e+00
1.337372858212495075e+00 2.079917372941906378e+07 5.151024174418064483e+00
1.362286764141645401e+00 2.175798307684072107e+07 5.147999974877074614e+00
1.387664790981307128e+00 2.275272805882304534e+07 5.145066763622230255e+00
1.413515584835394190e+00 2.378429163060485199e+07 5.142229006882907072e+00
1.439847952876006643e+00 2.485363046997754276e+07 5.139491220231217739e+00
1.466670866343967150e+00 2.596179941260097176e+07 5.136857961002235129e+00
1.493993463605256311e+00 2.710998073710762709e+07 5.134333819827891610e+00
1.521825053264385552e+00 2.829945764984818548e+07 5.131923315335554570e+00
1.550175117335768737e+00 2.953118439306900650e+07 5.129630198632987970e+00
1.579053314474174297e+00 3.080593669035580009e+07 5.127457752874934549e+00
1.608469483265355215e+00 3.212452170062248781e+07 5.125409101318959770e+00
1.638433645577983100e+00 3.348779872741854191e+07 5.123487183506631126e+00
1.668956009978023181e+00 3.489670303324768692e+07 5.121694727179813889e+00
1.700046975206716438e+00 3.635227458095638454e+07 5.120034217759280359e+00
1.731717133723352786e+00 3.785569236864161491e+07 5.118507865201444851e+00
1.763977275314043469e+00 3.940830395539996028e+07 5.117117543308045136e+00
1.796838390767719229e+00 4.101129239804837108e+07 5.115863944072922997e+00
1.830311675620611256e+00 4.266551394522350281e+07 5.114746250889959711e+00
1.864408533970485227e+00 4.437187309033985436e+07 5.113762928575237510e+00
1.899140582361933616e+00 4.613137716545625031e+07 5.112911711166408857e+00
1.934519653744044332e+00 4.794517289865692705e+07 5.112189529083288164e+00
1.970557801501798378e+00 4.981458967815306038e+07 5.111592430649078089e+00
2.007267303562568106e+00 5.174118856314920634e+07 5.111115505290946714e+00
2.044660666579115826e+00 5.372639087954328954e+07 5.110754539793277651e+00
2.082750630190514318e+00 5.577082366242693365e+07 5.110508427538457354e+00
2.121550171362450055e+00 5.787498919765327871e+07 5.110376047607866568e+00
2.161072508808376647e+00 6.003940273254632950e+07 5.110355699397007179e+00
2.201331107493030181e+00 6.226461824660503119e+07 5.110445044725950403e+00
2.242339683219845003e+00 6.455125978007427603e+07 5.110641045482923417e+00
2.284112207303823361e+00 6.690005901492676139e+07 5.110939896502156188e+00
2.326662911331458083e+00 6.931189987095071375e+07 5.111336953361923285e+00
2.370006292009327886e+00 7.178787095924098790e+07 5.111826654774159095e+00
2.414157116103017753e+00 7.432932683006373048e+07 5.112402439222428541e+00
2.459130425468043946e+00 7.693795906667532027e+07 5.113056655491404534e+00
2.504941542174502267e+00 7.961587789688673615e+07 5.113780468547513003e+00
2.551606073727183954e+00 8.236509606030817330e+07 5.114565831396057582e+00
2.599139918382932901e+00 8.518620139410652220e+07 5.115409750798704636e+00
2.647559270567066747e+00 8.807950650366190076e+07 5.116309837268240734e+00
2.696880626390692370e+00 9.104536396585336328e+07 5.117263231008978508e+00
2.747120789270811603e+00 9.408420329052279890e+07 5.118266559712126629e+00
2.798296875655115645e+00 9.719657493226914108e+07 5.119315893290252717e+00
2.850426320853434614e+00 1.003832021710379571e+08 5.120406695358714622e+00
2.903526884977813971e+00 1.036450417602933645e+08 5.121533771262929413e+00
2.957616658993253544e+00 1.069833543364887536e+08 5.122691212441673692e+00
3.012714070881164385e+00 1.103997811067942083e+08 5.123872348705241997e+00
3.068837891917642224e+00 1.138957084583893269e+08 5.125071498530042291e+00
3.126007243068700259e+00 1.174713321003970355e+08 5.126286144596253536e+00
3.184241601504649744e+00 1.211267568120409548e+08 5.127513947428126606e+00
3.243560807235807975e+00 1.248622096267529726e+08 5.128752287827270884e+00
3.303985069871854918e+00 1.286780966270724237e+08 5.129998244842207455e+00
3.365534975507090909e+00 1.325750690783606619e+08 5.131248572253215734e+00
3.428231493733967294e+00 1.365540999122800231e+08 5.132499673483605918e+00
3.492095984787267682e+00 1.406165716799338460e+08 5.133747574844345962e+00
3.557150206821382277e+00 1.447640909285234511e+08 5.134988287497980863e+00
3.623416323323146226e+00 1.489970669142818153e+08 5.136219758082079423e+00
3.690916910662774608e+00 1.533155129499066770e+08 5.137440638339993093e+00
3.759674965785463563e+00 1.577196395159261227e+08 5.138649514887074332e+00
3.829713914046277257e+00 1.622099268269502819e+08 5.139844905632392269e+00
3.901057617190989202e+00 1.667872075636520088e+08 5.141025257153241768e+00
3.973730381485604202e+00 1.714527616503061950e+08 5.142188941988172779e+00
4.047756965997318268e+00 1.762082663708526194e+08 5.143334321931878783e+00
4.123162591029748469e+00 1.810539248092745245e+08 5.144460548501755603e+00
4.199972946715301525e+00 1.859887039338183999e+08 5.145567405932319538e+00
4.278214201767612579e+00 1.910115819001288414e+08 5.146654789295554977e+00
4.357913012397025554e+00 1.961216272760707736e+08 5.147722704885454803e+00
4.439096531392166867e+00 2.013180617282589674e+08 5.148771282485711254e+00
4.521792417370697592e+00 2.066003326552763879e+08 5.149800788583719147e+00
4.606028844202397998e+00 2.119681967408526540e+08 5.150811640594591623e+00
4.691834510607794329e+00 2.174218154862565994e+08 5.151804422162887143e+00
4.779238649935595440e+00 2.229618638848297000e+08 5.152779899614266412e+00
4.868271040122278848e+00 2.285896535281829536e+08 5.153739039634020358e+00
4.958962013837211913e+00 2.343072715903480649e+08 5.154683028254442689e+00
5.051342468816761411e+00 2.401175701724184155e+08 5.155613256624913987e+00
5.145443878390924652e+00 2.460212845234527290e+08 5.156530728941718600e+00
5.241298302206056192e+00 2.520168132787818909e+08 5.157436080369921072e+00
5.338938397147350301e+00 2.581025443948087096e+08 5.158330087103078831e+00
5.438397428464796235e+00 2.642770021870931387e+08 5.159213699108085471e+00
5.539709281106400596e+00 2.705389209583582282e+08 5.160088056308768323e+00
5.642908471262536807e+00 2.768873294387993217e+08 5.160954505954916449e+00
5.748030158125351008e+00 2.833216470396746397e+08 5.161814621255967239e+00
5.855110155867238042e+00 2.898417930088872910e+08 5.162670221363948819e+00
5.964184945842459840e+00 2.964483096831876040e+08 5.163523392795973166e+00
6.075291689016070862e+00 3.031422753578302860e+08 5.164376393191148829e+00
6.188468238624382778e+00 3.099229680060264468e+08 5.165230401976586450e+00
6.303753153071275150e+00 3.167883910266699195e+08 5.166085874652044829e+00
6.421185709064758385e+00 3.237367743834682107e+08 5.166943334840707891e+00
6.540805914998252923e+00 3.307666911190760732e+08 5.167803394624357338e+00
6.662654524581149929e+00 3.378771624475863576e+08 5.168666762603609577e+00
6.786773050723295064e+00 3.450677762805038095e+08 5.169534252548358744e+00
6.913203779678127603e+00 3.523388203780469894e+08 5.170406792677778363e+00
7.041989785449288775e+00 3.596914026835234165e+08 5.171285425290252036e+00
7.173174944465612768e+00 3.671257022625598311e+08 5.172170644865111910e+00
7.306803950529499936e+00 3.746394781231291294e+08 5.173061899556051557e+00
7.442922330043757917e+00 3.822305249158843756e+08 5.173958482361767253e+00
7.581576457522110069e+00 3.898970199849734306e+08 5.174859617796881750e+00
7.722813571388642551e+00 3.976376341057212949e+08 5.175764457134328644e+00
7.866681790071582192e+00 4.054516558197639585e+08 5.176672073349307901e+00
8.013230128396878982e+00 4.133391299625474811e+08 5.177581456058634402e+00
8.162508514287219796e+00 4.212999399719608426e+08 5.178492081596205665e+00
8.314567805772055564e+00 4.293314025755665302e+08 5.179405211518709251e+00
8.469459808314576676e+00 4.374305351389026642e+08 5.180322639288484687e+00
8.627237292461440887e+00 4.455947256506195068e+08 5.181246389694049270e+00
8.787954011821311084e+00 4.538218433918451071e+08 5.182178738211434599e+00
8.951664721378293166e+00 4.621103628529000282e+08 5.183122231739072383e+00
9.118425196146562328e+00 4.704595019715835452e+08 5.184079710798694229e+00
9.288292250172489162e+00 4.788693758728249073e+08 5.185054333301216012e+00
9.461323755890759912e+00 4.873411674204769731e+08 5.186049599983562963e+00
9.637578663841079418e+00 4.958773160563543439e+08 5.187069381630251996e+00
9.817117022752183786e+00 5.044817266073437333e+08 5.188117948201633745e+00
1.000000000000000000e+01 5.131600000000001192e+08 5.189199999999998703e+00
