# Source: PRIMAT compilation, https://doi.org/10.1016/j.physrep.2018.04.005
1.000000000000000021e-03 8.319999999999942281e-64 3.000000000000000000e+00
1.018628990244687619e-03 2.136609228232228331e-63 3.000000000000000000e+00
1.037605019766911670e-03 5.518468318891195745e-63 3.000000000000000000e+00
1.056934553557988335e-03 1.433181907213251178e-62 2.999999999999999556e+00
1.076624177045493267e-03 3.741674874118298827e-62 2.999999999999999556e+00
1.096680598336868600e-03 9.817487766622320413e-62 3.000000000000000000e+00
1.117110650504824203e-03 2.588134327366004151e-61 2.999999999999999556e+00
1.137921293915315117e-03 6.853347853128824730e-61 2.999999999999999556e+00
1.159119618598885779e-03 1.822302533072252975e-60 3.000000000000000000e+00
1.180712846666190276e-03 4.864149848039351705e-60 3.000000000000000444e+00
1.202708334768511989e-03 1.302938711933499495e-59 3.000000000000000000e+00
1.225113576604118949e-03 3.501290991056869667e-59 2.999999999999999556e+00
1.247936205471311460e-03 9.435632298550440529e-59 2.999999999999999112e+00
1.271183996869028896e-03 2.549169061571735517e-58 3.000000000000000888e+00
1.294864871145904933e-03 6.901638900596738310e-58 3.000000000000000000e+00
1.318986896198670470e-03 1.871836387067995767e-57 3.000000000000000888e+00
1.343558290220826226e-03 5.083662903766338918e-57 3.000000000000000000e+00
1.368587424502519176e-03 1.381990730485374071e-56 2.999999999999999556e+00
1.394082826282578647e-03 3.759020310770897993e-56 3.000000000000000000e+00
1.420053181653683095e-03 1.022592225728424628e-55 3.000000000000000888e+00
1.446507338521647217e-03 2.781002464064926483e-55 2.999999999999999556e+00
1.473454309619835756e-03 7.557533033544796991e-55 3.000000000000000444e+00
1.500903275579736594e-03 2.051367357159805023e-54 3.000000000000000000e+00
1.528863588058731147e-03 5.558952289757456934e-54 3.000000000000000000e+00
1.557344772926135207e-03 1.503234870033065708e-53 3.000000000000000444e+00
1.586356533508589657e-03 4.054531191823072784e-53 3.000000000000000444e+00
1.615908753895919101e-03 1.090253731693264533e-52 3.000000000000000000e+00
1.646011502308549748e-03 2.921319603475633723e-52 3.000000000000000000e+00
1.676675034527699143e-03 7.796241858220464399e-52 3.000000000000000000e+00
1.707909797389426916e-03 2.071265820111553151e-51 3.000000000000000888e+00
1.739726432343800767e-03 5.475456235007675967e-51 3.000000000000000444e+00
1.772135779080358372e-03 1.439558061377096880e-50 3.000000000000000000e+00
1.805148879221108154e-03 3.762310083516990957e-50 2.999999999999999556e+00
1.838776980082326793e-03 9.769924884559450947e-50 2.999999999999999556e+00
1.873031538506436536e-03 2.519633674776773006e-49 3.000000000000000888e+00
1.907924224765265072e-03 6.450540793214547337e-49 2.999999999999999556e+00
1.943466926536020246e-03 1.638612627792033348e-48 2.999999999999999556e+00
1.979671752951332481e-03 4.128516718201370186e-48 3.000000000000000000e+00
2.016551038724746607e-03 1.031274229108268271e-47 2.999999999999999556e+00
2.054117348353064112e-03 2.553004968788406569e-47 3.000000000000000444e+00
2.092383480396977150e-03 6.261429027306012355e-47 3.000000000000000000e+00
2.131362471841437810e-03 1.520898618287432585e-46 3.000000000000000000e+00
2.171067602537264923e-03 3.657703735062147518e-46 3.000000000000000000e+00
2.211512399725488933e-03 8.707482868529500141e-46 2.999999999999999556e+00
2.252710642645980484e-03 2.051479735907131338e-45 3.000000000000000000e+00
2.294676367231936100e-03 4.782663193973724691e-45 3.000000000000000000e+00
2.337423870891814758e-03 1.103223072410649550e-44 3.000000000000000000e+00
2.380967717380358135e-03 2.517905068866269665e-44 2.999999999999999556e+00
2.425322741760352948e-03 5.686185705372450064e-44 3.000000000000000444e+00
2.470504055456825433e-03 1.270769290886958870e-43 2.999999999999999556e+00
2.516527051405391836e-03 2.811081928740888281e-43 3.000000000000000444e+00
2.563407409296514835e-03 6.157172971184486410e-43 3.000000000000000444e+00
2.611161100917459583e-03 1.335910276904072544e-42 3.000000000000000000e+00
2.659804395593758260e-03 2.872764551678735092e-42 3.000000000000000444e+00
2.709353865732051433e-03 6.126958574077627082e-42 2.999999999999999556e+00
2.759826392466180594e-03 1.297087704725728479e-41 3.000000000000000888e+00
2.811239171408464344e-03 2.728338240287140047e-41 3.000000000000000000e+00
2.863609718508115885e-03 5.708609146480307134e-41 3.000000000000000444e+00
2.916955876018795853e-03 1.189719956127659674e-40 2.999999999999999556e+00
2.971295818577334054e-03 2.473477753276380284e-40 3.000000000000000444e+00
3.026648059395692196e-03 5.138813198613420700e-40 3.000000000000000444e+00
3.083031456568277075e-03 1.067738513746757049e-39 3.000000000000000000e+00
3.140465219496752208e-03 2.218167697410392989e-39 2.999999999999999556e+00
3.198968915434537586e-03 4.605790986765676917e-39 3.000000000000000000e+00
3.258562476153226226e-03 9.555287510328788955e-39 3.000000000000000444e+00
3.319266204733189573e-03 1.979970631707508323e-38 3.000000000000000888e+00
3.381100782480685445e-03 4.096298649843733339e-38 3.000000000000000444e+00
3.444087275973823411e-03 8.458271547230346201e-38 3.000000000000000000e+00
3.508247144239792347e-03 1.742469355566139657e-37 3.000000000000000000e+00
3.573602246065788347e-03 3.579941401663828494e-37 3.000000000000000000e+00
3.640174847446141400e-03 7.332386193232536161e-37 2.999999999999999556e+00
3.707987629168172684e-03 1.496589878898221975e-36 2.999999999999999556e+00
3.777063694539364597e-03 3.042819244919008950e-36 2.999999999999999556e+00
3.847426577258505898e-03 6.160160584022293458e-36 2.999999999999999556e+00
3.919100249433401899e-03 1.241298999485052081e-35 3.000000000000000444e+00
3.992109129748053209e-03 2.488599891946946445e-35 3.000000000000000444e+00
4.066478091781853925e-03 4.962146354629969645e-35 3.000000000000000000e+00
4.142232472483897525e-03 9.839000832690584364e-35 2.999999999999999556e+00
4.219398080805024202e-03 1.939878841216107413e-34 3.000000000000000000e+00
4.298001206490798497e-03 3.803069964403908277e-34 3.000000000000000444e+00
4.378068629038166758e-03 7.413867221958273079e-34 2.999999999999999556e+00
4.459627626819095622e-03 1.437287956479054372e-33 3.000000000000000000e+00
4.542705986374042521e-03 2.771369696016834622e-33 3.000000000000000444e+00
4.627332011878692967e-03 5.316039043247866829e-33 3.000000000000000000e+00
4.713534534786906725e-03 1.014722225533479888e-32 3.000000000000000000e+00
4.801342923653449841e-03 1.928092248518836690e-32 2.999999999999999112e+00
4.890787094139589959e-03 3.648578412027237679e-32 3.000000000000000000e+00
4.981897519205159656e-03 6.879695928570745584e-32 2.999999999999999556e+00
5.074705239490466188e-03 1.293326759329115634e-31 3.000000000000000000e+00
5.169241873891598608e-03 2.424175695926382317e-31 2.999999999999999556e+00
5.265539630332755246e-03 4.529579033704768761e-31 3.000000000000000000e+00
5.363631316739239652e-03 8.435621262318257662e-31 3.000000000000000444e+00
5.463550352214875498e-03 1.565587512867371325e-30 3.000000000000000000e+00
5.565330778427646403e-03 2.895231975302334473e-30 3.000000000000000000e+00
5.669007271207434327e-03 5.334456587910346161e-30 2.999999999999999556e+00
5.774615152359819509e-03 9.791845543389787373e-30 3.000000000000000000e+00
5.882190401699956099e-03 1.790549578239213038e-29 2.999999999999999556e+00
5.991769669310619169e-03 3.261745932628102109e-29 3.000000000000000000e+00
6.103390288028621123e-03 5.919136477364680942e-29 3.000000000000000000e+00
6.217090286163826779e-03 1.070008537900038012e-28 2.999999999999999556e+00
6.332908400455114321e-03 1.926696177390743103e-28 3.000000000000000000e+00
6.450884089267692675e-03 3.455627917547723459e-28 3.000000000000000444e+00
6.571057546036270826e-03 6.173549599744583913e-28 3.000000000000000000e+00
6.693469712958660493e-03 1.098654720557819289e-27 3.000000000000000444e+00
6.818162294944479437e-03 1.947822667791587411e-27 3.000000000000000888e+00
6.945177773823696388e-03 3.440841324819617446e-27 3.000000000000000888e+00
7.074559422819878297e-03 6.057463885064084462e-27 3.000000000000000888e+00
7.206351321293052656e-03 1.062802631772287717e-26 3.000000000000000000e+00
7.340598369757212090e-03 1.858323118910722723e-26 3.000000000000000000e+00
7.477346305177588227e-03 3.238008099045768631e-26 3.000000000000000888e+00
7.616641716552892058e-03 5.622344337915937493e-26 2.999999999999999112e+00
7.758532060787835978e-03 9.728580030499942359e-26 3.000000000000000000e+00
7.903065678861348128e-03 1.677645944625185998e-25 3.000000000000000444e+00
8.050291812295981564e-03 2.883461053569002093e-25 3.000000000000000000e+00
8.200260619934130954e-03 4.939869963953428888e-25 2.999999999999999556e+00
8.353023195026778799e-03 8.434999371366812216e-25 3.000000000000000000e+00
8.508631582640582489e-03 1.435524065026210610e-24 3.000000000000000000e+00
8.667138797389234081e-03 2.434967049768125691e-24 3.000000000000000888e+00
8.828598841495149604e-03 4.116700220564244356e-24 3.000000000000000000e+00
8.993066723187623582e-03 6.937643592549716990e-24 3.000000000000000000e+00
9.160598475443709407e-03 1.165509559205670145e-23 2.999999999999999556e+00
9.331251175078249249e-03 1.951796838244156674e-23 2.999999999999999112e+00
9.505082962189511861e-03 3.257845039517393608e-23 3.000000000000000000e+00
9.682153059967075343e-03 5.419703269739739609e-23 2.999999999999999556e+00
9.862521794868784469e-03 8.985731573752880781e-23 2.999999999999999112e+00
1.004625061717340749e-02 1.484774318833720758e-22 2.999999999999999112e+00
1.023340212191641702e-02 2.445144756636671513e-22 3.000000000000000000e+00
1.042404007021556327e-02 4.013328351462078275e-22 2.999999999999998668e+00
1.061822941099384125e-02 6.565921262819890000e-22 2.999999999999999112e+00
1.081603630310709954e-02 1.070854826677986720e-21 2.999999999999998668e+00
1.101752813788386791e-02 1.741336249036186631e-21 3.000000000000000444e+00
1.122277356208507652e-02 2.823643678269731114e-21 3.000000000000000444e+00
1.143184250129149725e-02 4.565331140995556690e-21 2.999999999999999556e+00
1.164480618372686072e-02 7.358935422166287417e-21 2.999999999999999556e+00
1.186173716452478509e-02 1.182470435764216045e-20 3.000000000000000444e+00
1.208270935044776506e-02 1.893910132494739005e-20 2.999999999999999556e+00
1.230779802506665188e-02 3.023655534905445304e-20 3.000000000000000000e+00
1.253707987440920262e-02 4.812725833313120298e-20 2.999999999999999112e+00
1.277063301308643990e-02 7.639150050028323900e-20 2.999999999999999556e+00
1.300853701090571267e-02 1.209564158817579382e-19 2.999999999999999556e+00
1.325087291997953214e-02 1.910943238862208706e-19 2.999999999999998668e+00
1.349772330233941706e-02 3.011737711755637636e-19 2.999999999999999112e+00
1.374917225806419029e-02 4.733749506860079451e-19 2.999999999999999112e+00
1.400530545393219653e-02 7.417841689989055576e-19 2.999999999999999112e+00
1.426621015260736910e-02 1.158583372746049683e-18 2.999999999999999556e+00
1.453197524236895383e-02 1.803711529693243753e-18 3.000000000000000000e+00
1.480269126739508674e-02 2.799322450016300476e-18 3.000000000000000000e+00
1.507845045861051086e-02 4.331716993871016084e-18 3.000000000000000000e+00
1.535934676510897039e-02 6.684307234639553002e-18 3.000000000000000000e+00
1.564547588616095955e-02 1.028673158039968980e-17 3.000000000000000888e+00
1.593693530381774456e-02 1.578953412774745956e-17 3.000000000000000444e+00
1.623382431612278159e-02 2.417608091698096896e-17 2.999999999999999556e+00
1.653624407094180307e-02 3.692504832548315133e-17 2.999999999999999556e+00
1.684429760042315330e-02 5.625257262591215465e-17 2.999999999999999112e+00
1.715808985610004986e-02 8.547224696805330633e-17 3.000000000000000000e+00
1.747772774464680795e-02 1.295249471393040540e-16 2.999999999999999556e+00
1.780332016430113962e-02 1.957588445715503506e-16 2.999999999999999556e+00
1.813497804196495186e-02 2.950760243466920523e-16 3.000000000000000000e+00
1.847281437099634188e-02 4.436056841890852674e-16 3.000000000000000000e+00
1.881694424970555696e-02 6.651425690201540232e-16 2.999999999999999556e+00
1.916748492056815148e-02 9.947219445078714560e-16 3.000000000000000000e+00
1.952455581016860828e-02 1.483836446642864482e-15 3.000000000000000444e+00
1.988827856988809734e-02 2.208057706390964364e-15 3.000000000000000000e+00
2.025877711735016989e-02 3.278134971018370691e-15 3.000000000000000888e+00
2.063617767863858837e-02 4.855468783186430287e-15 3.000000000000000000e+00
2.102060883130158278e-02 7.174389787817497434e-15 3.000000000000000000e+00
2.141220154815729262e-02 1.057439699582580066e-14 3.000000000000000444e+00
2.181108924191518805e-02 1.554596480905967445e-14 3.000000000000000444e+00
2.221740781062883641e-02 2.279574944098948381e-14 3.000000000000000000e+00
2.263129568399528321e-02 3.333926193141043771e-14 2.999999999999999556e+00
2.305289387051707301e-02 4.863242490737365862e-14 3.000000000000000000e+00
2.348234600554275145e-02 7.075822098798344400e-14 3.000000000000000000e+00
2.391979840020238418e-02 1.026915285773392305e-13 3.000000000000000000e+00
2.436540009125464853e-02 1.486752148466668849e-13 2.999999999999999112e+00
2.481930289186254010e-02 2.147551154619070780e-13 2.999999999999999112e+00
2.528166144331499277e-02 3.095396979208830351e-13 3.000000000000000000e+00
2.575263326771199887e-02 4.452184066821509630e-13 3.000000000000000000e+00
2.623237882163122203e-02 6.389813852550532875e-13 3.000000000000000000e+00
2.672106155079433804e-02 9.150434507912902221e-13 2.999999999999999556e+00
2.721884794575178332e-02 1.307438997810173583e-12 2.999999999999999112e+00
2.772590759860482645e-02 1.863905034898878708e-12 2.999999999999999556e+00
2.824241326078434297e-02 2.651275104608737340e-12 2.999999999999999556e+00
2.876854090190592711e-02 3.762973735600591977e-12 2.999999999999999112e+00
2.930446976972142861e-02 5.329439063720121920e-12 2.999999999999999556e+00
2.985038245118730796e-02 7.532642104170698469e-12 3.000000000000000000e+00
3.040646493467067182e-02 1.062617613215898329e-11 2.999999999999999556e+00
3.097290667331408301e-02 1.496098788518349326e-11 2.999999999999999556e+00
3.154990064958086704e-02 2.102101777877729356e-11 2.999999999999999556e+00
3.213764344100276948e-02 2.947256709738230439e-11 2.999999999999999556e+00
3.273633528715245988e-02 4.123048390833746445e-11 3.000000000000000000e+00
3.334618015786364187e-02 5.754746997983867876e-11 3.000000000000000000e+00
3.396738582272208068e-02 8.013436730161793582e-11 3.000000000000000000e+00
3.460016392185108480e-02 1.113219326574626675e-10 3.000000000000000444e+00
3.524473003801584237e-02 1.542782044635546840e-10 3.000000000000000444e+00
3.590130377007068330e-02 2.133004677971323148e-10 3.000000000000000444e+00
3.657010880777489259e-02 2.942075593114573895e-10 2.999999999999999112e+00
3.725137300800209633e-02 4.048675913977216529e-10 3.000000000000000444e+00
3.794532847236938011e-02 5.559092408307182801e-10 2.999999999999999112e+00
3.865221162631261864e-02 7.616832076055427341e-10 2.999999999999999112e+00
3.937226329963479377e-02 1.041566791099860208e-09 3.000000000000000000e+00
4.010572880855495931e-02 1.421742267474315952e-09 3.000000000000000000e+00
4.085285803928561527e-02 1.937474149562952102e-09 3.000000000000000000e+00
4.161390553316707264e-02 2.635786658750252584e-09 2.999999999999999556e+00
4.238913057338778573e-02 3.579409264428486938e-09 3.000000000000000000e+00
4.317879727332021161e-02 4.851893510815814329e-09 3.000000000000000000e+00
4.398317466650223523e-02 6.564281306959039476e-09 3.000000000000000000e+00
4.480253679829489938e-02 8.863845941330274198e-09 3.000000000000000000e+00
4.563716281924758839e-02 1.194554432288896954e-08 2.999999999999999112e+00
4.648733708020256344e-02 1.606702250458098556e-08 3.000000000000000000e+00
4.735334922917116413e-02 2.156829123197382466e-08 3.000000000000001332e+00
4.823549431001467047e-02 2.889756226025989371e-08 3.000000000000000444e+00
4.913407286296361809e-02 3.864525013302891979e-08 3.000000000000000444e+00
5.004939102700953213e-02 5.158885679286535572e-08 3.000000000000000444e+00
5.098176064420424647e-02 6.874983371760011227e-08 3.000000000000000444e+00
5.193149936590212012e-02 9.145932913662547562e-08 3.000000000000000888e+00
5.289893076098151070e-02 1.214515595522599854e-07 3.000000000000001332e+00
5.388438442608223938e-02 1.609831718478516224e-07 3.000000000000000444e+00
5.488819609789671872e-02 2.129854187939993726e-07 3.000000000000000444e+00
5.591070776755290017e-02 2.812599153976564796e-07 3.000000000000000888e+00
5.695226779712821846e-02 3.707307450132119018e-07 3.000000000000000000e+00
5.801323103833375128e-02 4.877697530457371159e-07 3.000000000000001332e+00
5.909395895340967958e-02 6.406174131104903800e-07 3.000000000000000444e+00
6.019481973827271043e-02 8.399291601296003833e-07 2.999999999999999556e+00
6.131618844795772016e-02 1.099438815904348801e-06 3.000000000000000444e+00
6.245844712439614643e-02 1.436716353462382444e-06 3.000000000000000444e+00
6.362198492657485105e-02 1.874254180565055057e-06 3.000000000000000000e+00
6.480719826311967524e-02 2.440817220959937981e-06 2.999999999999999556e+00
6.601449092734885948e-02 3.173144053832573018e-06 2.999999999999999556e+00
6.724427423484245769e-02 4.118109378057759535e-06 3.000000000000000444e+00
6.849696716357443760e-02 5.335479946071282784e-06 3.000000000000000000e+00
6.977299649665534564e-02 6.901438736170431094e-06 3.000000000000000444e+00
7.107279696773415034e-02 8.912989251538313277e-06 3.000000000000000000e+00
7.239681140910873836e-02 1.149265847943936355e-05 2.999999999999999556e+00
7.374549090259549522e-02 1.479501761366182586e-05 3.000000000000000888e+00
7.511929493320965157e-02 1.901507862231265004e-05 3.000000000000000000e+00
7.651869154570821452e-02 2.439855982271536147e-05 3.000000000000000000e+00
7.794415750404946885e-02 3.125475771532146529e-05 3.000000000000000444e+00
7.939617845382279659e-02 3.997273187905598578e-05 3.000000000000000444e+00
8.087524908770453436e-02 5.104156633309956526e-05 3.000000000000001332e+00
8.238187331399605962e-02 6.507291290041542116e-05 3.000000000000000000e+00
8.391656442830157381e-02 8.282961681311474720e-05 3.000000000000001332e+00
8.547984528840409102e-02 1.052637599406059386e-04 3.000000000000000444e+00
8.707224849239916797e-02 1.335627496890760292e-04 3.000000000000000000e+00
8.869431656014709064e-02 1.692068689663728492e-04 3.000000000000000000e+00
9.034660211810524588e-02 2.140414732410703472e-04 3.000000000000000000e+00
9.202966808760409956e-02 2.703591646038228861e-04 2.999999999999999556e+00
9.374408787662991127e-02 3.409884276310278873e-04 3.000000000000000000e+00
9.549044557518077125e-02 4.294247086419417038e-04 2.999999999999999556e+00
9.726933615426168467e-02 5.399860627471587092e-04 2.999999999999999556e+00
9.908136566858666283e-02 6.780035542052873952e-04 3.000000000000000444e+00
1.009271514630570854e-01 8.500560707937976574e-04 2.999999999999999556e+00
1.028073223830864719e-01 1.064225312976524928e-03 3.000000000000000444e+00
1.047225189888434382e-01 1.330407665142374152e-03 3.000000000000000000e+00
1.066733937734857113e-01 1.660736820915479370e-03 3.000000000000000000e+00
1.086606113854596822e-01 2.070083853916399735e-03 3.000000000000000000e+00
1.106848488549412035e-01 2.576671555472249357e-03 2.999999999999999556e+00
1.127467958244946084e-01 3.202744926958905024e-03 3.000000000000000444e+00
1.148471547840289042e-01 3.975330661745577615e-03 3.000000000000000000e+00
1.169866413101306873e-01 4.927324325511732439e-03 3.000000000000000000e+00
1.191659843098558796e-01 6.098759067326596159e-03 2.999999999999999556e+00
1.213859262690627772e-01 7.538333168945215816e-03 3.000000000000000444e+00
1.236472235053715091e-01 9.304978177981345147e-03 3.000000000000000000e+00
1.259506464258357550e-01 1.146987732253620593e-02 2.999999999999999112e+00
1.282969797894147612e-01 1.411913763517529813e-02 3.000000000000000444e+00
1.306870229743346268e-01 1.735690675001094058e-02 2.999999999999998668e+00
1.331215902504307713e-01 2.130876213616875181e-02 3.000000000000000000e+00
1.356015110565633452e-01 2.612544295555753113e-02 2.999999999999999556e+00
1.381276302832009362e-01 3.198824392312100973e-02 2.999999999999999556e+00
1.407008085602685088e-01 3.911525032567655241e-02 2.999999999999999112e+00
1.433219225503573890e-01 4.776801128943103381e-02 2.999999999999999112e+00
1.459918652473978506e-01 5.825876439728332190e-02 2.999999999999999556e+00
1.487115462808953625e-01 7.096103456632202322e-02 3.000000000000000444e+00
1.514818922258345801e-01 8.632172168494700593e-02 3.000000000000000000e+00
1.543038469183564687e-01 1.048737017907434704e-01 3.000000000000000000e+00
1.571783717773162781e-01 1.272513627378686063e-01 3.000000000000000444e+00
1.601064461318317811e-01 1.542113020658844036e-01 3.000000000000000000e+00
1.630890675549332702e-01 1.866538844306119271e-01 3.000000000000000000e+00
1.661272522034293042e-01 2.256413628133015492e-01 3.000000000000000000e+00
1.692220351641037235e-01 2.724298548582614332e-01 3.000000000000000444e+00
1.723744708063619790e-01 3.285058493597576290e-01 3.000000000000000444e+00
1.755856331414468730e-01 3.956282183161881627e-01 3.000000000000000444e+00
1.788566161883461958e-01 4.758786903696362591e-01 3.000000000000000444e+00
1.821885343465165230e-01 5.717212126107067416e-01 3.000000000000000888e+00
1.855825227755517060e-01 6.860510753424504671e-01 3.000000000000000000e+00
1.890397377819219571e-01 8.222663635719430486e-01 3.000000000000000444e+00
1.925613572129196704e-01 9.843676626940714991e-01 2.999999999999999556e+00
1.961485808579429280e-01 1.177067613538991031e+00 3.000000000000000000e+00
1.998026308572548593e-01 1.405923159938293754e+00 3.000000000000000444e+00
2.035247521183575770e-01 1.677469623503146545e+00 3.000000000000000000e+00
2.073162127401229071e-01 1.999265347985483388e+00 2.999999999999999556e+00
2.111783044448242164e-01 2.380083640641020182e+00 2.999999999999999556e+00
2.151123430182164953e-01 2.830129765633044414e+00 2.999999999999999556e+00
2.191196687578147451e-01 3.361263758202733154e+00 2.999999999999999112e+00
2.232016469295232397e-01 3.987260023610577520e+00 2.999999999999999112e+00
2.273596682327715113e-01 4.724111625967559291e+00 2.999999999999999556e+00
2.315951492743152096e-01 5.590389447600752071e+00 2.999999999999999556e+00
2.359095330508633737e-01 6.607669407296448583e+00 3.000000000000000888e+00
2.403042894406967056e-01 7.801044894134677499e+00 2.999999999999999556e+00
2.447809157044440187e-01 9.199746812807035212e+00 3.000000000000000444e+00
2.493409369951877785e-01 1.083790056364293264e+01 3.000000000000000000e+00
2.539859068780723761e-01 1.275527420315257743e+01 2.999999999999999556e+00
2.587174078595921300e-01 1.499709181169920491e+01 3.000000000000000888e+00
2.635370519267393186e-01 1.761500435729804792e+01 3.000000000000000444e+00
2.684464810961962322e-01 2.066834052926052934e+01 2.999999999999999556e+00
2.734473679737579599e-01 2.422521016995725063e+01 3.000000000000000888e+00
2.785414163241766161e-01 2.836378443872985144e+01 3.000000000000000444e+00
2.837303616516211324e-01 3.317379293659974593e+01 3.000000000000000444e+00
2.890159717909508430e-01 3.875828879535037430e+01 3.000000000000000444e+00
2.944000475100033709e-01 4.523574773507002789e+01 3.000000000000000888e+00
2.998844231231027613e-01 5.274258668505471093e+01 3.000000000000000444e+00
3.054709671159968054e-01 6.143536430454304309e+01 3.000000000000000444e+00
3.111615827824359970e-01 7.149036186657340863e+01 3.000000000000000000e+00
3.169582088726115021e-01 8.310742001421374425e+01 2.999999999999999556e+00
3.228628202536730218e-01 9.651390158050764967e+01 3.000000000000000000e+00
3.288774285825510346e-01 1.119685208209545237e+02 3.000000000000000444e+00
3.350040829913132900e-01 1.297658359551760725e+02 3.000000000000000000e+00
3.412448707852889229e-01 1.502415686670983064e+02 2.999999999999999556e+00
3.476019181541977754e-01 1.737789621301762111e+02 2.999999999999999556e+00
3.540773908965269556e-01 2.008157909284250877e+02 2.999999999999999556e+00
3.606734951574028236e-01 2.318433243177674115e+02 3.000000000000000888e+00
3.673924781802074269e-01 2.674113079583617605e+02 3.000000000000000444e+00
3.742366290721980682e-01 3.081403944246535502e+02 3.000000000000000444e+00
3.812082795843887983e-01 3.547317050273407517e+02 3.000000000000000888e+00
3.883098049059605095e-01 4.079779210961478952e+02 3.000000000000000444e+00
3.955436244734701345e-01 4.687764346871949783e+02 3.000000000000000000e+00
4.029122027951347884e-01 5.381447435139667732e+02 3.000000000000000444e+00
4.104180502904709038e-01 6.172229363385887382e+02 2.999999999999999112e+00
4.180637241455757991e-01 7.072756019887882530e+02 2.999999999999999556e+00
4.258518291843414461e-01 8.097204804295365648e+02 3.000000000000000000e+00
4.337850187558989212e-01 9.261493875264463895e+02 3.000000000000000000e+00
4.418659956385941334e-01 1.058351581512058829e+03 2.999999999999999556e+00
4.500975129608046355e-01 1.208341562604929322e+03 3.000000000000000444e+00
4.584823751389096036e-01 1.378380826837819086e+03 2.999999999999999556e+00
4.670234388327330621e-01 1.570969302417416429e+03 2.999999999999999556e+00
4.757236139187884794e-01 1.788893244040035825e+03 2.999999999999999112e+00
4.845858644816490868e-01 2.035271585568389582e+03 3.000000000000000000e+00
4.936132098237911991e-01 2.313601713516265136e+03 2.999999999999999556e+00
5.028087254942474882e-01 2.627813599521613924e+03 3.000000000000000000e+00
5.121755443364236493e-01 2.982261962708233568e+03 2.999999999999999556e+00
5.217168575554343990e-01 3.381686180022254575e+03 3.000000000000000888e+00
5.314359158053235666e-01 3.831323508911343197e+03 3.000000000000000000e+00
5.413360302965375404e-01 4.336973397416606531e+03 3.000000000000000000e+00
5.514205739240296555e-01 4.905062020835955991e+03 3.000000000000000444e+00
5.616929824163804374e-01 5.542718206476993146e+03 2.999999999999999556e+00
5.721567555063246102e-01 6.257863742634516711e+03 3.000000000000000444e+00
5.828154581230839959e-01 7.059321884715221131e+03 3.000000000000000444e+00
5.936727216069119795e-01 7.956948898582369111e+03 2.999999999999999112e+00
6.047322449462643190e-01 8.961785382647554798e+03 3.000000000000000000e+00
6.159977960380161877e-01 1.008589245017779467e+04 2.999999999999999112e+00
6.274732129711574347e-01 1.134221799873778764e+04 2.999999999999999556e+00
6.391624053343999412e-01 1.274496878856974035e+04 2.999999999999999112e+00
6.510693555481454897e-01 1.430976665916420097e+04 3.000000000000000000e+00
6.631981202212668958e-01 1.605380863427627992e+04 3.000000000000000444e+00
6.755528315331639222e-01 1.799605715062397212e+04 3.000000000000000000e+00
6.881376986415662644e-01 2.015746837634028270e+04 2.999999999999999556e+00
7.009570091165617800e-01 2.256126857401576490e+04 3.000000000000000444e+00
7.140151304013395706e-01 2.523299235600751126e+04 3.000000000000000444e+00
7.273165113001454074e-01 2.819991513750116428e+04 3.000000000000000888e+00
7.408656834939559843e-01 3.149169382106561898e+04 3.000000000000000888e+00
7.546672630843886953e-01 3.514078586344646465e+04 3.000000000000000888e+00
7.687259521663728501e-01 3.918277605713740195e+04 3.000000000000000000e+00
7.830465404301183430e-01 4.365677004456555005e+04 3.000000000000000444e+00
7.976339067929273385e-01 4.860587211168788053e+04 3.000000000000000444e+00
8.124930210614047521e-01 5.407748232931982784e+04 3.000000000000000000e+00
8.276289456246344045e-01 6.012199868032999075e+04 3.000000000000000000e+00
8.430468371788967241e-01 6.679358633754723996e+04 3.000000000000000000e+00
8.587519484845170803e-01 7.415120392035988334e+04 2.999999999999999556e+00
8.747496301554414933e-01 8.225915247312016436e+04 3.000000000000000000e+00
8.910453324821513421e-01 9.118773782570073672e+04 2.999999999999999112e+00
9.076446072885356875e-01 1.010140252485880774e+05 2.999999999999999112e+00
9.245531098233570333e-01 1.118211526453815022e+05 2.999999999999999556e+00
9.417766006869519035e-01 1.236981480323538126e+05 2.999999999999999556e+00
9.593209477938241525e-01 1.367419611938158050e+05 3.000000000000000444e+00
9.771921283717996953e-01 1.510585916155839222e+05 3.000000000000000000e+00
9.953962309984233370e-01 1.667643768475072284e+05 3.000000000000000444e+00
1.013939457675291811e+00 1.839867293173215003e+05 3.000000000000000888e+00
1.032828125941028574e+00 2.028581153924747778e+05 3.000000000000001332e+00
1.052068671023622892e+00 2.235173574539954425e+05 3.000000000000000000e+00
1.071667648032863296e+00 2.461132623935274896e+05 3.000000000000000000e+00
1.091631734193614811e+00 2.708055036031649215e+05 3.000000000000000888e+00
1.111967731120699021e+00 2.977656546701164916e+05 3.000000000000000000e+00
1.132682567136153784e+00 3.271784531240793876e+05 3.000000000000000888e+00
1.153783299629660863e+00 3.592433566791624180e+05 3.000000000000000444e+00
1.175277117462945276e+00 3.941764685847706278e+05 3.000000000000000444e+00
1.197171343418965694e+00 4.322129257855603355e+05 3.000000000000000444e+00
1.219473436696737023e+00 4.736098642978676944e+05 3.000000000000000000e+00
1.242190995452616242e+00 5.186501014797542593e+05 3.000000000000000444e+00
1.265331759388941713e+00 5.676445946963892784e+05 3.000000000000000444e+00
1.288903612390891462e+00 6.209109332896629348e+05 3.000000000000000888e+00
1.312914585212463958e+00 6.787734328700989718e+05 3.000000000000000000e+00
1.337372858212495075e+00 7.415773355023361510e+05 3.000000000000000888e+00
1.362286764141645401e+00 8.096909888789802790e+05 3.000000000000000444e+00
1.387664790981307128e+00 8.835082237047656672e+05 2.999999999999999556e+00
1.413515584835394190e+00 9.634513051448389888e+05 3.000000000000000000e+00
1.439847952876006643e+00 1.049974605288669234e+06 2.999999999999999556e+00
1.466670866343967150e+00 1.143569174568276852e+06 3.000000000000000444e+00
1.493993463605256311e+00 1.244768427216238575e+06 3.000000000000000444e+00
1.521825053264385552e+00 1.354149735626993701e+06 3.000000000000000444e+00
1.550175117335768737e+00 1.472298304209606955e+06 3.000000000000000444e+00
1.579053314474174297e+00 1.599817477897951147e+06 3.000000000000000444e+00
1.608469483265355215e+00 1.737348078019920271e+06 3.000000000000000444e+00
1.638433645577983100e+00 1.885572815983048407e+06 3.000000000000000000e+00
1.668956009978023181e+00 2.045221712715926347e+06 3.000000000000000444e+00
1.700046975206716438e+00 2.217078898621882778e+06 3.000000000000000444e+00
1.731717133723352786e+00 2.401991117723738775e+06 3.000000000000000000e+00
1.763977275314043469e+00 2.600876917711304501e+06 3.000000000000000000e+00
1.796838390767719229e+00 2.814689571583221201e+06 3.000000000000000000e+00
1.830311675620611256e+00 3.044393359028835781e+06 2.999999999999999556e+00
1.864408533970485227e+00 3.291010379106687382e+06 3.000000000000000444e+00
1.899140582361933616e+00 3.555631819053482264e+06 3.000000000000000444e+00
1.934519653744044332e+00 3.839428454658673145e+06 3.000000000000000888e+00
1.970557801501798378e+00 4.143663771054050419e+06 3.000000000000000888e+00
2.007267303562568106e+00 4.469709990373272449e+06 3.000000000000000444e+00
2.044660666579115826e+00 4.818997494363647886e+06 3.000000000000000888e+00
2.082750630190514318e+00 5.192902872523400933e+06 3.000000000000000444e+00
2.121550171362450055e+00 5.592845549934335984e+06 3.000000000000000444e+00
2.161072508808376647e+00 6.020311262777107768e+06 3.000000000000000444e+00
2.201331107493030181e+00 6.476859587149327621e+06 3.000000000000000888e+00
2.242339683219845003e+00 6.964133778685190715e+06 3.000000000000000444e+00
2.284112207303823361e+00 7.483873473539648578e+06 3.000000000000000444e+00
2.326662911331458083e+00 8.037930899213876575e+06 3.000000000000000000e+00
2.370006292009327886e+00 8.628291358073232695e+06 3.000000000000000444e+00
2.414157116103017753e+00 9.257098881217265502e+06 3.000000000000000000e+00
2.459130425468043946e+00 9.926688110941192135e+06 3.000000000000000000e+00
2.504941542174502267e+00 1.063962353456563689e+07 2.999999999999999556e+00
2.551606073727183954e+00 1.139859110722846910e+07 3.000000000000000000e+00
2.599139918382932901e+00 1.220604810140802711e+07 2.999999999999999112e+00
2.647559270567066747e+00 1.306447958245221898e+07 3.000000000000000444e+00
2.696880626390692370e+00 1.397647811478256807e+07 3.000000000000000888e+00
2.747120789270811603e+00 1.494475917278266698e+07 3.000000000000000000e+00
2.798296875655115645e+00 1.597218118361710571e+07 3.000000000000000000e+00
2.850426320853434614e+00 1.706177120827052370e+07 3.000000000000000000e+00
2.903526884977813971e+00 1.821675743378092349e+07 3.000000000000000888e+00
2.957616658993253544e+00 1.944060984424965084e+07 3.000000000000000888e+00
3.012714070881164385e+00 2.073708906094745547e+07 3.000000000000000444e+00
3.068837891917642224e+00 2.211004454077112675e+07 3.000000000000000444e+00
3.126007243068700259e+00 2.356305657213157788e+07 3.000000000000000444e+00
3.184241601504649744e+00 2.509979384101522714e+07 3.000000000000000444e+00
3.243560807235807975e+00 2.672409546299256757e+07 3.000000000000000888e+00
3.303985069871854918e+00 2.844000488700895011e+07 3.000000000000000000e+00
3.365534975507090909e+00 3.025181302306115255e+07 3.000000000000000444e+00
3.428231493733967294e+00 3.216411238200197369e+07 3.000000000000000444e+00
3.492095984787267682e+00 3.418186429861798137e+07 3.000000000000000000e+00
3.557150206821382277e+00 3.631035134939851612e+07 2.999999999999999556e+00
3.623416323323146226e+00 3.855453654020128399e+07 2.999999999999999556e+00
3.690916910662774608e+00 4.091937507977365702e+07 2.999999999999999556e+00
3.759674965785463563e+00 4.341008935210716724e+07 3.000000000000000000e+00
3.829713914046277257e+00 4.603222989735195041e+07 3.000000000000000444e+00
3.901057617190989202e+00 4.879175104153465480e+07 3.000000000000000444e+00
3.973730381485604202e+00 5.169510420245730877e+07 3.000000000000000444e+00
4.047756965997318268e+00 5.474925480847143382e+07 3.000000000000000000e+00
4.123162591029748469e+00 5.796054191682618111e+07 3.000000000000000000e+00
4.199972946715301525e+00 6.133470352955508232e+07 2.999999999999999556e+00
4.278214201767612579e+00 6.487759844383288920e+07 3.000000000000000000e+00
4.357913012397025554e+00 6.859526016811449826e+07 3.000000000000000444e+00
4.439096531392166867e+00 7.249394839684402943e+07 2.999999999999999556e+00
4.521792417370697592e+00 7.658021575357683003e+07 2.999999999999999556e+00
4.606028844202397998e+00 8.086099257079549134e+07 3.000000000000000444e+00
4.691834510607794329e+00 8.534369285526677966e+07 2.999999999999999556e+00
4.779238649935595440e+00 9.003634502901206911e+07 2.999999999999999112e+00
4.868271040122278848e+00 9.494775155489335954e+07 3.000000000000000000e+00
4.958962013837211913e+00 1.000876821751701534e+08 2.999999999999999556e+00
5.051342468816761411e+00 1.054669673323718756e+08 3.000000000000000000e+00
5.145443878390924652e+00 1.110951441606455743e+08 3.000000000000000000e+00
5.241298302206056192e+00 1.169800349984205514e+08 3.000000000000000444e+00
5.338938397147350301e+00 1.231295762843363285e+08 3.000000000000000888e+00
5.438397428464796235e+00 1.295519569762981236e+08 3.000000000000000000e+00
5.539709281106400596e+00 1.362557105867997110e+08 3.000000000000000000e+00
5.642908471262536807e+00 1.432498317613184452e+08 3.000000000000000000e+00
5.748030158125351008e+00 1.505439214745931029e+08 2.999999999999999556e+00
5.855110155867238042e+00 1.581483654535595477e+08 2.999999999999999556e+00
5.964184945842459840e+00 1.660745510583405197e+08 3.000000000000000000e+00
6.075291689016070862e+00 1.743348608690041304e+08 3.000000000000000000e+00
6.188468238624382778e+00 1.829399174720145762e+08 3.000000000000000000e+00
6.303753153071275150e+00 1.918989586432033777e+08 2.999999999999999556e+00
6.421185709064758385e+00 2.012215463421059251e+08 3.000000000000000000e+00
6.540805914998252923e+00 2.109177401609052122e+08 3.000000000000000444e+00
6.662654524581149929e+00 2.209982786750531197e+08 3.000000000000000444e+00
6.786773050723295064e+00 2.314748015867640078e+08 3.000000000000000444e+00
6.913203779678127603e+00 2.423601187945247889e+08 3.000000000000000000e+00
7.041989785449288775e+00 2.536684955835281909e+08 3.000000000000000000e+00
7.173174944465612768e+00 2.654134550531485379e+08 3.000000000000000000e+00
7.306803950529499936e+00 2.776055943185290098e+08 3.000000000000000000e+00
7.442922330043757917e+00 2.902556676572133303e+08 2.999999999999999556e+00
7.581576457522110069e+00 3.033751100055178404e+08 3.000000000000000444e+00
7.722813571388642551e+00 3.169762879890389442e+08 3.000000000000000000e+00
7.866681790071582192e+00 3.310728037940058112e+08 2.999999999999999112e+00
8.013230128396878982e+00 3.456798584278207421e+08 3.000000000000000000e+00
8.162508514287219796e+00 3.608127413397722244e+08 3.000000000000000000e+00
8.314567805772055564e+00 3.764823280609329939e+08 2.999999999999999556e+00
8.469459808314576676e+00 3.926988095762329102e+08 3.000000000000000444e+00
8.627237292461440887e+00 4.094728934861958027e+08 2.999999999999999556e+00
8.787954011821311084e+00 4.268160678729622364e+08 3.000000000000000000e+00
8.951664721378293166e+00 4.447409221163976192e+08 3.000000000000000888e+00
9.118425196146562328e+00 4.632615324898251891e+08 3.000000000000000444e+00
9.288292250172489162e+00 4.823939212972450256e+08 3.000000000000000888e+00
9.461323755890759912e+00 5.021565994222246408e+08 3.000000000000000444e+00
9.637578663841079418e+00 5.225712034966642857e+08 3.000000000000000444e+00
9.817117022752183786e+00 5.436632405343923569e+08 3.000000000000000444e+00
1.000000000000000000e+01 5.654629548999996185e+08 3.000000000000000000e+00
