# Source: PRIMAT compilation, https://doi.org/10.1016/j.physrep.2018.04.005
1.000000000000000021e-03 1.000000000000000008e-35 1.000000000000000000e+02
1.018628990244687619e-03 9.792319952113374456e-36 1.000000000000000000e+02
1.037605019766911670e-03 9.586157289904287722e-36 1.000000000000000995e+02
1.056934553557988335e-03 9.381606257524677181e-36 1.000000000000000000e+02
1.076624177045493267e-03 9.178760803312995204e-36 1.000000000000000000e+02
1.096680598336868600e-03 8.977714438558636023e-36 1.000000000000000000e+02
1.117110650504824203e-03 8.778560094821031603e-36 1.000000000000000000e+02
1.137921293915315117e-03 8.581389980404371695e-36 1.000000000000000000e+02
1.159119618598885779e-03 8.386295436641129004e-36 1.000000000000000000e+02
1.180712846666190276e-03 8.193366794690858642e-36 1.000000000000000995e+02
1.202708334768511989e-03 8.002693233610529318e-36 1.000000000000000995e+02
1.225113576604118949e-03 7.814362640516319628e-36 1.000000000000000995e+02
1.247936205471311460e-03 7.628461473701517521e-36 1.000000000000000000e+02
1.271183996869028896e-03 7.445074629647718505e-36 1.000000000000001990e+02
1.294864871145904933e-03 7.264285314908272134e-36 1.000000000000000995e+02
1.318986896198670470e-03 7.086174923921919839e-36 1.000000000000001990e+02
1.343558290220826226e-03 6.910822923862270714e-36 1.000000000000000995e+02
1.368587424502519176e-03 6.738306747705015801e-36 1.000000000000000995e+02
1.394082826282578647e-03 6.568701696758331767e-36 1.000000000000000995e+02
1.420053181653683095e-03 6.402080853972392318e-36 1.000000000000000995e+02
1.446507338521647217e-03 6.238515009427009940e-36 1.000000000000000995e+02
1.473454309619835756e-03 6.078072599473082802e-36 1.000000000000000995e+02
1.500903275579736594e-03 5.920819661097677791e-36 1.000000000000000995e+02
1.528863588058731147e-03 5.766819803179173050e-36 1.000000000000000000e+02
1.557344772926135207e-03 5.616134196412815977e-36 1.000000000000000995e+02
1.586356533508589657e-03 5.468821583810551766e-36 1.000000000000000995e+02
1.615908753895919101e-03 5.324938313820303996e-36 1.000000000000000995e+02
1.646011502308549748e-03 5.184538398278692594e-36 1.000000000000000995e+02
1.676675034527699143e-03 5.047673597598484505e-36 1.000000000000000995e+02
1.707909797389426916e-03 4.914393535817312972e-36 1.000000000000001990e+02
1.739726432343800767e-03 4.784745848400037847e-36 1.000000000000000000e+02
1.772135779080358372e-03 4.658776365995179556e-36 1.000000000000000995e+02
1.805148879221108154e-03 4.536529337722324234e-36 1.000000000000000995e+02
1.838776980082326793e-03 4.418047698008391053e-36 1.000000000000000000e+02
1.873031538506436536e-03 4.303373381521139758e-36 1.000000000000001990e+02
1.907924224765265072e-03 4.192547691388598642e-36 1.000000000000000995e+02
1.943466926536020246e-03 4.085611726654805052e-36 1.000000000000000995e+02
1.979671752951332481e-03 3.982606875851624980e-36 1.000000000000000995e+02
2.016551038724746607e-03 3.883575384674448924e-36 1.000000000000000000e+02
2.054117348353064112e-03 3.788561007100636476e-36 1.000000000000001990e+02
2.092383480396977150e-03 3.697609750919806142e-36 1.000000000000000995e+02
2.131362471841437810e-03 3.610770730623875689e-36 1.000000000000000995e+02
2.171067602537264923e-03 3.528097143009264959e-36 1.000000000000000995e+02
2.211512399725488933e-03 3.449647383777520149e-36 1.000000000000000000e+02
2.252710642645980484e-03 3.375486326990858217e-36 1.000000000000000000e+02
2.294676367231936100e-03 3.305686793625101570e-36 1.000000000000000995e+02
2.337423870891814758e-03 3.240331240824800261e-36 1.000000000000000995e+02
2.380967717380358135e-03 3.179513710081371705e-36 1.000000000000000000e+02
2.425322741760352948e-03 3.123342080710372643e-36 1.000000000000000000e+02
2.470504055456825433e-03 3.071940685107045260e-36 1.000000000000000000e+02
2.516527051405391836e-03 3.025453354815809064e-36 1.000000000000000995e+02
2.563407409296514835e-03 2.984046982114092619e-36 1.000000000000000000e+02
2.611161100917459583e-03 2.947915701421621029e-36 1.000000000000000000e+02
2.659804395593758260e-03 2.917285819519457854e-36 1.000000000000000995e+02
2.709353865732051433e-03 2.892421654716428590e-36 1.000000000000000000e+02
2.759826392466180594e-03 2.873632484634249635e-36 1.000000000000000995e+02
2.811239171408464344e-03 2.861280852687242732e-36 1.000000000000000000e+02
2.863609718508115885e-03 2.855792547907729112e-36 1.000000000000000000e+02
2.916955876018795853e-03 2.857668655945701056e-36 9.999999999999994316e+01
2.971295818577334054e-03 2.867500186771472346e-36 1.000000000000000000e+02
3.026648059395692196e-03 2.885966747428148101e-36 1.000000000000000995e+02
3.083031456568277075e-03 2.913368641132391603e-36 1.000000000000000000e+02
3.140465219496752208e-03 2.949518666395924635e-36 9.999999999999994316e+01
3.198968915434537586e-03 2.994176605636251051e-36 9.999999999999994316e+01
3.258562476153226226e-03 3.047048091135081447e-36 1.000000000000000000e+02
3.319266204733189573e-03 3.107755303907962614e-36 1.000000000000000995e+02
3.381100782480685445e-03 3.175802800721352068e-36 1.000000000000000000e+02
3.444087275973823411e-03 3.250538118347387918e-36 9.999999999999994316e+01
3.508247144239792347e-03 3.331107098816621358e-36 1.000000000000000000e+02
3.573602246065788347e-03 3.416404344820993057e-36 9.999999999999994316e+01
3.640174847446141400e-03 3.505019900076436957e-36 9.999999999999994316e+01
3.707987629168172684e-03 3.595184205027746410e-36 1.000000000000000000e+02
3.777063694539364597e-03 3.684714644000912229e-36 1.000000000000000000e+02
3.847426577258505898e-03 3.770968591347500994e-36 9.999999999999994316e+01
3.919100249433401899e-03 3.850809749478439867e-36 1.000000000000000995e+02
3.992109129748053209e-03 3.920596641304896234e-36 1.000000000000000995e+02
4.066478091781853925e-03 3.977845271700276397e-36 1.000000000000000000e+02
4.142232472483897525e-03 4.029342357925627342e-36 1.000000000000000000e+02
4.219398080805024202e-03 4.086594956014911897e-36 1.000000000000000995e+02
4.298001206490798497e-03 4.163184179291904343e-36 1.000000000000000995e+02
4.378068629038166758e-03 4.275409864944689622e-36 1.000000000000000995e+02
4.459627626819095622e-03 4.443628566890863125e-36 1.000000000000000995e+02
4.542705986374042521e-03 4.694687699085523725e-36 1.000000000000000995e+02
4.627332011878692967e-03 5.066184565765637962e-36 1.000000000000000995e+02
4.713534534786906725e-03 5.613932718933373730e-36 1.000000000000000995e+02
4.801342923653449841e-03 6.425366554992542697e-36 1.000000000000000000e+02
4.890787094139589959e-03 7.644494016121662566e-36 1.000000000000000000e+02
4.981897519205159656e-03 9.520426910413270065e-36 1.000000000000000000e+02
5.074705239490466188e-03 1.249482339045769087e-35 1.000000000000000000e+02
5.169241873891598608e-03 1.728498060994565273e-35 1.000000000000000000e+02
5.265539630332755246e-03 2.512462154404956055e-35 1.000000000000000000e+02
5.363631316739239652e-03 3.822983251853378867e-35 1.000000000000000995e+02
5.463550352214875498e-03 6.063122462650015165e-35 1.000000000000000995e+02
5.565330778427646403e-03 9.972780292885195652e-35 1.000000000000000000e+02
5.669007271207434327e-03 1.691566443024009834e-34 1.000000000000000000e+02
5.774615152359819509e-03 2.939734172367503912e-34 1.000000000000000000e+02
5.882190401699956099e-03 5.196434108850939856e-34 1.000000000000000000e+02
5.991769669310619169e-03 9.266651456803171881e-34 1.000000000000000000e+02
6.103390288028621123e-03 1.654575957735900906e-33 1.000000000000000995e+02
6.217090286163826779e-03 2.957897894322400923e-33 1.000000000000000000e+02
6.332908400455114321e-03 5.308490451817227775e-33 1.000000000000000000e+02
6.450884089267692675e-03 9.592870994983109276e-33 1.000000000000000000e+02
6.571057546036270826e-03 1.751316207991808603e-32 1.000000000000000000e+02
6.693469712958660493e-03 3.242127113863550929e-32 1.000000000000000000e+02
6.818162294944479437e-03 6.111268764907455613e-32 1.000000000000000995e+02
6.945177773823696388e-03 1.178267640247147010e-31 1.000000000000000000e+02
7.074559422819878297e-03 2.334821512841456522e-31 1.000000000000000995e+02
7.206351321293052656e-03 4.762836758382855440e-31 1.000000000000000000e+02
7.340598369757212090e-03 9.988102397061257900e-31 1.000000000000000000e+02
7.477346305177588227e-03 2.149623252209401173e-30 1.000000000000000000e+02
7.616641716552892058e-03 4.738511989344721701e-30 9.999999999999990052e+01
7.758532060787835978e-03 1.067410392794452588e-29 1.000000000000000995e+02
7.903065678861348128e-03 2.450760251920777031e-29 1.000000000000000000e+02
8.050291812295981564e-03 5.718765957069319027e-29 1.000000000000000995e+02
8.200260619934130954e-03 1.357904837236274461e-28 9.999999999999994316e+01
8.353023195026778799e-03 3.308450058809113695e-28 1.000000000000000995e+02
8.508631582640582489e-03 8.353123958665012102e-28 1.000000000000000995e+02
8.667138797389234081e-03 2.209423673271812819e-27 1.000000000000000995e+02
8.828598841495149604e-03 6.196444342230224662e-27 1.000000000000000000e+02
8.993066723187623582e-03 1.867222740460813923e-26 1.000000000000000000e+02
9.160598475443709407e-03 6.087125274708314134e-26 1.000000000000000000e+02
9.331251175078249249e-03 2.086240121449063469e-25 1.000000000000000000e+02
9.505082962189511861e-03 7.203651780372686130e-25 1.000000000000000000e+02
9.682153059967075343e-03 2.389569661768142835e-24 9.999999999999994316e+01
9.862521794868784469e-03 7.222346892009753602e-24 9.999999999999994316e+01
1.004625061717340749e-02 1.876069198134885177e-23 9.999999999999994316e+01
1.023340212191641702e-02 4.062260242441069350e-23 9.999999999999994316e+01
1.042404007021556327e-02 7.591329039299074049e-23 9.999999999999990052e+01
1.061822941099384125e-02 1.283827087870311841e-22 9.999999999999994316e+01
1.081603630310709954e-02 2.072700145808433907e-22 9.999999999999984368e+01
1.101752813788386791e-02 3.391658820699764551e-22 1.000000000000000995e+02
1.122277356208507652e-02 5.904315002595942494e-22 1.000000000000000000e+02
1.143184250129149725e-02 1.088350186119061097e-21 9.999999999999994316e+01
1.164480618372686072e-02 2.088335322265812990e-21 9.999999999999990052e+01
1.186173716452478509e-02 4.091938360123420836e-21 1.000000000000000000e+02
1.208270935044776506e-02 8.015474544560571643e-21 9.999999999999990052e+01
1.230779802506665188e-02 1.551384471238438597e-20 1.000000000000000000e+02
1.253707987440920262e-02 2.979535442952747724e-20 9.999999999999994316e+01
1.277063301308643990e-02 5.713211319580335614e-20 1.000000000000000000e+02
1.300853701090571267e-02 1.101296620015230963e-19 9.999999999999994316e+01
1.325087291997953214e-02 2.146547845377147811e-19 1.000000000000000000e+02
1.349772330233941706e-02 4.228219499852309656e-19 1.000000000000000000e+02
1.374917225806419029e-02 8.398235146408108512e-19 9.999999999999994316e+01
1.400530545393219653e-02 1.677834800935035366e-18 1.000000000000000000e+02
1.426621015260736910e-02 3.364311580001869226e-18 1.000000000000000000e+02
1.453197524236895383e-02 6.770118669475135292e-18 9.999999999999994316e+01
1.480269126739508674e-02 1.367931849820900871e-17 1.000000000000000000e+02
1.507845045861051086e-02 2.776798591249292895e-17 9.999999999999994316e+01
1.535934676510897039e-02 5.664368793800659514e-17 1.000000000000000995e+02
1.564547588616095955e-02 1.160712903850708104e-16 1.000000000000000995e+02
1.593693530381774456e-02 2.388129236208495617e-16 1.000000000000000000e+02
1.623382431612278159e-02 4.930995468058593476e-16 1.000000000000000000e+02
1.653624407094180307e-02 1.021393508810612302e-15 1.000000000000000000e+02
1.684429760042315330e-02 2.121750182469433396e-15 9.999999999999994316e+01
1.715808985610004986e-02 4.418660677580928624e-15 1.000000000000000995e+02
1.747772774464680795e-02 9.222018129306525254e-15 1.000000000000000000e+02
1.780332016430113962e-02 1.928122272219684989e-14 1.000000000000000000e+02
1.813497804196495186e-02 4.036838892809795598e-14 1.000000000000000000e+02
1.847281437099634188e-02 8.460055057296980964e-14 1.000000000000000000e+02
1.881694424970555696e-02 1.774038125587290268e-13 1.000000000000000000e+02
1.916748492056815148e-02 3.720806245564557219e-13 1.000000000000000000e+02
1.952455581016860828e-02 7.802145182775947974e-13 1.000000000000000000e+02
1.988827856988809734e-02 1.634949499593192665e-12 1.000000000000000995e+02
2.025877711735016989e-02 3.422192362694042246e-12 1.000000000000000995e+02
2.063617767863858837e-02 7.150542832765107875e-12 1.000000000000000000e+02
2.102060883130158278e-02 1.490315310835889530e-11 1.000000000000000000e+02
2.141220154815729262e-02 3.095778099699545460e-11 1.000000000000000000e+02
2.181108924191518805e-02 6.403820438938851676e-11 1.000000000000000995e+02
2.221740781062883641e-02 1.317914483790029125e-10 1.000000000000000000e+02
2.263129568399528321e-02 2.695813293414210719e-10 1.000000000000000000e+02
2.305289387051707301e-02 5.475147978908160838e-10 1.000000000000000000e+02
2.348234600554275145e-02 1.102874623279213032e-09 1.000000000000000000e+02
2.391979840020238418e-02 2.200754824406737961e-09 1.000000000000000000e+02
2.436540009125464853e-02 4.345022667836866923e-09 9.999999999999990052e+01
2.481930289186254010e-02 8.476446814847911268e-09 1.000000000000000000e+02
2.528166144331499277e-02 1.631726086447755106e-08 1.000000000000000000e+02
2.575263326771199887e-02 3.097029747859191650e-08 9.999999999999994316e+01
2.623237882163122203e-02 5.793911326383605232e-08 1.000000000000000000e+02
2.672106155079433804e-02 1.068109124707706297e-07 9.999999999999994316e+01
2.721884794575178332e-02 1.939941770145596130e-07 9.999999999999990052e+01
2.772590759860482645e-02 3.470793857659486017e-07 9.999999999999990052e+01
2.824241326078434297e-02 6.116494291605742007e-07 9.999999999999994316e+01
2.876854090190592711e-02 1.061716523774461752e-06 9.999999999999990052e+01
2.930446976972142861e-02 1.815436184731221293e-06 9.999999999999984368e+01
2.985038245118730796e-02 3.058392917341365976e-06 9.999999999999994316e+01
3.040646493467067182e-02 5.076379380901019822e-06 9.999999999999994316e+01
3.097290667331408301e-02 8.282635970626199543e-06 9.999999999999990052e+01
3.154990064958086704e-02 1.323370304452993309e-05 9.999999999999994316e+01
3.213764344100276948e-02 2.061966321247628078e-05 9.999999999999994316e+01
3.273633528715245988e-02 3.118869763983746028e-05 9.999999999999994316e+01
3.334618015786364187e-02 4.557052868757699264e-05 9.999999999999994316e+01
3.396738582272208068e-02 6.397539870232631825e-05 1.000000000000000000e+02
3.460016392185108480e-02 8.579406262806400210e-05 1.000000000000000000e+02
3.524473003801584237e-02 1.092139973190381580e-04 1.000000000000000000e+02
3.590130377007068330e-02 1.310724177132578715e-04 1.000000000000000000e+02
3.657010880777489259e-02 1.472140249803907794e-04 9.999999999999994316e+01
3.725137300800209633e-02 1.535062119946889242e-04 1.000000000000000000e+02
3.794532847236938011e-02 1.473326232748289834e-04 1.000000000000000000e+02
3.865221162631261864e-02 1.289524922112244914e-04 9.999999999999994316e+01
3.937226329963479377e-02 1.018976734933479142e-04 1.000000000000000000e+02
4.010572880855495931e-02 7.191446518393262337e-05 1.000000000000000000e+02
4.085285803928561527e-02 4.508126533849835617e-05 1.000000000000000995e+02
4.161390553316707264e-02 2.537425670288757888e-05 9.999999999999994316e+01
4.238913057338778573e-02 1.302013514075269811e-05 1.000000000000000000e+02
4.317879727332021161e-02 6.197155000234917773e-06 1.000000000000000000e+02
4.398317466650223523e-02 2.790311259643784073e-06 1.000000000000000000e+02
4.480253679829489938e-02 1.215083454159666910e-06 1.000000000000000000e+02
4.563716281924758839e-02 5.246035551355387223e-07 9.999999999999994316e+01
4.648733708020256344e-02 2.308708475854468102e-07 1.000000000000000000e+02
4.735334922917116413e-02 1.068128762256795593e-07 1.000000000000000995e+02
4.823549431001467047e-02 5.376115349583122320e-08 1.000000000000000000e+02
4.913407286296361809e-02 3.057469281371966611e-08 1.000000000000000000e+02
5.004939102700953213e-02 2.048651080425849088e-08 1.000000000000000000e+02
5.098176064420424647e-02 1.672554989589214909e-08 1.000000000000000000e+02
5.193149936590212012e-02 1.652385173400565667e-08 1.000000000000000995e+02
5.289893076098151070e-02 1.940199759938996408e-08 1.000000000000000995e+02
5.388438442608223938e-02 2.651921493182301603e-08 1.000000000000000000e+02
5.488819609789671872e-02 4.120163627432272112e-08 1.000000000000000000e+02
5.591070776755290017e-02 7.081798853297414947e-08 1.000000000000000000e+02
5.695226779712821846e-02 1.305992621389826891e-07 1.000000000000000000e+02
5.801323103833375128e-02 2.496485310073420621e-07 1.000000000000000995e+02
5.909395895340967958e-02 4.759121528867434953e-07 1.000000000000000000e+02
6.019481973827271043e-02 8.666129990161810049e-07 9.999999999999990052e+01
6.131618844795772016e-02 1.459377304121469392e-06 9.999999999999994316e+01
6.245844712439614643e-02 2.278181023849522312e-06 1.000000000000000000e+02
6.362198492657485105e-02 3.325643213710119734e-06 9.999999999999994316e+01
6.480719826311967524e-02 4.585478154569697979e-06 9.999999999999994316e+01
6.601449092734885948e-02 6.040656490532815025e-06 9.999999999999990052e+01
6.724427423484245769e-02 7.702092882862815430e-06 1.000000000000000000e+02
6.849696716357443760e-02 9.645251335993692440e-06 1.000000000000000000e+02
6.977299649665534564e-02 1.205959989684265650e-05 1.000000000000000000e+02
7.107279696773415034e-02 1.529952931712183145e-05 9.999999999999994316e+01
7.239681140910873836e-02 1.974087955225109752e-05 9.999999999999994316e+01
7.374549090259549522e-02 2.579790205998264960e-05 1.000000000000000000e+02
7.511929493320965157e-02 3.398426914248632493e-05 1.000000000000000000e+02
7.651869154570821452e-02 4.488939332595304871e-05 1.000000000000000000e+02
7.794415750404946885e-02 5.910290086815413348e-05 1.000000000000000000e+02
7.939617845382279659e-02 7.705647514051749557e-05 1.000000000000000000e+02
8.087524908770453436e-02 9.877585131152245834e-05 1.000000000000000995e+02
8.238187331399605962e-02 1.238955333999368011e-04 9.999999999999994316e+01
8.391656442830157381e-02 1.516483459241560689e-04 1.000000000000000995e+02
8.547984528840409102e-02 1.806127670445533599e-04 1.000000000000000000e+02
8.707224849239916797e-02 2.086621278986635589e-04 1.000000000000000000e+02
8.869431656014709064e-02 2.330647543849623791e-04 1.000000000000000000e+02
9.034660211810524588e-02 2.507860250646924217e-04 1.000000000000000995e+02
9.202966808760409956e-02 2.603581765921155811e-04 9.999999999999994316e+01
9.374408787662991127e-02 2.643844783080874137e-04 1.000000000000000000e+02
9.549044557518077125e-02 2.671095809132291075e-04 9.999999999999994316e+01
9.726933615426168467e-02 2.736518231926324675e-04 1.000000000000000000e+02
9.908136566858666283e-02 2.903846116969100604e-04 1.000000000000000000e+02
1.009271514630570854e-01 3.265002726833914049e-04 9.999999999999994316e+01
1.028073223830864719e-01 3.911135072888477092e-04 1.000000000000000995e+02
1.047225189888434382e-01 4.920240066429827988e-04 1.000000000000000995e+02
1.066733937734857113e-01 6.389750090436490358e-04 1.000000000000000000e+02
1.086606113854596822e-01 8.402769973755629335e-04 1.000000000000000000e+02
1.106848488549412035e-01 1.095247141392499636e-03 1.000000000000000000e+02
1.127467958244946084e-01 1.397217465917630509e-03 1.000000000000000000e+02
1.148471547840289042e-01 1.751001995711453253e-03 9.999999999999994316e+01
1.169866413101306873e-01 2.168129554774758227e-03 1.000000000000000000e+02
1.191659843098558796e-01 2.669825368574776838e-03 9.999999999999990052e+01
1.213859262690627772e-01 3.292094891270673333e-03 9.999999999999994316e+01
1.236472235053715091e-01 4.073261672430314451e-03 9.999999999999990052e+01
1.259506464258357550e-01 5.047191244690668252e-03 9.999999999999984368e+01
1.282969797894147612e-01 6.249018167899147123e-03 1.000000000000000000e+02
1.306870229743346268e-01 7.711499846897773396e-03 9.999999999999990052e+01
1.331215902504307713e-01 9.465177438679162406e-03 1.000000000000000000e+02
1.356015110565633452e-01 1.154357193818329741e-02 9.999999999999990052e+01
1.381276302832009362e-01 1.397502906958187317e-02 9.999999999999994316e+01
1.407008085602685088e-01 1.677724485809325636e-02 9.999999999999990052e+01
1.433219225503573890e-01 1.998889165969091122e-02 9.999999999999984368e+01
1.459918652473978506e-01 2.374189066266938972e-02 9.999999999999990052e+01
1.487115462808953625e-01 2.826624174448513424e-02 1.000000000000000000e+02
1.514818922258345801e-01 3.392958319315878685e-02 9.999999999999990052e+01
1.543038469183564687e-01 4.111241197862462726e-02 9.999999999999994316e+01
1.571783717773162781e-01 5.010297466194283539e-02 1.000000000000000000e+02
1.601064461318317811e-01 6.114871989105091776e-02 1.000000000000000000e+02
1.630890675549332702e-01 7.445321737168494880e-02 9.999999999999994316e+01
1.661272522034293042e-01 9.037544870421941601e-02 1.000000000000000000e+02
1.692220351641037235e-01 1.093747664536108277e-01 1.000000000000000000e+02
1.723744708063619790e-01 1.319848606684678183e-01 1.000000000000000000e+02
1.755856331414468730e-01 1.588272684096405651e-01 1.000000000000000000e+02
1.788566161883461958e-01 1.906285476071213347e-01 1.000000000000000000e+02
1.821885343465165230e-01 2.282425188015628770e-01 1.000000000000000000e+02
1.855825227755517060e-01 2.726807466350923970e-01 1.000000000000000000e+02
1.890397377819219571e-01 3.251517304963477129e-01 1.000000000000000995e+02
1.925613572129196704e-01 3.871120007116508610e-01 1.000000000000000995e+02
1.961485808579429280e-01 4.603352340144143406e-01 1.000000000000000000e+02
1.998026308572548593e-01 5.470053658398397189e-01 1.000000000000000995e+02
2.035247521183575770e-01 6.497837783460542749e-01 1.000000000000000000e+02
2.073162127401229071e-01 7.716495342529562373e-01 1.000000000000000000e+02
2.111783044448242164e-01 9.160241806609735749e-01 1.000000000000000000e+02
2.151123430182164953e-01 1.086901436121629594e+00 9.999999999999994316e+01
2.191196687578147451e-01 1.288931183218394505e+00 9.999999999999994316e+01
2.232016469295232397e-01 1.527512719808801878e+00 1.000000000000000000e+02
2.273596682327715113e-01 1.808897526038603765e+00 1.000000000000000000e+02
2.315951492743152096e-01 2.140301582938747949e+00 1.000000000000000995e+02
2.359095330508633737e-01 2.530027005061715961e+00 1.000000000000000995e+02
2.403042894406967056e-01 2.987592410450534697e+00 9.999999999999994316e+01
2.447809157044440187e-01 3.523871043679124959e+00 1.000000000000000000e+02
2.493409369951877785e-01 4.151235192766635329e+00 1.000000000000000000e+02
2.539859068780723761e-01 4.883753011741345240e+00 9.999999999999990052e+01
2.587174078595921300e-01 5.737689644655844745e+00 1.000000000000000995e+02
2.635370519267393186e-01 6.731778260161361160e+00 9.999999999999994316e+01
2.684464810961962322e-01 7.887506635528869658e+00 9.999999999999990052e+01
2.734473679737579599e-01 9.229552337281617724e+00 1.000000000000000995e+02
2.785414163241766161e-01 1.078630951986899866e+01 1.000000000000000000e+02
2.837303616516211324e-01 1.259053289839337886e+01 1.000000000000000000e+02
2.890159717909508430e-01 1.468013263444764149e+01 1.000000000000000000e+02
2.944000475100033709e-01 1.709916442014877447e+01 1.000000000000000000e+02
2.998844231231027613e-01 1.989907302300332148e+01 9.999999999999994316e+01
3.054709671159968054e-01 2.313940487141659830e+01 9.999999999999994316e+01
3.111615827824359970e-01 2.688562166667452402e+01 9.999999999999994316e+01
3.169582088726115021e-01 3.121093990395040763e+01 9.999999999999994316e+01
3.228628202536730218e-01 3.619790289229682401e+01 9.999999999999994316e+01
3.288774285825510346e-01 4.193933129555104955e+01 1.000000000000000000e+02
3.350040829913132900e-01 4.853933639916026266e+01 9.999999999999994316e+01
3.412448707852889229e-01 5.611439889414486260e+01 1.000000000000000000e+02
3.476019181541977754e-01 6.479451785838534761e+01 1.000000000000000000e+02
3.540773908965269556e-01 7.472472421376139096e+01 9.999999999999994316e+01
3.606734951574028236e-01 8.607088652435810161e+01 1.000000000000000995e+02
3.673924781802074269e-01 9.902386774672484648e+01 1.000000000000000995e+02
3.742366290721980682e-01 1.138017007507116460e+02 1.000000000000000995e+02
3.812082795843887983e-01 1.306546038736364892e+02 1.000000000000000995e+02
3.883098049059605095e-01 1.498713556348656937e+02 1.000000000000000995e+02
3.955436244734701345e-01 1.717873642064806177e+02 1.000000000000000995e+02
4.029122027951347884e-01 1.967942693925830895e+02 1.000000000000000995e+02
4.104180502904709038e-01 2.253214013565898028e+02 9.999999999999994316e+01
4.180637241455757991e-01 2.578121496846179070e+02 1.000000000000000000e+02
4.258518291843414461e-01 2.947462206269494800e+02 1.000000000000000995e+02
4.337850187558989212e-01 3.366401529913733839e+02 1.000000000000000000e+02
4.418659956385941334e-01 3.840439627506551119e+02 1.000000000000000000e+02
4.500975129608046355e-01 4.375355284216722112e+02 1.000000000000000995e+02
4.584823751389096036e-01 4.977385961510404400e+02 1.000000000000000000e+02
4.670234388327330621e-01 5.654214271121998081e+02 9.999999999999994316e+01
4.757236139187884794e-01 6.414813936184636987e+02 9.999999999999994316e+01
4.845858644816490868e-01 7.269521514502073387e+02 1.000000000000000000e+02
4.936132098237911991e-01 8.230360576707239488e+02 1.000000000000000000e+02
5.028087254942474882e-01 9.311446652970704463e+02 1.000000000000000000e+02
5.121755443364236493e-01 1.052835738885371711e+03 1.000000000000000000e+02
5.217168575554343990e-01 1.189694897155636454e+03 1.000000000000000000e+02
5.314359158053235666e-01 1.343450944436268628e+03 1.000000000000000000e+02
5.413360302965375404e-01 1.516002279265662764e+03 1.000000000000000000e+02
5.514205739240296555e-01 1.709430163819080917e+03 9.999999999999994316e+01
5.616929824163804374e-01 1.926012981674861521e+03 9.999999999999994316e+01
5.721567555063246102e-01 2.168241709875355355e+03 1.000000000000000000e+02
5.828154581230839959e-01 2.438836917190118129e+03 1.000000000000000000e+02
5.936727216069119795e-01 2.740767710706484195e+03 9.999999999999994316e+01
6.047322449462643190e-01 3.077273241790105658e+03 1.000000000000000000e+02
6.159977960380161877e-01 3.451889301300878287e+03 9.999999999999990052e+01
6.274732129711574347e-01 3.868479162805576379e+03 9.999999999999994316e+01
6.391624053343999412e-01 4.331267477514052189e+03 9.999999999999994316e+01
6.510693555481454897e-01 4.844882647042663848e+03 1.000000000000000000e+02
6.631981202212668958e-01 5.414408561269324309e+03 9.999999999999994316e+01
6.755528315331639222e-01 6.045448139082811394e+03 9.999999999999994316e+01
6.881376986415662644e-01 6.744201856197137204e+03 9.999999999999990052e+01
7.009570091165617800e-01 7.517565195859016058e+03 1.000000000000000995e+02
7.140151304013395706e-01 8.373088879089558759e+03 1.000000000000000000e+02
7.273165113001454074e-01 9.318606802514805167e+03 1.000000000000000995e+02
7.408656834939559843e-01 1.036250965297858420e+04 1.000000000000000995e+02
7.546672630843886953e-01 1.151388160865137252e+04 1.000000000000001990e+02
7.687259521663728501e-01 1.278256946946300559e+04 1.000000000000000995e+02
7.830465404301183430e-01 1.417926629744704405e+04 1.000000000000000995e+02
7.976339067929273385e-01 1.571561360698953467e+04 1.000000000000000995e+02
8.124930210614047521e-01 1.740426146586579853e+04 1.000000000000000995e+02
8.276289456246344045e-01 1.925856643925790195e+04 9.999999999999994316e+01
8.430468371788967241e-01 2.129277106293641191e+04 1.000000000000000000e+02
8.587519484845170803e-01 2.352224240483324684e+04 9.999999999999994316e+01
8.747496301554414933e-01 2.596360447948738874e+04 1.000000000000000000e+02
8.910453324821513421e-01 2.863490224637766369e+04 9.999999999999994316e+01
9.076446072885356875e-01 3.155578411863060319e+04 9.999999999999990052e+01
9.245531098233570333e-01 3.474706700355837529e+04 9.999999999999990052e+01
9.417766006869519035e-01 3.823050000164937956e+04 9.999999999999994316e+01
9.593209477938241525e-01 4.202941230832243309e+04 1.000000000000000000e+02
9.771921283717996953e-01 4.616894252186515951e+04 1.000000000000000000e+02
9.953962309984233370e-01 5.067628608988864289e+04 9.999999999999994316e+01
1.013939457675291811e+00 5.558079491546763893e+04 1.000000000000000995e+02
1.032828125941028574e+00 6.091240269532697857e+04 1.000000000000000000e+02
1.052068671023622892e+00 6.670190554761191015e+04 1.000000000000000000e+02
1.071667648032863296e+00 7.298180520799903024e+04 1.000000000000000000e+02
1.091631734193614811e+00 7.978646156615011569e+04 1.000000000000000995e+02
1.111967731120699021e+00 8.715228401060032775e+04 1.000000000000000000e+02
1.132682567136153784e+00 9.511798168120330956e+04 1.000000000000000995e+02
1.153783299629660863e+00 1.037248885142244399e+05 1.000000000000000995e+02
1.175277117462945276e+00 1.130173821541810030e+05 1.000000000000000995e+02
1.197171343418965694e+00 1.230434195874016732e+05 1.000000000000000995e+02
1.219473436696737023e+00 1.338552168792679731e+05 1.000000000000000000e+02
1.242190995452616242e+00 1.455101058807595400e+05 1.000000000000000000e+02
1.265331759388941713e+00 1.580710707880523114e+05 1.000000000000000995e+02
1.288903612390891462e+00 1.716012500127831590e+05 1.000000000000000995e+02
1.312914585212463958e+00 1.861641443370496854e+05 1.000000000000000995e+02
1.337372858212495075e+00 2.018273902364512323e+05 1.000000000000000000e+02
1.362286764141645401e+00 2.186634770511722018e+05 1.000000000000000995e+02
1.387664790981307128e+00 2.367505710464689473e+05 9.999999999999994316e+01
1.413515584835394190e+00 2.561735504876557388e+05 1.000000000000000000e+02
1.439847952876006643e+00 2.770252981339872931e+05 1.000000000000000000e+02
1.466670866343967150e+00 2.994083067667002324e+05 1.000000000000000000e+02
1.493993463605256311e+00 3.234366647207222413e+05 1.000000000000000000e+02
1.521825053264385552e+00 3.492342787476557423e+05 1.000000000000000995e+02
1.550175117335768737e+00 3.769036080030192970e+05 1.000000000000000995e+02
1.579053314474174297e+00 4.065303536157914205e+05 1.000000000000000995e+02
1.608469483265355215e+00 4.381938283854317269e+05 1.000000000000000995e+02
1.638433645577983100e+00 4.719645710607556393e+05 1.000000000000000995e+02
1.668956009978023181e+00 5.079015076179139432e+05 1.000000000000000000e+02
1.700046975206716438e+00 5.460487238224066095e+05 1.000000000000000995e+02
1.731717133723352786e+00 5.864318400995623088e+05 1.000000000000000000e+02
1.763977275314043469e+00 6.290556136987614445e+05 9.999999999999994316e+01
1.796838390767719229e+00 6.739568457835662412e+05 1.000000000000000000e+02
1.830311675620611256e+00 7.212416277420063270e+05 9.999999999999994316e+01
1.864408533970485227e+00 7.710440144400615245e+05 1.000000000000000000e+02
1.899140582361933616e+00 8.235299394436347065e+05 1.000000000000000000e+02
1.934519653744044332e+00 8.789060079503802117e+05 1.000000000000000000e+02
1.970557801501798378e+00 9.374300788342157612e+05 1.000000000000000995e+02
2.007267303562568106e+00 9.994236982134561986e+05 1.000000000000000000e+02
2.044660666579115826e+00 1.065209049578197068e+06 1.000000000000000000e+02
2.082750630190514318e+00 1.134981983218209585e+06 1.000000000000000000e+02
2.121550171362450055e+00 1.208918418675310211e+06 1.000000000000000995e+02
2.161072508808376647e+00 1.287193493060305947e+06 1.000000000000000000e+02
2.201331107493030181e+00 1.369980420474958606e+06 9.999999999999994316e+01
2.242339683219845003e+00 1.457449270204520551e+06 1.000000000000000000e+02
2.284112207303823361e+00 1.549765676810294157e+06 1.000000000000000000e+02
2.326662911331458083e+00 1.647089499672298320e+06 9.999999999999994316e+01
2.370006292009327886e+00 1.749573454471692909e+06 1.000000000000000000e+02
2.414157116103017753e+00 1.857361744543745182e+06 1.000000000000000000e+02
2.459130425468043946e+00 1.970588725943878293e+06 9.999999999999994316e+01
2.504941542174502267e+00 2.089377656274031848e+06 1.000000000000000000e+02
2.551606073727183954e+00 2.213851418719829060e+06 1.000000000000000000e+02
2.599139918382932901e+00 2.344161524480744731e+06 1.000000000000000000e+02
2.647559270567066747e+00 2.480471266167762689e+06 1.000000000000000000e+02
2.696880626390692370e+00 2.622954075521036051e+06 1.000000000000000000e+02
2.747120789270811603e+00 2.771798081595818978e+06 1.000000000000000000e+02
2.798296875655115645e+00 2.927211747407230549e+06 1.000000000000000000e+02
2.850426320853434614e+00 3.089430749752928037e+06 1.000000000000000000e+02
2.903526884977813971e+00 3.258726290740092285e+06 1.000000000000000995e+02
2.957616658993253544e+00 3.435415059356874321e+06 1.000000000000000000e+02
3.012714070881164385e+00 3.619870541583185084e+06 1.000000000000000000e+02
3.068837891917642224e+00 3.812446652161930222e+06 1.000000000000000000e+02
3.126007243068700259e+00 4.013352965246217791e+06 1.000000000000000995e+02
3.184241601504649744e+00 4.222777362420639023e+06 1.000000000000000000e+02
3.243560807235807975e+00 4.440907567034038715e+06 1.000000000000000995e+02
3.303985069871854918e+00 4.667933775654552504e+06 1.000000000000000000e+02
3.365534975507090909e+00 4.904052113851276226e+06 1.000000000000000000e+02
3.428231493733967294e+00 5.149469047160710208e+06 1.000000000000000000e+02
3.492095984787267682e+00 5.404406892462300137e+06 1.000000000000000000e+02
3.557150206821382277e+00 5.669100900838915259e+06 1.000000000000000000e+02
3.623416323323146226e+00 5.943753605987554416e+06 1.000000000000000000e+02
3.690916910662774608e+00 6.228562454059247859e+06 1.000000000000000000e+02
3.759674965785463563e+00 6.523743733200035058e+06 1.000000000000000995e+02
3.829713914046277257e+00 6.829540655143112876e+06 1.000000000000001990e+02
3.901057617190989202e+00 7.146233046878148802e+06 1.000000000000000995e+02
3.973730381485604202e+00 7.474148898877157830e+06 1.000000000000000995e+02
4.047756965997318268e+00 7.813663025701512583e+06 1.000000000000000000e+02
4.123162591029748469e+00 8.165019302644353360e+06 1.000000000000000000e+02
4.199972946715301525e+00 8.528341684148553759e+06 1.000000000000000000e+02
4.278214201767612579e+00 8.903747926800660789e+06 1.000000000000000000e+02
4.357913012397025554e+00 9.291356752806371078e+06 1.000000000000000000e+02
4.439096531392166867e+00 9.691293866729406640e+06 1.000000000000000000e+02
4.521792417370697592e+00 1.010369937868273817e+07 1.000000000000000000e+02
4.606028844202397998e+00 1.052873681492904201e+07 1.000000000000000000e+02
4.691834510607794329e+00 1.096660391470027715e+07 9.999999999999994316e+01
4.779238649935595440e+00 1.141754543331504986e+07 9.999999999999994316e+01
4.868271040122278848e+00 1.188186819761355221e+07 9.999999999999994316e+01
4.958962013837211913e+00 1.235995869197612442e+07 9.999999999999994316e+01
5.051342468816761411e+00 1.285228805268518627e+07 1.000000000000000000e+02
5.145443878390924652e+00 1.335914805764428712e+07 1.000000000000000000e+02
5.241298302206056192e+00 1.388061710456612892e+07 9.999999999999994316e+01
5.338938397147350301e+00 1.441676984997677058e+07 1.000000000000000995e+02
5.438397428464796235e+00 1.496769271611254662e+07 1.000000000000000000e+02
5.539709281106400596e+00 1.553349346821761131e+07 1.000000000000000000e+02
5.642908471262536807e+00 1.611431264260487258e+07 1.000000000000000000e+02
5.748030158125351008e+00 1.671033704175531119e+07 1.000000000000000000e+02
5.855110155867238042e+00 1.732181553544481099e+07 9.999999999999994316e+01
5.964184945842459840e+00 1.794907743465451896e+07 1.000000000000000000e+02
6.075291689016070862e+00 1.859252722626581416e+07 1.000000000000000000e+02
6.188468238624382778e+00 1.925237099324574322e+07 1.000000000000000995e+02
6.303753153071275150e+00 1.992866629101417586e+07 9.999999999999994316e+01
6.421185709064758385e+00 2.062149555294528976e+07 1.000000000000000995e+02
6.540805914998252923e+00 2.133098201245013997e+07 1.000000000000000995e+02
6.662654524581149929e+00 2.205730511556633934e+07 1.000000000000000000e+02
6.786773050723295064e+00 2.280071842913635448e+07 1.000000000000000000e+02
6.913203779678127603e+00 2.356157032351283729e+07 1.000000000000000000e+02
7.041989785449288775e+00 2.434032447777181864e+07 1.000000000000000995e+02
7.173174944465612768e+00 2.513736676765384898e+07 1.000000000000000995e+02
7.306803950529499936e+00 2.595282826918098330e+07 1.000000000000000995e+02
7.442922330043757917e+00 2.678686057333249599e+07 1.000000000000000995e+02
7.581576457522110069e+00 2.763968030012357980e+07 1.000000000000000995e+02
7.722813571388642551e+00 2.851158828031525388e+07 1.000000000000000995e+02
7.866681790071582192e+00 2.940299162295875326e+07 1.000000000000000000e+02
8.013230128396878982e+00 3.031442891347061470e+07 1.000000000000000000e+02
8.162508514287219796e+00 3.124644551341297105e+07 1.000000000000000000e+02
8.314567805772055564e+00 3.219924468403961509e+07 1.000000000000000995e+02
8.469459808314576676e+00 3.317299904790648073e+07 1.000000000000000995e+02
8.627237292461440887e+00 3.416794716962572187e+07 1.000000000000000000e+02
8.787954011821311084e+00 3.518441272319240868e+07 1.000000000000000000e+02
8.951664721378293166e+00 3.622282652367474884e+07 1.000000000000000995e+02
9.118425196146562328e+00 3.728375174314084649e+07 1.000000000000000000e+02
9.288292250172489162e+00 3.836791267315495759e+07 1.000000000000000995e+02
9.461323755890759912e+00 3.947622744863285869e+07 1.000000000000000000e+02
9.637578663841079418e+00 4.060984521306230128e+07 1.000000000000000000e+02
9.817117022752183786e+00 4.177018828652587533e+07 1.000000000000000000e+02
1.000000000000000000e+01 4.295900000000000745e+07 1.000000000000000000e+02
