# Source: PRIMAT compilation, https://doi.org/10.1016/j.physrep.2018.04.005
1.000000000000000021e-03 1.000000000000000008e-35 1.000000000000000000e+02
1.018628990244687619e-03 9.789223886989402068e-36 1.000000000000000000e+02
1.037605019766911670e-03 9.580054697635149382e-36 1.000000000000000995e+02
1.056934553557988335e-03 9.372587920445199788e-36 1.000000000000000000e+02
1.076624177045493267e-03 9.166918626002715190e-36 1.000000000000000000e+02
1.096680598336868600e-03 8.963141320666208688e-36 1.000000000000000000e+02
1.117110650504824203e-03 8.761349799048137942e-36 1.000000000000000000e+02
1.137921293915315117e-03 8.561636995898979441e-36 1.000000000000000000e+02
1.159119618598885779e-03 8.364094838082285022e-36 1.000000000000000000e+02
1.180712846666190276e-03 8.168814097369947065e-36 1.000000000000000995e+02
1.202708334768511989e-03 7.975884244847299276e-36 1.000000000000000995e+02
1.225113576604118949e-03 7.785393307768791239e-36 1.000000000000000995e+02
1.247936205471311460e-03 7.597427729759073022e-36 1.000000000000000000e+02
1.271183996869028896e-03 7.412072235316478576e-36 1.000000000000001990e+02
1.294864871145904933e-03 7.229409699628767985e-36 1.000000000000000995e+02
1.318986896198670470e-03 7.049521024768722994e-36 1.000000000000001990e+02
1.343558290220826226e-03 6.872485023405650450e-36 1.000000000000000995e+02
1.368587424502519176e-03 6.698378311224328196e-36 1.000000000000000995e+02
1.394082826282578647e-03 6.527275209312558835e-36 1.000000000000000995e+02
1.420053181653683095e-03 6.359247657846423750e-36 1.000000000000000995e+02
1.446507338521647217e-03 6.194365142476787642e-36 1.000000000000000995e+02
1.473454309619835756e-03 6.032694634900444697e-36 1.000000000000000995e+02
1.500903275579736594e-03 5.874300549183472179e-36 1.000000000000000995e+02
1.528863588058731147e-03 5.719244715503234194e-36 1.000000000000000000e+02
1.557344772926135207e-03 5.567586373079595912e-36 1.000000000000000995e+02
1.586356533508589657e-03 5.419382184188004423e-36 1.000000000000000995e+02
1.615908753895919101e-03 5.274686271285569715e-36 1.000000000000000995e+02
1.646011502308549748e-03 5.133550279441615023e-36 1.000000000000000995e+02
1.676675034527699143e-03 4.996023466450779617e-36 1.000000000000000995e+02
1.707909797389426916e-03 4.862152823226285928e-36 1.000000000000001990e+02
1.739726432343800767e-03 4.731983227330037978e-36 1.000000000000000000e+02
1.772135779080358372e-03 4.605557632806401104e-36 1.000000000000000995e+02
1.805148879221108154e-03 4.482917299854237937e-36 1.000000000000000995e+02
1.838776980082326793e-03 4.364102068309520365e-36 1.000000000000000000e+02
1.873031538506436536e-03 4.249150679443679535e-36 1.000000000000001990e+02
1.907924224765265072e-03 4.138101151216827778e-36 1.000000000000000995e+02
1.943466926536020246e-03 4.030991212887553438e-36 1.000000000000000995e+02
1.979671752951332481e-03 3.927858805813266029e-36 1.000000000000000995e+02
2.016551038724746607e-03 3.828742658381951826e-36 1.000000000000000000e+02
2.054117348353064112e-03 3.733682944376137448e-36 1.000000000000001990e+02
2.092383480396977150e-03 3.642722035704952882e-36 1.000000000000000995e+02
2.131362471841437810e-03 3.555905362430580561e-36 1.000000000000000995e+02
2.171067602537264923e-03 3.473282395438228979e-36 1.000000000000000995e+02
2.211512399725488933e-03 3.394907770049124692e-36 1.000000000000000000e+02
2.252710642645980484e-03 3.320842572482579785e-36 1.000000000000000000e+02
2.294676367231936100e-03 3.251155815489651585e-36 1.000000000000000995e+02
2.337423870891814758e-03 3.185926134903774579e-36 1.000000000000000995e+02
2.380967717380358135e-03 3.125243745530886745e-36 1.000000000000000000e+02
2.425322741760352948e-03 3.069212703051553889e-36 1.000000000000000000e+02
2.470504055456825433e-03 3.017953528828897327e-36 1.000000000000000000e+02
2.516527051405391836e-03 2.971606267230635006e-36 1.000000000000000995e+02
2.563407409296514835e-03 2.930334060947911635e-36 1.000000000000000000e+02
2.611161100917459583e-03 2.894327349683662236e-36 1.000000000000000000e+02
2.659804395593758260e-03 2.863808822629001943e-36 1.000000000000000995e+02
2.709353865732051433e-03 2.839039286794978283e-36 1.000000000000000000e+02
2.759826392466180594e-03 2.820324653474353812e-36 1.000000000000000995e+02
2.811239171408464344e-03 2.808024296412338150e-36 1.000000000000000000e+02
2.863609718508115885e-03 2.802561101067352311e-36 1.000000000000000000e+02
2.916955876018795853e-03 2.804433609187385720e-36 9.999999999999994316e+01
2.971295818577334054e-03 2.814230772908850118e-36 1.000000000000000000e+02
3.026648059395692196e-03 2.832630869030091806e-36 1.000000000000000995e+02
3.083031456568277075e-03 2.859935545864846163e-36 1.000000000000000000e+02
3.140465219496752208e-03 2.895961892601114785e-36 9.999999999999994316e+01
3.198968915434537586e-03 2.940475089065726585e-36 9.999999999999994316e+01
3.258562476153226226e-03 2.993187058411465233e-36 1.000000000000000000e+02
3.319266204733189573e-03 3.053726993350769292e-36 1.000000000000000995e+02
3.381100782480685445e-03 3.121606944646834075e-36 1.000000000000000000e+02
3.444087275973823411e-03 3.196182105091994934e-36 9.999999999999994316e+01
3.508247144239792347e-03 3.276605720211225733e-36 1.000000000000000000e+02
3.573602246065788347e-03 3.361779029445673095e-36 9.999999999999994316e+01
3.640174847446141400e-03 3.450297339705667763e-36 9.999999999999994316e+01
3.707987629168172684e-03 3.540394308150249321e-36 1.000000000000000000e+02
3.777063694539364597e-03 3.629887804472547454e-36 1.000000000000000000e+02
3.847426577258505898e-03 3.716132350929651677e-36 9.999999999999994316e+01
3.919100249433401899e-03 3.795985067887713369e-36 1.000000000000000995e+02
3.992109129748053209e-03 3.865794170064004647e-36 1.000000000000000995e+02
4.066478091781853925e-03 3.923064265243027316e-36 1.000000000000000000e+02
4.142232472483897525e-03 3.974583490120811376e-36 1.000000000000000000e+02
4.219398080805024202e-03 4.031873973177629852e-36 1.000000000000000995e+02
4.298001206490798497e-03 4.108545486705616539e-36 1.000000000000000995e+02
4.378068629038166758e-03 4.220949829104818508e-36 1.000000000000000995e+02
4.459627626819095622e-03 4.389541544629121969e-36 1.000000000000000995e+02
4.542705986374042521e-03 4.641357899907826046e-36 1.000000000000000995e+02
4.627332011878692967e-03 5.014367610199154675e-36 1.000000000000000995e+02
4.713534534786906725e-03 5.565115264942732991e-36 1.000000000000000995e+02
4.801342923653449841e-03 6.382491008185451546e-36 1.000000000000000000e+02
4.890787094139589959e-03 7.613462143716472527e-36 1.000000000000000000e+02
4.981897519205159656e-03 9.513340682957682897e-36 1.000000000000000000e+02
5.074705239490466188e-03 1.253707521680123621e-35 1.000000000000000000e+02
5.169241873891598608e-03 1.742898573565326295e-35 1.000000000000000000e+02
5.265539630332755246e-03 2.547805612156788740e-35 1.000000000000000000e+02
5.363631316739239652e-03 3.901522928048538034e-35 1.000000000000000995e+02
5.463550352214875498e-03 6.231112490438563014e-35 1.000000000000000995e+02
5.565330778427646403e-03 1.032671324948783513e-34 1.000000000000000000e+02
5.669007271207434327e-03 1.765682457940227933e-34 1.000000000000000000e+02
5.774615152359819509e-03 3.094333680141776643e-34 1.000000000000000000e+02
5.882190401699956099e-03 5.517078766090300169e-34 1.000000000000000000e+02
5.991769669310619169e-03 9.924889285160530527e-34 1.000000000000000000e+02
6.103390288028621123e-03 1.787692103858759801e-33 1.000000000000000995e+02
6.217090286163826779e-03 3.224009728567500587e-33 1.000000000000000000e+02
6.332908400455114321e-03 5.837317564323824006e-33 1.000000000000000000e+02
6.450884089267692675e-03 1.064295231686424448e-32 1.000000000000000000e+02
6.571057546036270826e-03 1.960712564954658953e-32 1.000000000000000000e+02
6.693469712958660493e-03 3.663573545316704167e-32 1.000000000000000000e+02
6.818162294944479437e-03 6.971868758679104978e-32 1.000000000000000995e+02
6.945177773823696388e-03 1.357540732112221788e-31 1.000000000000000000e+02
7.074559422819878297e-03 2.717905001057463601e-31 1.000000000000000995e+02
7.206351321293052656e-03 5.604136640060064546e-31 1.000000000000000000e+02
7.340598369757212090e-03 1.188415854076182899e-30 1.000000000000000000e+02
7.477346305177588227e-03 2.587360965582340182e-30 1.000000000000000000e+02
7.616641716552892058e-03 5.771616141071004482e-30 9.999999999999990052e+01
7.758532060787835978e-03 1.316078604148513071e-29 1.000000000000000995e+02
7.903065678861348128e-03 3.059571260843429717e-29 1.000000000000000000e+02
8.050291812295981564e-03 7.230428741005391366e-29 1.000000000000000995e+02
8.200260619934130954e-03 1.739139313825188051e-28 9.999999999999994316e+01
8.353023195026778799e-03 4.293937656535996502e-28 1.000000000000000995e+02
8.508631582640582489e-03 1.099212718667605679e-27 1.000000000000000995e+02
8.667138797389234081e-03 2.950051597618936678e-27 1.000000000000000995e+02
8.828598841495149604e-03 8.402646145245776531e-27 1.000000000000000000e+02
8.993066723187623582e-03 2.574516983089949894e-26 1.000000000000000000e+02
9.160598475443709407e-03 8.544588513761055618e-26 1.000000000000000000e+02
9.331251175078249249e-03 2.983731712823771794e-25 1.000000000000000000e+02
9.505082962189511861e-03 1.049738847365475497e-24 1.000000000000000000e+02
9.682153059967075343e-03 3.545192114884768143e-24 9.999999999999994316e+01
9.862521794868784469e-03 1.089055572167742259e-23 9.999999999999994316e+01
1.004625061717340749e-02 2.867428335620804266e-23 9.999999999999994316e+01
1.023340212191641702e-02 6.272997493870715965e-23 9.999999999999994316e+01
1.042404007021556327e-02 1.181258130640371391e-22 9.999999999999990052e+01
1.061822941099384125e-02 2.009415894647447507e-22 9.999999999999994316e+01
1.081603630310709954e-02 3.260310278961198892e-22 9.999999999999984368e+01
1.101752813788386791e-02 5.362556524955125749e-22 1.000000000000000995e+02
1.122277356208507652e-02 9.393181086297155943e-22 1.000000000000000000e+02
1.143184250129149725e-02 1.743832584211284329e-21 9.999999999999994316e+01
1.164480618372686072e-02 3.372158086438743785e-21 9.999999999999990052e+01
1.186173716452478509e-02 6.661004504623538895e-21 1.000000000000000000e+02
1.208270935044776506e-02 1.315259151296339659e-20 9.999999999999990052e+01
1.230779802506665188e-02 2.565379118450880061e-20 1.000000000000000000e+02
1.253707987440920262e-02 4.964109632207187116e-20 9.999999999999994316e+01
1.277063301308643990e-02 9.589388230569445512e-20 1.000000000000000000e+02
1.300853701090571267e-02 1.862267294606617762e-19 9.999999999999994316e+01
1.325087291997953214e-02 3.657284254888032219e-19 1.000000000000000000e+02
1.349772330233941706e-02 7.259480887712681903e-19 1.000000000000000000e+02
1.374917225806419029e-02 1.453111047737376125e-18 9.999999999999994316e+01
1.400530545393219653e-02 2.925748323512470281e-18 1.000000000000000000e+02
1.426621015260736910e-02 5.912331898212348619e-18 1.000000000000000000e+02
1.453197524236895383e-02 1.199029215765549522e-17 9.999999999999994316e+01
1.480269126739508674e-02 2.441557911500349615e-17 1.000000000000000000e+02
1.507845045861051086e-02 4.994784246783736760e-17 9.999999999999994316e+01
1.535934676510897039e-02 1.026822063293824775e-16 1.000000000000000995e+02
1.564547588616095955e-02 2.120501384351071769e-16 1.000000000000000995e+02
1.593693530381774456e-02 4.396803408493865691e-16 1.000000000000000000e+02
1.623382431612278159e-02 9.148948270967827027e-16 1.000000000000000000e+02
1.653624407094180307e-02 1.909746558898120417e-15 1.000000000000000000e+02
1.684429760042315330e-02 3.997685815646972880e-15 9.999999999999994316e+01
1.715808985610004986e-02 8.389176448242461511e-15 1.000000000000000995e+02
1.747772774464680795e-02 1.764200912888924662e-14 1.000000000000000000e+02
1.780332016430113962e-02 3.716427068481639085e-14 1.000000000000000000e+02
1.813497804196495186e-02 7.839227733800219198e-14 1.000000000000000000e+02
1.847281437099634188e-02 1.655061240884706719e-13 1.000000000000000000e+02
1.881694424970555696e-02 3.496049482444366546e-13 1.000000000000000000e+02
1.916748492056815148e-02 7.385613339411309432e-13 1.000000000000000000e+02
1.952455581016860828e-02 1.559753089108280094e-12 1.000000000000000000e+02
1.988827856988809734e-02 3.291486260558668097e-12 1.000000000000000995e+02
2.025877711735016989e-02 6.937251553336819769e-12 1.000000000000000995e+02
2.063617767863858837e-02 1.459356417892454050e-11 1.000000000000000000e+02
2.102060883130158278e-02 3.061804377674807742e-11 1.000000000000000000e+02
2.141220154815729262e-02 6.401426551697346572e-11 1.000000000000000000e+02
2.181108924191518805e-02 1.332530820023306467e-10 1.000000000000000995e+02
2.221740781062883641e-02 2.759131179199535096e-10 1.000000000000000000e+02
2.263129568399528321e-02 5.677140219420819560e-10 1.000000000000000000e+02
2.305289387051707301e-02 1.159549878784709837e-09 1.000000000000000000e+02
2.348234600554275145e-02 2.348353219039938958e-09 1.000000000000000000e+02
2.391979840020238418e-02 4.710130224326996152e-09 1.000000000000000000e+02
2.436540009125464853e-02 9.344311593171921062e-09 9.999999999999990052e+01
2.481930289186254010e-02 1.831143273669317109e-08 1.000000000000000000e+02
2.528166144331499277e-02 3.539623537359052554e-08 1.000000000000000000e+02
2.575263326771199887e-02 6.743703491764064879e-08 9.999999999999994316e+01
2.623237882163122203e-02 1.265925789104504151e-07 1.000000000000000000e+02
2.672106155079433804e-02 2.340852594064538233e-07 9.999999999999994316e+01
2.721884794575178332e-02 4.262919429751117847e-07 9.999999999999990052e+01
2.772590759860482645e-02 7.644428377174707901e-07 9.999999999999990052e+01
2.824241326078434297e-02 1.349754563041020967e-06 9.999999999999994316e+01
2.876854090190592711e-02 2.346585239629584381e-06 9.999999999999990052e+01
2.930446976972142861e-02 4.017221746257187317e-06 9.999999999999984368e+01
2.985038245118730796e-02 6.773289111211842102e-06 9.999999999999994316e+01
3.040646493467067182e-02 1.124781276304478257e-05 9.999999999999994316e+01
3.097290667331408301e-02 1.835345241529825680e-05 9.999999999999990052e+01
3.154990064958086704e-02 2.931306930307609734e-05 9.999999999999994316e+01
3.213764344100276948e-02 4.563023034096115046e-05 9.999999999999994316e+01
3.273633528715245988e-02 6.890992322355585936e-05 9.999999999999994316e+01
3.334618015786364187e-02 1.004529405788668744e-04 9.999999999999994316e+01
3.396738582272208068e-02 1.405791836887090699e-04 1.000000000000000000e+02
3.460016392185108480e-02 1.877504039861931410e-04 1.000000000000000000e+02
3.524473003801584237e-02 2.377663744911356252e-04 1.000000000000000000e+02
3.590130377007068330e-02 2.835351858409480060e-04 1.000000000000000000e+02
3.657010880777489259e-02 3.159954085383126759e-04 9.999999999999994316e+01
3.725137300800209633e-02 3.264661429655424819e-04 1.000000000000000000e+02
3.794532847236938011e-02 3.099296808930130536e-04 1.000000000000000000e+02
3.865221162631261864e-02 2.678171577134772613e-04 9.999999999999994316e+01
3.937226329963479377e-02 2.085087717364372502e-04 1.000000000000000000e+02
4.010572880855495931e-02 1.446581027382682608e-04 1.000000000000000000e+02
4.085285803928561527e-02 8.893227520319921340e-05 1.000000000000000995e+02
4.161390553316707264e-02 4.898513438359616926e-05 9.999999999999994316e+01
4.238913057338778573e-02 2.455302771125716477e-05 1.000000000000000000e+02
4.317879727332021161e-02 1.139910121356086192e-05 1.000000000000000000e+02
4.398317466650223523e-02 5.001146720314612103e-06 1.000000000000000000e+02
4.480253679829489938e-02 2.120870061034940977e-06 1.000000000000000000e+02
4.563716281924758839e-02 8.916800390546023747e-07 9.999999999999994316e+01
4.648733708020256344e-02 3.823387463263412789e-07 1.000000000000000000e+02
4.735334922917116413e-02 1.725506774067070922e-07 1.000000000000000995e+02
4.823549431001467047e-02 8.487880576773914501e-08 1.000000000000000000e+02
4.913407286296361809e-02 4.730404762186976193e-08 1.000000000000000000e+02
5.004939102700953213e-02 3.117145055904679381e-08 1.000000000000000000e+02
5.098176064420424647e-02 2.513470734913847312e-08 1.000000000000000000e+02
5.193149936590212012e-02 2.462616565327347362e-08 1.000000000000000995e+02
5.289893076098151070e-02 2.878367858477709573e-08 1.000000000000000995e+02
5.388438442608223938e-02 3.929215119166188768e-08 1.000000000000000000e+02
5.488819609789671872e-02 6.113872999693404748e-08 1.000000000000000000e+02
5.591070776755290017e-02 1.054784939990019489e-07 1.000000000000000000e+02
5.695226779712821846e-02 1.955501032335570570e-07 1.000000000000000000e+02
5.801323103833375128e-02 3.760999062911959671e-07 1.000000000000000995e+02
5.909395895340967958e-02 7.213738745482571936e-07 1.000000000000000000e+02
6.019481973827271043e-02 1.320450393879007215e-06 9.999999999999990052e+01
6.131618844795772016e-02 2.231688253438716701e-06 9.999999999999994316e+01
6.245844712439614643e-02 3.491053000564728823e-06 1.000000000000000000e+02
6.362198492657485105e-02 5.099956654932332527e-06 9.999999999999994316e+01
6.480719826311967524e-02 7.029396929453917508e-06 9.999999999999994316e+01
6.601449092734885948e-02 9.248970546911549300e-06 9.999999999999990052e+01
6.724427423484245769e-02 1.177212743236718614e-05 1.000000000000000000e+02
6.849696716357443760e-02 1.471301392596962488e-05 1.000000000000000000e+02
6.977299649665534564e-02 1.836237468960657949e-05 1.000000000000000000e+02
7.107279696773415034e-02 2.326515639707241173e-05 9.999999999999994316e+01
7.239681140910873836e-02 2.999684212028036113e-05 9.999999999999994316e+01
7.374549090259549522e-02 3.919095317942071044e-05 1.000000000000000000e+02
7.511929493320965157e-02 5.163445733126962960e-05 1.000000000000000000e+02
7.651869154570821452e-02 6.823140967675008861e-05 1.000000000000000000e+02
7.794415750404946885e-02 8.988590977985702482e-05 1.000000000000000000e+02
7.939617845382279659e-02 1.172560715224284998e-04 1.000000000000000000e+02
8.087524908770453436e-02 1.503679439509223565e-04 1.000000000000000995e+02
8.238187331399605962e-02 1.886468946216361263e-04 9.999999999999994316e+01
8.391656442830157381e-02 2.309123589440304782e-04 1.000000000000000995e+02
8.547984528840409102e-02 2.749902309336688566e-04 1.000000000000000000e+02
8.707224849239916797e-02 3.176404381536262296e-04 1.000000000000000000e+02
8.869431656014709064e-02 3.547143815250628504e-04 1.000000000000000000e+02
9.034660211810524588e-02 3.816169164468409818e-04 1.000000000000000995e+02
9.202966808760409956e-02 3.961389642653503278e-04 9.999999999999994316e+01
9.374408787662991127e-02 4.022453291119018159e-04 1.000000000000000000e+02
9.549044557518077125e-02 4.063899479136597851e-04 9.999999999999994316e+01
9.726933615426168467e-02 4.163534469535245955e-04 1.000000000000000000e+02
9.908136566858666283e-02 4.418255648839120725e-04 1.000000000000000000e+02
1.009271514630570854e-01 4.967841769314386901e-04 9.999999999999994316e+01
1.028073223830864719e-01 5.950910452564610797e-04 1.000000000000000995e+02
1.047225189888434382e-01 7.486087528373446551e-04 1.000000000000000995e+02
1.066733937734857113e-01 9.721535612184674380e-04 1.000000000000000000e+02
1.086606113854596822e-01 1.278360568868716759e-03 1.000000000000000000e+02
1.106848488549412035e-01 1.666187502524592648e-03 1.000000000000000000e+02
1.127467958244946084e-01 2.125491706657832696e-03 1.000000000000000000e+02
1.148471547840289042e-01 2.663590204611441473e-03 9.999999999999994316e+01
1.169866413101306873e-01 3.298006585428700337e-03 1.000000000000000000e+02
1.191659843098558796e-01 4.061001159002871480e-03 9.999999999999990052e+01
1.213859262690627772e-01 5.007296114015643770e-03 9.999999999999994316e+01
1.236472235053715091e-01 6.195138000824314782e-03 9.999999999999990052e+01
1.259506464258357550e-01 7.676007627214774358e-03 9.999999999999984368e+01
1.282969797894147612e-01 9.503335091627929110e-03 1.000000000000000000e+02
1.306870229743346268e-01 1.172697721721828283e-02 9.999999999999990052e+01
1.331215902504307713e-01 1.439343266609246358e-02 1.000000000000000000e+02
1.356015110565633452e-01 1.755364604347323804e-02 9.999999999999990052e+01
1.381276302832009362e-01 2.125061450571096716e-02 9.999999999999994316e+01
1.407008085602685088e-01 2.551102578816401983e-02 9.999999999999990052e+01
1.433219225503573890e-01 3.039341251415589307e-02 9.999999999999984368e+01
1.459918652473978506e-01 3.609821682324707015e-02 9.999999999999990052e+01
1.487115462808953625e-01 4.297503448123501935e-02 1.000000000000000000e+02
1.514818922258345801e-01 5.158273542442580462e-02 9.999999999999990052e+01
1.543038469183564687e-01 6.249961132599846786e-02 9.999999999999994316e+01
1.571783717773162781e-01 7.616351292346977553e-02 1.000000000000000000e+02
1.601064461318317811e-01 9.295016536854384948e-02 1.000000000000000000e+02
1.630890675549332702e-01 1.131684951799351579e-01 9.999999999999994316e+01
1.661272522034293042e-01 1.373635906031091258e-01 1.000000000000000000e+02
1.692220351641037235e-01 1.662329672367188760e-01 1.000000000000000000e+02
1.723744708063619790e-01 2.005869449860785136e-01 1.000000000000000000e+02
1.755856331414468730e-01 2.413691334979305159e-01 1.000000000000000000e+02
1.788566161883461958e-01 2.896824731645967210e-01 1.000000000000000000e+02
1.821885343465165230e-01 3.468229657505688124e-01 1.000000000000000000e+02
1.855825227755517060e-01 4.143259803325282653e-01 1.000000000000000000e+02
1.890397377819219571e-01 4.940257406923646011e-01 1.000000000000000995e+02
1.925613572129196704e-01 5.881328354891952603e-01 1.000000000000000995e+02
1.961485808579429280e-01 6.993391055997663086e-01 1.000000000000000000e+02
1.998026308572548593e-01 8.309589514742204974e-01 1.000000000000000995e+02
2.035247521183575770e-01 9.870311883173378265e-01 1.000000000000000000e+02
2.073162127401229071e-01 1.172076021448408056e+00 1.000000000000000000e+02
2.111783044448242164e-01 1.391284440835012459e+00 1.000000000000000000e+02
2.151123430182164953e-01 1.650714950648310975e+00 9.999999999999994316e+01
2.191196687578147451e-01 1.957420793339620380e+00 9.999999999999994316e+01
2.232016469295232397e-01 2.319591168212434606e+00 1.000000000000000000e+02
2.273596682327715113e-01 2.746706824460028340e+00 1.000000000000000000e+02
2.315951492743152096e-01 3.249710071574026138e+00 1.000000000000000995e+02
2.359095330508633737e-01 3.841188834011861175e+00 1.000000000000000995e+02
2.403042894406967056e-01 4.535573861204909463e+00 9.999999999999994316e+01
2.447809157044440187e-01 5.349347584542395673e+00 1.000000000000000000e+02
2.493409369951877785e-01 6.301262391489456327e+00 1.000000000000000000e+02
2.539859068780723761e-01 7.412638277457344493e+00 9.999999999999990052e+01
2.587174078595921300e-01 8.708122056263569277e+00 1.000000000000000995e+02
2.635370519267393186e-01 1.021609703174700812e+01 9.999999999999994316e+01
2.684464810961962322e-01 1.196911596662168620e+01 9.999999999999990052e+01
2.734473679737579599e-01 1.400455915321283129e+01 1.000000000000000995e+02
2.785414163241766161e-01 1.636543099623693109e+01 1.000000000000000000e+02
2.837303616516211324e-01 1.910133375063501049e+01 1.000000000000000000e+02
2.890159717909508430e-01 2.226966943030221557e+01 1.000000000000000000e+02
2.944000475100033709e-01 2.593713684589976509e+01 1.000000000000000000e+02
2.998844231231027613e-01 3.018161185707318950e+01 9.999999999999994316e+01
3.054709671159968054e-01 3.509322252730726888e+01 9.999999999999994316e+01
3.111615827824359970e-01 4.077103342665090224e+01 9.999999999999994316e+01
3.169582088726115021e-01 4.732582860640786748e+01 9.999999999999994316e+01
3.228628202536730218e-01 5.488248848976440541e+01 9.999999999999994316e+01
3.288774285825510346e-01 6.358142512202106644e+01 1.000000000000000000e+02
3.350040829913132900e-01 7.358011243058771811e+01 9.999999999999994316e+01
3.412448707852889229e-01 8.505471595269146690e+01 1.000000000000000000e+02
3.476019181541977754e-01 9.820182942826781414e+01 1.000000000000000000e+02
3.540773908965269556e-01 1.132407603123804876e+02 9.999999999999994316e+01
3.606734951574028236e-01 1.304222574934638885e+02 1.000000000000000995e+02
3.673924781802074269e-01 1.500347648843809054e+02 1.000000000000000995e+02
3.742366290721980682e-01 1.724077055937781608e+02 1.000000000000000995e+02
3.812082795843887983e-01 1.979190314509293955e+02 1.000000000000000995e+02
3.883098049059605095e-01 2.270048161328305696e+02 1.000000000000000995e+02
3.955436244734701345e-01 2.601713962850038797e+02 1.000000000000000995e+02
4.029122027951347884e-01 2.980098148531444622e+02 1.000000000000000995e+02
4.104180502904709038e-01 3.411678997495885142e+02 9.999999999999994316e+01
4.180637241455757991e-01 3.903147100500825672e+02 1.000000000000000000e+02
4.258518291843414461e-01 4.461740706424259315e+02 1.000000000000000995e+02
4.337850187558989212e-01 5.095253861763391683e+02 1.000000000000000000e+02
4.418659956385941334e-01 5.811986487922650895e+02 1.000000000000000000e+02
4.500975129608046355e-01 6.620660739003332083e+02 1.000000000000000995e+02
4.584823751389096036e-01 7.530691243101305190e+02 1.000000000000000000e+02
4.670234388327330621e-01 8.553662797390534251e+02 9.999999999999994316e+01
4.757236139187884794e-01 9.703099544966922849e+02 9.999999999999994316e+01
4.845858644816490868e-01 1.099457253411552529e+03 1.000000000000000000e+02
4.936132098237911991e-01 1.244618535863661236e+03 1.000000000000000000e+02
5.028087254942474882e-01 1.407918060508319741e+03 1.000000000000000000e+02
5.121755443364236493e-01 1.591699423747299306e+03 1.000000000000000000e+02
5.217168575554343990e-01 1.798348067588161257e+03 1.000000000000000000e+02
5.314359158053235666e-01 2.030464272908891417e+03 1.000000000000000000e+02
5.413360302965375404e-01 2.290902766680049808e+03 1.000000000000000000e+02
5.514205739240296555e-01 2.582792650838053760e+03 9.999999999999994316e+01
5.616929824163804374e-01 2.909558855118244992e+03 9.999999999999994316e+01
5.721567555063246102e-01 3.274945469199929448e+03 1.000000000000000000e+02
5.828154581230839959e-01 3.683041442459340942e+03 1.000000000000000000e+02
5.936727216069119795e-01 4.138309309690250302e+03 9.999999999999994316e+01
6.047322449462643190e-01 4.645617806392980128e+03 1.000000000000000000e+02
6.159977960380161877e-01 5.210279163502864321e+03 9.999999999999990052e+01
6.274732129711574347e-01 5.838092911700800869e+03 9.999999999999994316e+01
6.391624053343999412e-01 6.535398561101867017e+03 9.999999999999994316e+01
6.510693555481454897e-01 7.309138795144832329e+03 1.000000000000000000e+02
6.631981202212668958e-01 8.166936418232690812e+03 9.999999999999994316e+01
6.755528315331639222e-01 9.117188864850815662e+03 9.999999999999994316e+01
6.881376986415662644e-01 1.016918501123677925e+04 9.999999999999990052e+01
7.009570091165617800e-01 1.133325014773531439e+04 1.000000000000000995e+02
7.140151304013395706e-01 1.262068563637704210e+04 1.000000000000000000e+02
7.273165113001454074e-01 1.404321194069248668e+04 1.000000000000000995e+02
7.408656834939559843e-01 1.561337726649446995e+04 1.000000000000000995e+02
7.546672630843886953e-01 1.734476123614336757e+04 1.000000000000001990e+02
7.687259521663728501e-01 1.925207747354902313e+04 1.000000000000000995e+02
7.830465404301183430e-01 2.135129786395031624e+04 1.000000000000000995e+02
7.976339067929273385e-01 2.365980453539319569e+04 1.000000000000000995e+02
8.124930210614047521e-01 2.619647845065813453e+04 1.000000000000000995e+02
8.276289456246344045e-01 2.898124407447450358e+04 9.999999999999994316e+01
8.430468371788967241e-01 3.203533766828481021e+04 1.000000000000000000e+02
8.587519484845170803e-01 3.538166405575429235e+04 9.999999999999994316e+01
8.747496301554414933e-01 3.904499377709782129e+04 1.000000000000000000e+02
8.910453324821513421e-01 4.305220756608204101e+04 9.999999999999994316e+01
9.076446072885356875e-01 4.743256814264162676e+04 9.999999999999990052e+01
9.245531098233570333e-01 5.221705452357471222e+04 9.999999999999990052e+01
9.417766006869519035e-01 5.743799789427569340e+04 9.999999999999994316e+01
9.593209477938241525e-01 6.313005775081181491e+04 1.000000000000000000e+02
9.771921283717996953e-01 6.933056122968775162e+04 1.000000000000000000e+02
9.953962309984233370e-01 7.607986824948369758e+04 9.999999999999994316e+01
1.013939457675291811e+00 8.342151458100609307e+04 1.000000000000000995e+02
1.032828125941028574e+00 9.139984949855404557e+04 1.000000000000000000e+02
1.052068671023622892e+00 1.000604518855994538e+05 1.000000000000000000e+02
1.071667648032863296e+00 1.094513867429196107e+05 1.000000000000000000e+02
1.091631734193614811e+00 1.196234269997879019e+05 1.000000000000000995e+02
1.111967731120699021e+00 1.306303327245702967e+05 1.000000000000000000e+02
1.132682567136153784e+00 1.425292176456906309e+05 1.000000000000000995e+02
1.153783299629660863e+00 1.553810265274519916e+05 1.000000000000000995e+02
1.175277117462945276e+00 1.692511516443436267e+05 1.000000000000000995e+02
1.197171343418965694e+00 1.842102221628538391e+05 1.000000000000000995e+02
1.219473436696737023e+00 2.003351068975778180e+05 1.000000000000000000e+02
1.242190995452616242e+00 2.177101789674362808e+05 1.000000000000000000e+02
1.265331759388941713e+00 2.364280981333909731e+05 1.000000000000000995e+02
1.288903612390891462e+00 2.565815685739864712e+05 1.000000000000000995e+02
1.312914585212463958e+00 2.782636394608184346e+05 1.000000000000000995e+02
1.337372858212495075e+00 3.015733303404789767e+05 1.000000000000000000e+02
1.362286764141645401e+00 3.266166796796700801e+05 1.000000000000000995e+02
1.387664790981307128e+00 3.535079491052310914e+05 9.999999999999994316e+01
1.413515584835394190e+00 3.823711380106295110e+05 1.000000000000000000e+02
1.439847952876006643e+00 4.133418765628292458e+05 1.000000000000000000e+02
1.466670866343967150e+00 4.465697785572222783e+05 1.000000000000000000e+02
1.493993463605256311e+00 4.822213520943001495e+05 1.000000000000000000e+02
1.521825053264385552e+00 5.204772993110262905e+05 1.000000000000000995e+02
1.550175117335768737e+00 5.614859410896732006e+05 1.000000000000000995e+02
1.579053314474174297e+00 6.053702320709155174e+05 1.000000000000000995e+02
1.608469483265355215e+00 6.522432056409746874e+05 1.000000000000000995e+02
1.638433645577983100e+00 7.022044257941568503e+05 1.000000000000000995e+02
1.668956009978023181e+00 7.553357757200128399e+05 1.000000000000000000e+02
1.700046975206716438e+00 8.116966815166160231e+05 1.000000000000000995e+02
1.731717133723352786e+00 8.713187606173641980e+05 1.000000000000000000e+02
1.763977275314043469e+00 9.342023122630198486e+05 9.999999999999994316e+01
1.796838390767719229e+00 1.000394945430655265e+06 1.000000000000000000e+02
1.830311675620611256e+00 1.070046732793377247e+06 9.999999999999994316e+01
1.864408533970485227e+00 1.143348631267360644e+06 1.000000000000000000e+02
1.899140582361933616e+00 1.220538154389961157e+06 1.000000000000000000e+02
1.934519653744044332e+00 1.301912246361654019e+06 1.000000000000000000e+02
1.970557801501798378e+00 1.387842754151317058e+06 1.000000000000000995e+02
2.007267303562568106e+00 1.478794575917334296e+06 1.000000000000000000e+02
2.044660666579115826e+00 1.575231994312663097e+06 1.000000000000000000e+02
2.082750630190514318e+00 1.677430752174620749e+06 1.000000000000000000e+02
2.121550171362450055e+00 1.785635841150477529e+06 1.000000000000000995e+02
2.161072508808376647e+00 1.900089817449385999e+06 1.000000000000000000e+02
2.201331107493030181e+00 2.021031052794152172e+06 9.999999999999994316e+01
2.242339683219845003e+00 2.148691867686685640e+06 1.000000000000000000e+02
2.284112207303823361e+00 2.283296567050743848e+06 1.000000000000000000e+02
2.326662911331458083e+00 2.425059404788243584e+06 9.999999999999994316e+01
2.370006292009327886e+00 2.574182510979264509e+06 1.000000000000000000e+02
2.414157116103017753e+00 2.730853823334355373e+06 1.000000000000000000e+02
2.459130425468043946e+00 2.895245073013027664e+06 9.999999999999994316e+01
2.504941542174502267e+00 3.067509898825821467e+06 1.000000000000000000e+02
2.551606073727183954e+00 3.247799967597949319e+06 1.000000000000000000e+02
2.599139918382932901e+00 3.436308471607971005e+06 1.000000000000000000e+02
2.647559270567066747e+00 3.633244572726395912e+06 1.000000000000000000e+02
2.696880626390692370e+00 3.838830744748133700e+06 1.000000000000000000e+02
2.747120789270811603e+00 4.053309393140239641e+06 1.000000000000000000e+02
2.798296875655115645e+00 4.276951024244253524e+06 1.000000000000000000e+02
2.850426320853434614e+00 4.510064194041091949e+06 1.000000000000000000e+02
2.903526884977813971e+00 4.753007499154638499e+06 1.000000000000000995e+02
2.957616658993253544e+00 5.006203913774196059e+06 1.000000000000000000e+02
3.012714070881164385e+00 5.270157007943627425e+06 1.000000000000000000e+02
3.068837891917642224e+00 5.545338160588680767e+06 1.000000000000000000e+02
3.126007243068700259e+00 5.832003300911195576e+06 1.000000000000000995e+02
3.184241601504649744e+00 6.130373708469468169e+06 1.000000000000000000e+02
3.243560807235807975e+00 6.440667581734000705e+06 1.000000000000000995e+02
3.303985069871854918e+00 6.763103728918760084e+06 1.000000000000000000e+02
3.365534975507090909e+00 7.097906421592859551e+06 1.000000000000000000e+02
3.428231493733967294e+00 7.445311589533535764e+06 1.000000000000000000e+02
3.492095984787267682e+00 7.805574553639771417e+06 1.000000000000000000e+02
3.557150206821382277e+00 8.178965753914455883e+06 1.000000000000000000e+02
3.623416323323146226e+00 8.565705904177244753e+06 1.000000000000000000e+02
3.690916910662774608e+00 8.966005433515133336e+06 1.000000000000000000e+02
3.759674965785463563e+00 9.380098463886590675e+06 1.000000000000000995e+02
3.829713914046277257e+00 9.808254183218408376e+06 1.000000000000001990e+02
3.901057617190989202e+00 1.025079043947388977e+07 1.000000000000000995e+02
3.973730381485604202e+00 1.070808988370211795e+07 1.000000000000000995e+02
4.047756965997318268e+00 1.118059739452767186e+07 1.000000000000000000e+02
4.123162591029748469e+00 1.166856369513465278e+07 1.000000000000000000e+02
4.199972946715301525e+00 1.217206211555183120e+07 1.000000000000000000e+02
4.278214201767612579e+00 1.269115262624742091e+07 1.000000000000000000e+02
4.357913012397025554e+00 1.322589191804915480e+07 1.000000000000000000e+02
4.439096531392166867e+00 1.377634173708156869e+07 1.000000000000000000e+02
4.521792417370697592e+00 1.434257913141887449e+07 1.000000000000000000e+02
4.606028844202397998e+00 1.492470884057620727e+07 1.000000000000000000e+02
4.691834510607794329e+00 1.552287807941386290e+07 9.999999999999994316e+01
4.779238649935595440e+00 1.613729399258167855e+07 9.999999999999994316e+01
4.868271040122278848e+00 1.676824408590562269e+07 9.999999999999994316e+01
4.958962013837211913e+00 1.741611997923512012e+07 9.999999999999994316e+01
5.051342468816761411e+00 1.808142311550743133e+07 1.000000000000000000e+02
5.145443878390924652e+00 1.876439186687817425e+07 1.000000000000000000e+02
5.241298302206056192e+00 1.946495522698004171e+07 9.999999999999994316e+01
5.338938397147350301e+00 2.018302872602020949e+07 1.000000000000000995e+02
5.438397428464796235e+00 2.091853569410694391e+07 1.000000000000000000e+02
5.539709281106400596e+00 2.167141997700956464e+07 1.000000000000000000e+02
5.642908471262536807e+00 2.244166104167816415e+07 1.000000000000000000e+02
5.748030158125351008e+00 2.322929172567870468e+07 1.000000000000000000e+02
5.855110155867238042e+00 2.403441890779526904e+07 9.999999999999994316e+01
5.964184945842459840e+00 2.485724740575360507e+07 1.000000000000000000e+02
6.075291689016070862e+00 2.569806996839315444e+07 1.000000000000000000e+02
6.188468238624382778e+00 2.655687864640824124e+07 1.000000000000000995e+02
6.303753153071275150e+00 2.743343600699865073e+07 9.999999999999994316e+01
6.421185709064758385e+00 2.832751900770569220e+07 1.000000000000000995e+02
6.540805914998252923e+00 2.923893893821207434e+07 1.000000000000000995e+02
6.662654524581149929e+00 3.016756013297190145e+07 1.000000000000000000e+02
6.786773050723295064e+00 3.111332161468163878e+07 1.000000000000000000e+02
6.913203779678127603e+00 3.207626195061421022e+07 1.000000000000000000e+02
7.041989785449288775e+00 3.305654342877317593e+07 1.000000000000000995e+02
7.173174944465612768e+00 3.405420144834556431e+07 1.000000000000000995e+02
7.306803950529499936e+00 3.506891822883560508e+07 1.000000000000000995e+02
7.442922330043757917e+00 3.610037801753856242e+07 1.000000000000000995e+02
7.581576457522110069e+00 3.714832294306470454e+07 1.000000000000000995e+02
7.722813571388642551e+00 3.821257576762388647e+07 1.000000000000000995e+02
7.866681790071582192e+00 3.929306584312769026e+07 1.000000000000000000e+02
8.013230128396878982e+00 4.038985845564806461e+07 1.000000000000000000e+02
8.162508514287219796e+00 4.150298299216740578e+07 1.000000000000000000e+02
8.314567805772055564e+00 4.263196541831747442e+07 1.000000000000000995e+02
8.469459808314576676e+00 4.377624605464956909e+07 1.000000000000000995e+02
8.627237292461440887e+00 4.493530520848457515e+07 1.000000000000000000e+02
8.787954011821311084e+00 4.610868398483452946e+07 1.000000000000000000e+02
8.951664721378293166e+00 4.729600799661772698e+07 1.000000000000000995e+02
9.118425196146562328e+00 4.849701421248228103e+07 1.000000000000000000e+02
9.288292250172489162e+00 4.971158120242300630e+07 1.000000000000000995e+02
9.461323755890759912e+00 5.093976307004152238e+07 1.000000000000000000e+02
9.637578663841079418e+00 5.218182739801970124e+07 1.000000000000000000e+02
9.817117022752183786e+00 5.343829758288901299e+07 1.000000000000000000e+02
1.000000000000000000e+01 5.470999999999997765e+07 1.000000000000000000e+02
