# Source: PRIMAT compilation, https://doi.org/10.1016/j.physrep.2018.04.005
1.000000000000000021e-03 6.015000000000000000e+03 3.000000000000000000e+00
1.018628990244687619e-03 6.015000000000005457e+03 3.000000000000000000e+00
1.037605019766911670e-03 6.015000000000000000e+03 3.000000000000000000e+00
1.056934553557988335e-03 6.015000000000000000e+03 2.999999999999999556e+00
1.076624177045493267e-03 6.014999999999993634e+03 2.999999999999999556e+00
1.096680598336868600e-03 6.015000000000005457e+03 3.000000000000000000e+00
1.117110650504824203e-03 6.015000000000000000e+03 2.999999999999999556e+00
1.137921293915315117e-03 6.015000000000000000e+03 2.999999999999999556e+00
1.159119618598885779e-03 6.015000000000011823e+03 3.000000000000000000e+00
1.180712846666190276e-03 6.015000000000005457e+03 3.000000000000000444e+00
1.202708334768511989e-03 6.015000000000011823e+03 3.000000000000000000e+00
1.225113576604118949e-03 6.015000000000005457e+03 2.999999999999999556e+00
1.247936205471311460e-03 6.014999999999993634e+03 2.999999999999999112e+00
1.271183996869028896e-03 6.015000000000011823e+03 3.000000000000000888e+00
1.294864871145904933e-03 6.015000000000005457e+03 3.000000000000000000e+00
1.318986896198670470e-03 6.015000000000024556e+03 3.000000000000000888e+00
1.343558290220826226e-03 6.015000000000005457e+03 3.000000000000000000e+00
1.368587424502519176e-03 6.015000000000005457e+03 2.999999999999999556e+00
1.394082826282578647e-03 6.015000000000005457e+03 3.000000000000000000e+00
1.420053181653683095e-03 6.015000000000018190e+03 3.000000000000000888e+00
1.446507338521647217e-03 6.015000000000011823e+03 2.999999999999999556e+00
1.473454309619835756e-03 6.015000000000018190e+03 3.000000000000000444e+00
1.500903275579736594e-03 6.015000000000005457e+03 3.000000000000000000e+00
1.528863588058731147e-03 6.015000000000011823e+03 3.000000000000000000e+00
1.557344772926135207e-03 6.015000000000011823e+03 3.000000000000000444e+00
1.586356533508589657e-03 6.015000000000011823e+03 3.000000000000000444e+00
1.615908753895919101e-03 6.015000000000005457e+03 3.000000000000000000e+00
1.646011502308549748e-03 6.015000000000005457e+03 3.000000000000000000e+00
1.676675034527699143e-03 6.015000000000005457e+03 3.000000000000000000e+00
1.707909797389426916e-03 6.015000000000011823e+03 3.000000000000000888e+00
1.739726432343800767e-03 6.015000000000005457e+03 3.000000000000000444e+00
1.772135779080358372e-03 6.015000000000011823e+03 3.000000000000000000e+00
1.805148879221108154e-03 6.015000000000011823e+03 2.999999999999999556e+00
1.838776980082326793e-03 6.015000000000000000e+03 2.999999999999999556e+00
1.873031538506436536e-03 6.015000000000018190e+03 3.000000000000000888e+00
1.907924224765265072e-03 6.015000000000005457e+03 2.999999999999999556e+00
1.943466926536020246e-03 6.015000000000005457e+03 2.999999999999999556e+00
1.979671752951332481e-03 6.015000000000011823e+03 3.000000000000000000e+00
2.016551038724746607e-03 6.015000000000005457e+03 2.999999999999999556e+00
2.054117348353064112e-03 6.015000000000018190e+03 3.000000000000000444e+00
2.092383480396977150e-03 6.015000000000011823e+03 3.000000000000000000e+00
2.131362471841437810e-03 6.015000000000000000e+03 3.000000000000000000e+00
2.171067602537264923e-03 6.015000000000000000e+03 3.000000000000000000e+00
2.211512399725488933e-03 6.015000000000000000e+03 2.999999999999999556e+00
2.252710642645980484e-03 6.015000000000005457e+03 3.000000000000000000e+00
2.294676367231936100e-03 6.015000000000005457e+03 3.000000000000000000e+00
2.337423870891814758e-03 6.015000000000005457e+03 3.000000000000000000e+00
2.380967717380358135e-03 6.015000000000000000e+03 2.999999999999999556e+00
2.425322741760352948e-03 6.015000000000011823e+03 3.000000000000000444e+00
2.470504055456825433e-03 6.014999999999993634e+03 2.999999999999999556e+00
2.516527051405391836e-03 6.015000000000011823e+03 3.000000000000000444e+00
2.563407409296514835e-03 6.015000000000000000e+03 3.000000000000000444e+00
2.611161100917459583e-03 6.015000000000005457e+03 3.000000000000000000e+00
2.659804395593758260e-03 6.015000000000005457e+03 3.000000000000000444e+00
2.709353865732051433e-03 6.015000000000000000e+03 2.999999999999999556e+00
2.759826392466180594e-03 6.015000000000000000e+03 3.000000000000000888e+00
2.811239171408464344e-03 6.015000000000005457e+03 3.000000000000000000e+00
2.863609718508115885e-03 6.015000000000000000e+03 3.000000000000000444e+00
2.916955876018795853e-03 6.015000000000000000e+03 2.999999999999999556e+00
2.971295818577334054e-03 6.015000000000000000e+03 3.000000000000000444e+00
3.026648059395692196e-03 6.015000000000000000e+03 3.000000000000000444e+00
3.083031456568277075e-03 6.015000000000000000e+03 3.000000000000000000e+00
3.140465219496752208e-03 6.014999999999987267e+03 2.999999999999999556e+00
3.198968915434537586e-03 6.015000000000000000e+03 3.000000000000000000e+00
3.258562476153226226e-03 6.015000000000000000e+03 3.000000000000000444e+00
3.319266204733189573e-03 6.015000000000005457e+03 3.000000000000000888e+00
3.381100782480685445e-03 6.015000000000000000e+03 3.000000000000000444e+00
3.444087275973823411e-03 6.014999999999993634e+03 3.000000000000000000e+00
3.508247144239792347e-03 6.015000000000000000e+03 3.000000000000000000e+00
3.573602246065788347e-03 6.014999999999987267e+03 3.000000000000000000e+00
3.640174847446141400e-03 6.014999999999993634e+03 2.999999999999999556e+00
3.707987629168172684e-03 6.014999999999993634e+03 2.999999999999999556e+00
3.777063694539364597e-03 6.014999999999987267e+03 2.999999999999999556e+00
3.847426577258505898e-03 6.014999999999987267e+03 2.999999999999999556e+00
3.919100249433401899e-03 6.015000000000011823e+03 3.000000000000000444e+00
3.992109129748053209e-03 6.015000000000000000e+03 3.000000000000000444e+00
4.066478091781853925e-03 6.014999999999987267e+03 3.000000000000000000e+00
4.142232472483897525e-03 6.014999999999993634e+03 2.999999999999999556e+00
4.219398080805024202e-03 6.015000000000000000e+03 3.000000000000000000e+00
4.298001206490798497e-03 6.015000000000005457e+03 3.000000000000000444e+00
4.378068629038166758e-03 6.015000000000000000e+03 2.999999999999999556e+00
4.459627626819095622e-03 6.015000000000000000e+03 3.000000000000000000e+00
4.542705986374042521e-03 6.015000000000005457e+03 3.000000000000000444e+00
4.627332011878692967e-03 6.015000000000011823e+03 3.000000000000000000e+00
4.713534534786906725e-03 6.015000000000005457e+03 3.000000000000000000e+00
4.801342923653449841e-03 6.014999999999993634e+03 2.999999999999999112e+00
4.890787094139589959e-03 6.015000000000005457e+03 3.000000000000000000e+00
4.981897519205159656e-03 6.014999999999987267e+03 2.999999999999999556e+00
5.074705239490466188e-03 6.015000000000005457e+03 3.000000000000000000e+00
5.169241873891598608e-03 6.015000000000000000e+03 2.999999999999999556e+00
5.265539630332755246e-03 6.015000000000000000e+03 3.000000000000000000e+00
5.363631316739239652e-03 6.015000000000005457e+03 3.000000000000000444e+00
5.463550352214875498e-03 6.015000000000011823e+03 3.000000000000000000e+00
5.565330778427646403e-03 6.015000000000005457e+03 3.000000000000000000e+00
5.669007271207434327e-03 6.015000000000005457e+03 2.999999999999999556e+00
5.774615152359819509e-03 6.015000000000000000e+03 3.000000000000000000e+00
5.882190401699956099e-03 6.015000000000005457e+03 2.999999999999999556e+00
5.991769669310619169e-03 6.015000000000005457e+03 3.000000000000000000e+00
6.103390288028621123e-03 6.015000000000005457e+03 3.000000000000000000e+00
6.217090286163826779e-03 6.014999999999993634e+03 2.999999999999999556e+00
6.332908400455114321e-03 6.015000000000011823e+03 3.000000000000000000e+00
6.450884089267692675e-03 6.015000000000005457e+03 3.000000000000000444e+00
6.571057546036270826e-03 6.015000000000000000e+03 3.000000000000000000e+00
6.693469712958660493e-03 6.015000000000005457e+03 3.000000000000000444e+00
6.818162294944479437e-03 6.015000000000005457e+03 3.000000000000000888e+00
6.945177773823696388e-03 6.015000000000005457e+03 3.000000000000000888e+00
7.074559422819878297e-03 6.015000000000005457e+03 3.000000000000000888e+00
7.206351321293052656e-03 6.015000000000005457e+03 3.000000000000000000e+00
7.340598369757212090e-03 6.015000000000005457e+03 3.000000000000000000e+00
7.477346305177588227e-03 6.015000000000005457e+03 3.000000000000000888e+00
7.616641716552892058e-03 6.014999999999993634e+03 2.999999999999999112e+00
7.758532060787835978e-03 6.015000000000005457e+03 3.000000000000000000e+00
7.903065678861348128e-03 6.015000000000000000e+03 3.000000000000000444e+00
8.050291812295981564e-03 6.015000000000000000e+03 3.000000000000000000e+00
8.200260619934130954e-03 6.015000000000000000e+03 2.999999999999999556e+00
8.353023195026778799e-03 6.015000000000000000e+03 3.000000000000000000e+00
8.508631582640582489e-03 6.015000000000000000e+03 3.000000000000000000e+00
8.667138797389234081e-03 6.015000000000005457e+03 3.000000000000000888e+00
8.828598841495149604e-03 6.015000000000000000e+03 3.000000000000000000e+00
8.993066723187623582e-03 6.015000000000000000e+03 3.000000000000000000e+00
9.160598475443709407e-03 6.014999999999987267e+03 2.999999999999999556e+00
9.331251175078249249e-03 6.014999999999993634e+03 2.999999999999999112e+00
9.505082962189511861e-03 6.014999999999993634e+03 3.000000000000000000e+00
9.682153059967075343e-03 6.014999999999987267e+03 2.999999999999999556e+00
9.862521794868784469e-03 6.014999999999987267e+03 2.999999999999999112e+00
1.004625061717340749e-02 6.014999999999987267e+03 2.999999999999999112e+00
1.023340212191641702e-02 6.014999999999980901e+03 3.000000000000000000e+00
1.042404007021556327e-02 6.014999999999987267e+03 2.999999999999998668e+00
1.061822941099384125e-02 6.014999999999987267e+03 2.999999999999999112e+00
1.081603630310709954e-02 6.014999999999987267e+03 2.999999999999998668e+00
1.101752813788386791e-02 6.015000000000005457e+03 3.000000000000000444e+00
1.122277356208507652e-02 6.015000000000011823e+03 3.000000000000000444e+00
1.143184250129149725e-02 6.015000000000000000e+03 2.999999999999999556e+00
1.164480618372686072e-02 6.015000000000000000e+03 2.999999999999999556e+00
1.186173716452478509e-02 6.015000000000011823e+03 3.000000000000000444e+00
1.208270935044776506e-02 6.014999999999993634e+03 2.999999999999999556e+00
1.230779802506665188e-02 6.015000000000000000e+03 3.000000000000000000e+00
1.253707987440920262e-02 6.014999999999993634e+03 2.999999999999999112e+00
1.277063301308643990e-02 6.014999999999987267e+03 2.999999999999999556e+00
1.300853701090571267e-02 6.015000000000000000e+03 2.999999999999999556e+00
1.325087291997953214e-02 6.014999999999987267e+03 2.999999999999998668e+00
1.349772330233941706e-02 6.014999999999987267e+03 2.999999999999999112e+00
1.374917225806419029e-02 6.014999999999987267e+03 2.999999999999999112e+00
1.400530545393219653e-02 6.014999999999987267e+03 2.999999999999999112e+00
1.426621015260736910e-02 6.014999999999993634e+03 2.999999999999999556e+00
1.453197524236895383e-02 6.014999999999993634e+03 3.000000000000000000e+00
1.480269126739508674e-02 6.015000000000000000e+03 3.000000000000000000e+00
1.507845045861051086e-02 6.014999999999987267e+03 3.000000000000000000e+00
1.535934676510897039e-02 6.015000000000011823e+03 3.000000000000000000e+00
1.564547588616095955e-02 6.015000000000011823e+03 3.000000000000000888e+00
1.593693530381774456e-02 6.015000000000005457e+03 3.000000000000000444e+00
1.623382431612278159e-02 6.015000000000000000e+03 2.999999999999999556e+00
1.653624407094180307e-02 6.014999999999993634e+03 2.999999999999999556e+00
1.684429760042315330e-02 6.014999999999987267e+03 2.999999999999999112e+00
1.715808985610004986e-02 6.015000000000000000e+03 3.000000000000000000e+00
1.747772774464680795e-02 6.015000000000000000e+03 2.999999999999999556e+00
1.780332016430113962e-02 6.014999999999993634e+03 2.999999999999999556e+00
1.813497804196495186e-02 6.015000000000000000e+03 3.000000000000000000e+00
1.847281437099634188e-02 6.015000000000000000e+03 3.000000000000000000e+00
1.881694424970555696e-02 6.014999999999993634e+03 2.999999999999999556e+00
1.916748492056815148e-02 6.015000000000000000e+03 3.000000000000000000e+00
1.952455581016860828e-02 6.015000000000000000e+03 3.000000000000000444e+00
1.988827856988809734e-02 6.015000000000000000e+03 3.000000000000000000e+00
2.025877711735016989e-02 6.015000000000011823e+03 3.000000000000000888e+00
2.063617767863858837e-02 6.014999999999993634e+03 3.000000000000000000e+00
2.102060883130158278e-02 6.015000000000005457e+03 3.000000000000000000e+00
2.141220154815729262e-02 6.015000000000000000e+03 3.000000000000000444e+00
2.181108924191518805e-02 6.015000000000000000e+03 3.000000000000000444e+00
2.221740781062883641e-02 6.014999999999993634e+03 3.000000000000000000e+00
2.263129568399528321e-02 6.014999999999993634e+03 2.999999999999999556e+00
2.305289387051707301e-02 6.015000000000000000e+03 3.000000000000000000e+00
2.348234600554275145e-02 6.015000000000000000e+03 3.000000000000000000e+00
2.391979840020238418e-02 6.015000000000000000e+03 3.000000000000000000e+00
2.436540009125464853e-02 6.014999999999987267e+03 2.999999999999999112e+00
2.481930289186254010e-02 6.015000000000000000e+03 2.999999999999999112e+00
2.528166144331499277e-02 6.015000000000005457e+03 3.000000000000000000e+00
2.575263326771199887e-02 6.015000000000000000e+03 3.000000000000000000e+00
2.623237882163122203e-02 6.015000000000000000e+03 3.000000000000000000e+00
2.672106155079433804e-02 6.014999999999993634e+03 2.999999999999999556e+00
2.721884794575178332e-02 6.014999999999987267e+03 2.999999999999999112e+00
2.772590759860482645e-02 6.014999999999993634e+03 2.999999999999999556e+00
2.824241326078434297e-02 6.015000000000000000e+03 2.999999999999999556e+00
2.876854090190592711e-02 6.014999999999993634e+03 2.999999999999999112e+00
2.930446976972142861e-02 6.014999999999987267e+03 2.999999999999999556e+00
2.985038245118730796e-02 6.015000000000000000e+03 3.000000000000000000e+00
3.040646493467067182e-02 6.015000000000000000e+03 2.999999999999999556e+00
3.097290667331408301e-02 6.015000000000011823e+03 2.999999999999999556e+00
3.154990064958086704e-02 6.015000000000011823e+03 2.999999999999999556e+00
3.213764344100276948e-02 6.015000000000024556e+03 2.999999999999999556e+00
3.273633528715245988e-02 6.015000000000024556e+03 3.000000000000000000e+00
3.334618015786364187e-02 6.015000000000036380e+03 3.000000000000000000e+00
3.396738582272208068e-02 6.015000000000042746e+03 3.000000000000000000e+00
3.460016392185108480e-02 6.015000000000049113e+03 3.000000000000000444e+00
3.524473003801584237e-02 6.015000000000054570e+03 3.000000000000000444e+00
3.590130377007068330e-02 6.015000000000060936e+03 3.000000000000000444e+00
3.657010880777489259e-02 6.015000000000049113e+03 2.999999999999999112e+00
3.725137300800209633e-02 6.015000000000060936e+03 3.000000000000000444e+00
3.794532847236938011e-02 6.015000000000042746e+03 2.999999999999999112e+00
3.865221162631261864e-02 6.015000000000036380e+03 2.999999999999999112e+00
3.937226329963479377e-02 6.015000000000018190e+03 3.000000000000000000e+00
4.010572880855495931e-02 6.014999999999987267e+03 3.000000000000000000e+00
4.085285803928561527e-02 6.014999999999969077e+03 3.000000000000000000e+00
4.161390553316707264e-02 6.014999999999931788e+03 2.999999999999999556e+00
4.238913057338778573e-02 6.014999999999900865e+03 3.000000000000000000e+00
4.317879727332021161e-02 6.014999999999864485e+03 3.000000000000000000e+00
4.398317466650223523e-02 6.014999999999833562e+03 3.000000000000000000e+00
4.480253679829489938e-02 6.014999999999796273e+03 3.000000000000000000e+00
4.563716281924758839e-02 6.014999999999784450e+03 2.999999999999999112e+00
4.648733708020256344e-02 6.014999999999790816e+03 3.000000000000000000e+00
4.735334922917116413e-02 6.014999999999820830e+03 3.000000000000001332e+00
4.823549431001467047e-02 6.014999999999851752e+03 3.000000000000000444e+00
4.913407286296361809e-02 6.014999999999913598e+03 3.000000000000000444e+00
5.004939102700953213e-02 6.015000000000011823e+03 3.000000000000000444e+00
5.098176064420424647e-02 6.015000000000147338e+03 3.000000000000000444e+00
5.193149936590212012e-02 6.015000000000301043e+03 3.000000000000000888e+00
5.289893076098151070e-02 6.015000000000472937e+03 3.000000000000001332e+00
5.388438442608223938e-02 6.015000000000614818e+03 3.000000000000000444e+00
5.488819609789671872e-02 6.015000000000731234e+03 3.000000000000000444e+00
5.591070776755290017e-02 6.015000000000799446e+03 3.000000000000000888e+00
5.695226779712821846e-02 6.015000000000774889e+03 3.000000000000000000e+00
5.801323103833375128e-02 6.015000000000657565e+03 3.000000000000001332e+00
5.909395895340967958e-02 6.015000000000368345e+03 3.000000000000000444e+00
6.019481973827271043e-02 6.014999999999900865e+03 2.999999999999999556e+00
6.131618844795772016e-02 6.014999999999286047e+03 3.000000000000000444e+00
6.245844712439614643e-02 6.014999999998566636e+03 3.000000000000000444e+00
6.362198492657485105e-02 6.014999999997871782e+03 3.000000000000000000e+00
6.480719826311967524e-02 6.014999999997324267e+03 2.999999999999999556e+00
6.601449092734885948e-02 6.014999999997053237e+03 2.999999999999999556e+00
6.724427423484245769e-02 6.014999999997237865e+03 3.000000000000000444e+00
6.849696716357443760e-02 6.014999999998037310e+03 3.000000000000000000e+00
6.977299649665534564e-02 6.014999999999630745e+03 3.000000000000000444e+00
7.107279696773415034e-02 6.015000000002140041e+03 3.000000000000000000e+00
7.239681140910873836e-02 6.015000000005221409e+03 2.999999999999999556e+00
7.374549090259549522e-02 6.015000000008229108e+03 3.000000000000000888e+00
7.511929493320965157e-02 6.015000000010400072e+03 3.000000000000000000e+00
7.651869154570821452e-02 6.015000000010953954e+03 3.000000000000000000e+00
7.794415750404946885e-02 6.015000000008979441e+03 3.000000000000000444e+00
7.939617845382279659e-02 6.015000000003505193e+03 3.000000000000000444e+00
8.087524908770453436e-02 6.014999999993597157e+03 3.000000000000001332e+00
8.238187331399605962e-02 6.014999999980606844e+03 3.000000000000000000e+00
8.391656442830157381e-02 6.014999999968077645e+03 3.000000000000001332e+00
8.547984528840409102e-02 6.014999999959952220e+03 3.000000000000000444e+00
8.707224849239916797e-02 6.014999999960697096e+03 3.000000000000000000e+00
8.869431656014709064e-02 6.014999999975199898e+03 3.000000000000000000e+00
9.034660211810524588e-02 6.015000000008948518e+03 3.000000000000000000e+00
9.202966808760409956e-02 6.015000000077485311e+03 2.999999999999999556e+00
9.374408787662991127e-02 6.015000000219467438e+03 3.000000000000000000e+00
9.549044557518077125e-02 6.015000000480593371e+03 2.999999999999999556e+00
9.726933615426168467e-02 6.015000000911496500e+03 2.999999999999999556e+00
9.908136566858666283e-02 6.015000001568078915e+03 3.000000000000000444e+00
1.009271514630570854e-01 6.015000002518368092e+03 2.999999999999999556e+00
1.028073223830864719e-01 6.015000003990379810e+03 3.000000000000000444e+00
1.047225189888434382e-01 6.015000006394155207e+03 3.000000000000000000e+00
1.066733937734857113e-01 6.015000010191245565e+03 3.000000000000000000e+00
1.086606113854596822e-01 6.015000015891810108e+03 3.000000000000000000e+00
1.106848488549412035e-01 6.015000024066556762e+03 2.999999999999999556e+00
1.127467958244946084e-01 6.015000035835218114e+03 3.000000000000000444e+00
1.148471547840289042e-01 6.015000053212215789e+03 3.000000000000000000e+00
1.169866413101306873e-01 6.015000078494290392e+03 3.000000000000000000e+00
1.191659843098558796e-01 6.015000114216676593e+03 2.999999999999999556e+00
1.213859262690627772e-01 6.015000163404321938e+03 3.000000000000000444e+00
1.236472235053715091e-01 6.015000232672284255e+03 3.000000000000000000e+00
1.259506464258357550e-01 6.015000331787341565e+03 2.999999999999999112e+00
1.282969797894147612e-01 6.015000471601894787e+03 3.000000000000000444e+00
1.306870229743346268e-01 6.015000664128347125e+03 2.999999999999998668e+00
1.331215902504307713e-01 6.015000926673347749e+03 3.000000000000000000e+00
1.356015110565633452e-01 6.015001285712470235e+03 2.999999999999999556e+00
1.381276302832009362e-01 6.015001771227927748e+03 2.999999999999999556e+00
1.407008085602685088e-01 6.015002416368578452e+03 2.999999999999999112e+00
1.433219225503573890e-01 6.015003271865055467e+03 2.999999999999999112e+00
1.459918652473978506e-01 6.015004420597157150e+03 2.999999999999999556e+00
1.487115462808953625e-01 6.015005957006361314e+03 3.000000000000000444e+00
1.514818922258345801e-01 6.015007985451192326e+03 3.000000000000000000e+00
1.543038469183564687e-01 6.015010627548603225e+03 3.000000000000000000e+00
1.571783717773162781e-01 6.015014023349434865e+03 3.000000000000000444e+00
1.601064461318317811e-01 6.015018326691586481e+03 3.000000000000000000e+00
1.630890675549332702e-01 6.015023749739717459e+03 3.000000000000000000e+00
1.661272522034293042e-01 6.015030686783050442e+03 3.000000000000000000e+00
1.692220351641037235e-01 6.015039609792058400e+03 3.000000000000000444e+00
1.723744708063619790e-01 6.015051038461777352e+03 3.000000000000000444e+00
1.755856331414468730e-01 6.015065543833303309e+03 3.000000000000000444e+00
1.788566161883461958e-01 6.015083752158209791e+03 3.000000000000000444e+00
1.821885343465165230e-01 6.015106359353805601e+03 3.000000000000000888e+00
1.855825227755517060e-01 6.015134255226572350e+03 3.000000000000000000e+00
1.890397377819219571e-01 6.015168502181450094e+03 3.000000000000000444e+00
1.925613572129196704e-01 6.015210264799178731e+03 2.999999999999999556e+00
1.961485808579429280e-01 6.015260815830737556e+03 3.000000000000000000e+00
1.998026308572548593e-01 6.015321544162592545e+03 3.000000000000000444e+00
2.035247521183575770e-01 6.015394122448526105e+03 3.000000000000000000e+00
2.073162127401229071e-01 6.015481143632083331e+03 2.999999999999999556e+00
2.111783044448242164e-01 6.015585682286871815e+03 2.999999999999999556e+00
2.151123430182164953e-01 6.015711107786570210e+03 2.999999999999999556e+00
2.191196687578147451e-01 6.015861106311447656e+03 2.999999999999999112e+00
2.232016469295232397e-01 6.016039704374582470e+03 2.999999999999999112e+00
2.273596682327715113e-01 6.016251293940154028e+03 2.999999999999999556e+00
2.315951492743152096e-01 6.016500659240555251e+03 2.999999999999999556e+00
2.359095330508633737e-01 6.016793005407002966e+03 3.000000000000000888e+00
2.403042894406967056e-01 6.017133989037334686e+03 2.999999999999999556e+00
2.447809157044440187e-01 6.017529750833201433e+03 3.000000000000000444e+00
2.493409369951877785e-01 6.017986950449410870e+03 3.000000000000000000e+00
2.539859068780723761e-01 6.018512836003978919e+03 2.999999999999999556e+00
2.587174078595921300e-01 6.019115460225742027e+03 3.000000000000000888e+00
2.635370519267393186e-01 6.019803621849537194e+03 3.000000000000000444e+00
2.684464810961962322e-01 6.020586842096612600e+03 2.999999999999999556e+00
2.734473679737579599e-01 6.021475416092362138e+03 3.000000000000000888e+00
2.785414163241766161e-01 6.022480468000111614e+03 3.000000000000000444e+00
2.837303616516211324e-01 6.023614009989805709e+03 3.000000000000000444e+00
2.890159717909508430e-01 6.024889005328948770e+03 3.000000000000000444e+00
2.944000475100033709e-01 6.026319435909712411e+03 3.000000000000000888e+00
2.998844231231027613e-01 6.027920374553349575e+03 3.000000000000000444e+00
3.054709671159968054e-01 6.029707405096077309e+03 3.000000000000000444e+00
3.111615827824359970e-01 6.031694408347996614e+03 3.000000000000000000e+00
3.169582088726115021e-01 6.033895405804497386e+03 2.999999999999999556e+00
3.228628202536730218e-01 6.036325318534244616e+03 3.000000000000000000e+00
3.288774285825510346e-01 6.039000025260599614e+03 3.000000000000000444e+00
3.350040829913132900e-01 6.041936424456213899e+03 3.000000000000000000e+00
3.412448707852889229e-01 6.045152500772435815e+03 2.999999999999999556e+00
3.476019181541977754e-01 6.048667396148666739e+03 2.999999999999999556e+00
3.540773908965269556e-01 6.052501179661549941e+03 2.999999999999999556e+00
3.606734951574028236e-01 6.056670962251720994e+03 3.000000000000000888e+00
3.673924781802074269e-01 6.061191605034735403e+03 3.000000000000000444e+00
3.742366290721980682e-01 6.066078455498589392e+03 3.000000000000000444e+00
3.812082795843887983e-01 6.071347429146847389e+03 3.000000000000000888e+00
3.883098049059605095e-01 6.077015029557595881e+03 3.000000000000000444e+00
3.955436244734701345e-01 6.083098369160768016e+03 3.000000000000000000e+00
4.029122027951347884e-01 6.089615118886295932e+03 3.000000000000000444e+00
4.104180502904709038e-01 6.096580595645526955e+03 2.999999999999999112e+00
4.180637241455757991e-01 6.104006345100944600e+03 2.999999999999999556e+00
4.258518291843414461e-01 6.111903444193655560e+03 3.000000000000000000e+00
4.337850187558989212e-01 6.120282702509722185e+03 3.000000000000000000e+00
4.418659956385941334e-01 6.129154600506284623e+03 2.999999999999999556e+00
4.500975129608046355e-01 6.138529221318726741e+03 3.000000000000000444e+00
4.584823751389096036e-01 6.148415361105286138e+03 2.999999999999999556e+00
4.670234388327330621e-01 6.158817923804661405e+03 2.999999999999999556e+00
4.757236139187884794e-01 6.169739864992909133e+03 2.999999999999999112e+00
4.845858644816490868e-01 6.181182754896167353e+03 3.000000000000000000e+00
4.936132098237911991e-01 6.193146611399796711e+03 2.999999999999999556e+00
5.028087254942474882e-01 6.205629732714241072e+03 3.000000000000000000e+00
5.121755443364236493e-01 6.218629637011304112e+03 2.999999999999999556e+00
5.217168575554343990e-01 6.232143827456806321e+03 3.000000000000000888e+00
5.314359158053235666e-01 6.246168018245177336e+03 3.000000000000000000e+00
5.413360302965375404e-01 6.260695742581257946e+03 3.000000000000000000e+00
5.514205739240296555e-01 6.275718115947162005e+03 3.000000000000000444e+00
5.616929824163804374e-01 6.291223578977190300e+03 2.999999999999999556e+00
5.721567555063246102e-01 6.307197618498537850e+03 3.000000000000000444e+00
5.828154581230839959e-01 6.323622465244972773e+03 3.000000000000000444e+00
5.936727216069119795e-01 6.340476766711172786e+03 2.999999999999999112e+00
6.047322449462643190e-01 6.357735452521173102e+03 3.000000000000000000e+00
6.159977960380161877e-01 6.375376740161119415e+03 2.999999999999999112e+00
6.274732129711574347e-01 6.393384582645590854e+03 2.999999999999999556e+00
6.391624053343999412e-01 6.411740598665033758e+03 2.999999999999999112e+00
6.510693555481454897e-01 6.430423279442827152e+03 3.000000000000000000e+00
6.631981202212668958e-01 6.449407696674561521e+03 3.000000000000000444e+00
6.755528315331639222e-01 6.468665188489108914e+03 3.000000000000000000e+00
6.881376986415662644e-01 6.488163022276422453e+03 2.999999999999999556e+00
7.009570091165617800e-01 6.507864034784992327e+03 3.000000000000000444e+00
7.140151304013395706e-01 6.527731053699266340e+03 3.000000000000000444e+00
7.273165113001454074e-01 6.547738188139374870e+03 3.000000000000000888e+00
7.408656834939559843e-01 6.567859815246375547e+03 3.000000000000000888e+00
7.546672630843886953e-01 6.588067469177102794e+03 3.000000000000000888e+00
7.687259521663728501e-01 6.608329619130880928e+03 3.000000000000000000e+00
7.830465404301183430e-01 6.628611433466357994e+03 3.000000000000000444e+00
7.976339067929273385e-01 6.648874529423153945e+03 3.000000000000000444e+00
8.124930210614047521e-01 6.669078695069278183e+03 3.000000000000000000e+00
8.276289456246344045e-01 6.689193231681982979e+03 3.000000000000000000e+00
8.430468371788967241e-01 6.709190516048484824e+03 3.000000000000000000e+00
8.587519484845170803e-01 6.729041034943232262e+03 2.999999999999999556e+00
8.747496301554414933e-01 6.748713270650002414e+03 3.000000000000000000e+00
8.910453324821513421e-01 6.768173596164342598e+03 2.999999999999999112e+00
9.076446072885356875e-01 6.787386377735781934e+03 2.999999999999999112e+00
9.245531098233570333e-01 6.806319820155189518e+03 2.999999999999999556e+00
9.417766006869519035e-01 6.824947536106014923e+03 2.999999999999999556e+00
9.593209477938241525e-01 6.843242688347094372e+03 3.000000000000000444e+00
9.771921283717996953e-01 6.861177669217303446e+03 3.000000000000000000e+00
9.953962309984233370e-01 6.878724122952585276e+03 3.000000000000000444e+00
1.013939457675291811e+00 6.895853579007235567e+03 3.000000000000000888e+00
1.032828125941028574e+00 6.912542389978927531e+03 3.000000000000001332e+00
1.052068671023622892e+00 6.928769891145816473e+03 3.000000000000000000e+00
1.071667648032863296e+00 6.944515995839376046e+03 3.000000000000000000e+00
1.091631734193614811e+00 6.959761312952107801e+03 3.000000000000000888e+00
1.111967731120699021e+00 6.974487297990684056e+03 3.000000000000000000e+00
1.132682567136153784e+00 6.988676416517905636e+03 3.000000000000000888e+00
1.153783299629660863e+00 7.002312320628810994e+03 3.000000000000000444e+00
1.175277117462945276e+00 7.015380039128211138e+03 3.000000000000000444e+00
1.197171343418965694e+00 7.027866182101733102e+03 3.000000000000000444e+00
1.219473436696737023e+00 7.039759160601212898e+03 3.000000000000000000e+00
1.242190995452616242e+00 7.051049422197726017e+03 3.000000000000000444e+00
1.265331759388941713e+00 7.061729313268878286e+03 3.000000000000000444e+00
1.288903612390891462e+00 7.071788918728601857e+03 3.000000000000000888e+00
1.312914585212463958e+00 7.081217330647696144e+03 3.000000000000000000e+00
1.337372858212495075e+00 7.090005694421074622e+03 3.000000000000000888e+00
1.362286764141645401e+00 7.098147511510633194e+03 3.000000000000000444e+00
1.387664790981307128e+00 7.105638907656300944e+03 2.999999999999999556e+00
1.413515584835394190e+00 7.112478918833283387e+03 3.000000000000000000e+00
1.439847952876006643e+00 7.118669795852802054e+03 2.999999999999999556e+00
1.466670866343967150e+00 7.124217328581974471e+03 3.000000000000000444e+00
1.493993463605256311e+00 7.129131190853187945e+03 3.000000000000000444e+00
1.521825053264385552e+00 7.133423489901279936e+03 3.000000000000000444e+00
1.550175117335768737e+00 7.137096149742918897e+03 3.000000000000000444e+00
1.579053314474174297e+00 7.140147173276011927e+03 3.000000000000000444e+00
1.608469483265355215e+00 7.142577165305037852e+03 3.000000000000000444e+00
1.638433645577983100e+00 7.144389634841282714e+03 3.000000000000000000e+00
1.668956009978023181e+00 7.145591276221353837e+03 3.000000000000000444e+00
1.700046975206716438e+00 7.146192267812929458e+03 3.000000000000000444e+00
1.731717133723352786e+00 7.146206589312427241e+03 3.000000000000000000e+00
1.763977275314043469e+00 7.145652101224840408e+03 3.000000000000000000e+00
1.796838390767719229e+00 7.144542501002156314e+03 3.000000000000000000e+00
1.830311675620611256e+00 7.142884740538174810e+03 2.999999999999999556e+00
1.864408533970485227e+00 7.140688149513339340e+03 3.000000000000000444e+00
1.899140582361933616e+00 7.137965276083475146e+03 3.000000000000000444e+00
1.934519653744044332e+00 7.134732167585077150e+03 3.000000000000000888e+00
1.970557801501798378e+00 7.131008668703234434e+03 3.000000000000000888e+00
2.007267303562568106e+00 7.126818702034958733e+03 3.000000000000000444e+00
2.044660666579115826e+00 7.122182381662392800e+03 3.000000000000000888e+00
2.082750630190514318e+00 7.117104607038269933e+03 3.000000000000000444e+00
2.121550171362450055e+00 7.111589699965538784e+03 3.000000000000000444e+00
2.161072508808376647e+00 7.105643981287005772e+03 3.000000000000000444e+00
2.201331107493030181e+00 7.099275947094891308e+03 3.000000000000000888e+00
2.242339683219845003e+00 7.092496455958592378e+03 3.000000000000000444e+00
2.284112207303823361e+00 7.085318927840522520e+03 3.000000000000000444e+00
2.326662911331458083e+00 7.077759555437954077e+03 3.000000000000000000e+00
2.370006292009327886e+00 7.069837528770291101e+03 3.000000000000000444e+00
2.414157116103017753e+00 7.061575273925763213e+03 3.000000000000000000e+00
2.459130425468043946e+00 7.052998706993020278e+03 3.000000000000000000e+00
2.504941542174502267e+00 7.044137498147848419e+03 2.999999999999999556e+00
2.551606073727183954e+00 7.035018354703824116e+03 3.000000000000000000e+00
2.599139918382932901e+00 7.025650628120813053e+03 2.999999999999999112e+00
2.647559270567066747e+00 7.016041394578119252e+03 3.000000000000000444e+00
2.696880626390692370e+00 7.006199057501862626e+03 3.000000000000000888e+00
2.747120789270811603e+00 6.996133452729292912e+03 3.000000000000000000e+00
2.798296875655115645e+00 6.985855960354813760e+03 3.000000000000000000e+00
2.850426320853434614e+00 6.975379623697284842e+03 3.000000000000000000e+00
2.903526884977813971e+00 6.964719275870053025e+03 3.000000000000000888e+00
2.957616658993253544e+00 6.953891674482608323e+03 3.000000000000000888e+00
3.012714070881164385e+00 6.942915615866376356e+03 3.000000000000000444e+00
3.068837891917642224e+00 6.931807608217066445e+03 3.000000000000000444e+00
3.126007243068700259e+00 6.920576545660937882e+03 3.000000000000000444e+00
3.184241601504649744e+00 6.909231146008831274e+03 3.000000000000000444e+00
3.243560807235807975e+00 6.897781097991754905e+03 3.000000000000000888e+00
3.303985069871854918e+00 6.886237129476457085e+03 3.000000000000000000e+00
3.365534975507090909e+00 6.874611079989779682e+03 3.000000000000000444e+00
3.428231493733967294e+00 6.862915977848841067e+03 3.000000000000000444e+00
3.492095984787267682e+00 6.851166122221627120e+03 3.000000000000000000e+00
3.557150206821382277e+00 6.839376068003463843e+03 2.999999999999999556e+00
3.623416323323146226e+00 6.827555147605716229e+03 2.999999999999999556e+00
3.690916910662774608e+00 6.815711004940358180e+03 2.999999999999999556e+00
3.759674965785463563e+00 6.803851798366209550e+03 3.000000000000000000e+00
3.829713914046277257e+00 6.791986231836300249e+03 3.000000000000000444e+00
3.901057617190989202e+00 6.780123584714718163e+03 3.000000000000000444e+00
3.973730381485604202e+00 6.768273743289748381e+03 3.000000000000000444e+00
4.047756965997318268e+00 6.756446975985851168e+03 3.000000000000000000e+00
4.123162591029748469e+00 6.744650839669351626e+03 3.000000000000000000e+00
4.199972946715301525e+00 6.732890849408652684e+03 2.999999999999999556e+00
4.278214201767612579e+00 6.721172559216638547e+03 3.000000000000000000e+00
4.357913012397025554e+00 6.709501596737057298e+03 3.000000000000000444e+00
4.439096531392166867e+00 6.697883653924661303e+03 2.999999999999999556e+00
4.521792417370697592e+00 6.686324476677693383e+03 2.999999999999999556e+00
4.606028844202397998e+00 6.674829853341219859e+03 3.000000000000000444e+00
4.691834510607794329e+00 6.663405601993530581e+03 2.999999999999999556e+00
4.779238649935595440e+00 6.652057556421822483e+03 2.999999999999999112e+00
4.868271040122278848e+00 6.640791550685688890e+03 3.000000000000000000e+00
4.958962013837211913e+00 6.629613402160061923e+03 2.999999999999999556e+00
5.051342468816761411e+00 6.618528849618786808e+03 3.000000000000000000e+00
5.145443878390924652e+00 6.607542766284827849e+03 3.000000000000000000e+00
5.241298302206056192e+00 6.596659138040658945e+03 3.000000000000000444e+00
5.338938397147350301e+00 6.585881649921752796e+03 3.000000000000000888e+00
5.438397428464796235e+00 6.575213668361595410e+03 3.000000000000000000e+00
5.539709281106400596e+00 6.564658197991675479e+03 3.000000000000000000e+00
5.642908471262536807e+00 6.554217834918507833e+03 3.000000000000000000e+00
5.748030158125351008e+00 6.543894716225676348e+03 2.999999999999999556e+00
5.855110155867238042e+00 6.533690465431831399e+03 2.999999999999999556e+00
5.964184945842459840e+00 6.523606133618885906e+03 3.000000000000000000e+00
6.075291689016070862e+00 6.513642318539737971e+03 3.000000000000000000e+00
6.188468238624382778e+00 6.503801042973806034e+03 3.000000000000000000e+00
6.303753153071275150e+00 6.494085162603653771e+03 2.999999999999999556e+00
6.421185709064758385e+00 6.484497109303666548e+03 3.000000000000000000e+00
6.540805914998252923e+00 6.475038817671970719e+03 3.000000000000000444e+00
6.662654524581149929e+00 6.465711666933168090e+03 3.000000000000000444e+00
6.786773050723295064e+00 6.456516418219919615e+03 3.000000000000000444e+00
6.913203779678127603e+00 6.447453146908529561e+03 3.000000000000000000e+00
7.041989785449288775e+00 6.438521191540751715e+03 3.000000000000000000e+00
7.173174944465612768e+00 6.429720498370033056e+03 3.000000000000000000e+00
7.306803950529499936e+00 6.421052603246292165e+03 3.000000000000000000e+00
7.442922330043757917e+00 6.412518667436483156e+03 2.999999999999999556e+00
7.581576457522110069e+00 6.404119220513670371e+03 3.000000000000000444e+00
7.722813571388642551e+00 6.395854091713268645e+03 3.000000000000000000e+00
7.866681790071582192e+00 6.387722335918701901e+03 2.999999999999999112e+00
8.013230128396878982e+00 6.379722154536717426e+03 3.000000000000000000e+00
8.162508514287219796e+00 6.371851972655850659e+03 3.000000000000000000e+00
8.314567805772055564e+00 6.364112970015345127e+03 2.999999999999999556e+00
8.469459808314576676e+00 6.356506444131894568e+03 3.000000000000000444e+00
8.627237292461440887e+00 6.349033104888280832e+03 2.999999999999999556e+00
8.787954011821311084e+00 6.341693009855906894e+03 3.000000000000000000e+00
8.951664721378293166e+00 6.334485494525330068e+03 3.000000000000000888e+00
9.118425196146562328e+00 6.327409097092271622e+03 3.000000000000000444e+00
9.288292250172489162e+00 6.320461477426484635e+03 3.000000000000000888e+00
9.461323755890759912e+00 6.313639329830379211e+03 3.000000000000000444e+00
9.637578663841079418e+00 6.306938289175497630e+03 3.000000000000000444e+00
9.817117022752183786e+00 6.300352829983400625e+03 3.000000000000000444e+00
1.000000000000000000e+01 6.293876158000000942e+03 3.000000000000000000e+00
