# Source: PRIMAT compilation, https://doi.org/10.1016/j.physrep.2018.04.005
1.000000000000000021e-03 2.169999999999993623e-28 1.092500000000000027e+00
1.018628990244687619e-03 3.363867782471101884e-28 1.092575886081984970e+00
1.037605019766911670e-03 5.228417637538691572e-28 1.092651636171513951e+00
1.056934553557988335e-03 8.147154431719781283e-28 1.092727205308875904e+00
1.076624177045493267e-03 1.272611333299869712e-27 1.092802547015689685e+00
1.096680598336868600e-03 1.992449278875794826e-27 1.092877613293707917e+00
1.117110650504824203e-03 3.126263133679497791e-27 1.092952354627646061e+00
1.137921293915315117e-03 4.915336709578430501e-27 1.093026719992435947e+00
1.159119618598885779e-03 7.743027780941178676e-27 1.093100656865333642e+00
1.180712846666190276e-03 1.221901085344057739e-26 1.093174111243340629e+00
1.202708334768511989e-03 1.931365335319878922e-26 1.093247027666434779e+00
1.225113576604118949e-03 3.057236208485594613e-26 1.093319349247138028e+00
1.247936205471311460e-03 4.845742684959024444e-26 1.093391017706987878e+00
1.271183996869028896e-03 7.689298170488069968e-26 1.093461973420520650e+00
1.294864871145904933e-03 1.221332404732197271e-25 1.093532155467418221e+00
1.318986896198670470e-03 1.941446206062599829e-25 1.093601501693507450e+00
1.343558290220826226e-03 3.088035760621532520e-25 1.093669948781362811e+00
1.368587424502519176e-03 4.913870237349677323e-25 1.093737432331303383e+00
1.394082826282578647e-03 7.821070351379337603e-25 1.093803886953632398e+00
1.420053181653683095e-03 1.244871394086084859e-24 1.093869246373030624e+00
1.446507338521647217e-03 1.981121907747494427e-24 1.093933443546068363e+00
1.473454309619835756e-03 3.151643349757190080e-24 1.093996410792874352e+00
1.500903275579736594e-03 5.010845864492270836e-24 1.094058079944061124e+00
1.528863588058731147e-03 7.960502280650015409e-24 1.094118382504089215e+00
1.557344772926135207e-03 1.263371921023259707e-23 1.094177249832322341e+00
1.586356533508589657e-03 2.002570843559795821e-23 1.094234613343115115e+00
1.615908753895919101e-03 3.169669691979645117e-23 1.094290404726360189e+00
1.646011502308549748e-03 5.008552997994532863e-23 1.094344556190017581e+00
1.676675034527699143e-03 7.899231002567462864e-23 1.094397000726244018e+00
1.707909797389426916e-03 1.243178452139270086e-22 1.094447672402854232e+00
1.739726432343800767e-03 1.951911559108077578e-22 1.094496506681948977e+00
1.772135779080358372e-03 3.056800372677085482e-22 1.094543440767668852e+00
1.805148879221108154e-03 4.773724598900380171e-22 1.094588413985160047e+00
1.838776980082326793e-03 7.432505847916147511e-22 1.094631368192970022e+00
1.873031538506436536e-03 1.153471144040810275e-21 1.094672248231232103e+00
1.907924224765265072e-03 1.783938772483664581e-21 1.094711002408154110e+00
1.943466926536020246e-03 2.748943499731235433e-21 1.094747583027483318e+00
1.979671752951332481e-03 4.219671511061152344e-21 1.094781946959787478e+00
2.016551038724746607e-03 6.451144740355016443e-21 1.094814056260579926e+00
2.054117348353064112e-03 9.821173198855551689e-21 1.094843878838501539e+00
2.092383480396977150e-03 1.488631128581411647e-20 1.094871389176980570e+00
2.131362471841437810e-03 2.246172451950764390e-20 1.094896569113004370e+00
2.171067602537264923e-03 3.373446812902211295e-20 1.094919408676872985e+00
2.211512399725488933e-03 5.042318559785163211e-20 1.094939906997039358e+00
2.252710642645980484e-03 7.500197056747336622e-20 1.094958073274411969e+00
2.294676367231936100e-03 1.110125404739293464e-19 1.094973927830764193e+00
2.337423870891814758e-03 1.634975698783112089e-19 1.094987503236187987e+00
2.380967717380358135e-03 2.395999279854156768e-19 1.094998845520849473e+00
2.425322741760352948e-03 3.493889834731681415e-19 1.095008015476629737e+00
2.470504055456825433e-03 5.069980554846305616e-19 1.095015090054588525e+00
2.516527051405391836e-03 7.321894824114947273e-19 1.095020163864572016e+00
2.563407409296514835e-03 1.052510192457570666e-18 1.095023350783682847e+00
2.611161100917459583e-03 1.506268078472863043e-18 1.095024785680758894e+00
2.659804395593758260e-03 2.146658740541765764e-18 1.095024626264473167e+00
2.709353865732051433e-03 3.047520216482355445e-18 1.095023055063144790e+00
2.759826392466180594e-03 4.311416946199482321e-18 1.095020281544887064e+00
2.811239171408464344e-03 6.081096139826657379e-18 1.095016544387265478e+00
2.863609718508115885e-03 8.555888943015668040e-18 1.095012113906247642e+00
2.916955876018795853e-03 1.201545820390190660e-17 1.095007294654863239e+00
2.971295818577334054e-03 1.685461157534619991e-17 1.095002428202680900e+00
3.026648059395692196e-03 2.363454479674901678e-17 1.094997882757034580e+00
3.083031456568277075e-03 3.314302335933900092e-17 1.094993719225896278e+00
3.140465219496752208e-03 4.647269206470390455e-17 1.094989625130905919e+00
3.198968915434537586e-03 6.514725954461163624e-17 1.094985232325126123e+00
3.258562476153226226e-03 9.128872892203126834e-17 1.094980130568373289e+00
3.319266204733189573e-03 1.278466324685488421e-16 1.094973864205069036e+00
3.381100782480685445e-03 1.789119836874558238e-16 1.094965928617674500e+00
3.444087275973823411e-03 2.501456731048649882e-16 1.094955766442110789e+00
3.508247144239792347e-03 3.493607063264678789e-16 1.094942763530874830e+00
3.573602246065788347e-03 4.873101579651448272e-16 1.094926244648845914e+00
3.640174847446141400e-03 6.787486564091336370e-16 1.094905468886036681e+00
3.707987629168172684e-03 9.438553811304824068e-16 1.094879624770808135e+00
3.777063694539364597e-03 1.310131788761182424e-15 1.094847825066294966e+00
3.847426577258505898e-03 1.814918486592796343e-15 1.094809101232041115e+00
3.919100249433401899e-03 2.508713757135912893e-15 1.094762397532065501e+00
3.992109129748053209e-03 3.459522070365006610e-15 1.094706564769834412e+00
4.066478091781853925e-03 4.758589986948332494e-15 1.094640799809049714e+00
4.142232472483897525e-03 6.528356472433798485e-15 1.094566777186056328e+00
4.219398080805024202e-03 8.932618086191442595e-15 1.094487291934081119e+00
4.298001206490798497e-03 1.218982079559258403e-14 1.094405484933277606e+00
4.378068629038166758e-03 1.659064104909302289e-14 1.094324869831487357e+00
4.459627626819095622e-03 2.252113646891333819e-14 1.094249362709138973e+00
4.542705986374042521e-03 3.049328350737250166e-14 1.094183313906852639e+00
4.627332011878692967e-03 4.118536934110762682e-14 1.094131542199099139e+00
4.713534534786906725e-03 5.549561969952300415e-14 1.094099371518481023e+00
4.801342923653449841e-03 7.461374430024243415e-14 1.094092670459458461e+00
4.890787094139589959e-03 1.001169482026697016e-13 1.094117894818156467e+00
4.981897519205159656e-03 1.340996641205675207e-13 1.094182133456779615e+00
5.074705239490466188e-03 1.793439597232453954e-13 1.094291919930300505e+00
5.169241873891598608e-03 2.394962658851430059e-13 1.094445080349547572e+00
5.265539630332755246e-03 3.193264035647695903e-13 1.094634776722081426e+00
5.363631316739239652e-03 4.250795610717534644e-13 1.094853209820880524e+00
5.463550352214875498e-03 5.649174502040757386e-13 1.095091555506673808e+00
5.565330778427646403e-03 7.494879480193661047e-13 1.095339878150460633e+00
5.669007271207434327e-03 9.926607869599083964e-13 1.095587038676064662e+00
5.774615152359819509e-03 1.312478297729104982e-12 1.095820597188090995e+00
5.882190401699956099e-03 1.732385655719226079e-12 1.096026710222837153e+00
5.991769669310619169e-03 2.282826001520377748e-12 1.096190022749566895e+00
6.103390288028621123e-03 3.003258938525910009e-12 1.096297168144715117e+00
6.217090286163826779e-03 3.944469668810489263e-12 1.096352033135427284e+00
6.332908400455114321e-03 5.171743627241962389e-12 1.096365144299203509e+00
6.450884089267692675e-03 6.768921212899026690e-12 1.096348436898126888e+00
6.571057546036270826e-03 8.843479396463990950e-12 1.096315364630797706e+00
6.693469712958660493e-03 1.153297829224344159e-11 1.096281020086811830e+00
6.818162294944479437e-03 1.501324894926343915e-11 1.096262265222155641e+00
6.945177773823696388e-03 1.950881281154394719e-11 1.096277873203262088e+00
7.074559422819878297e-03 2.530610932438752113e-11 1.096347524456282363e+00
7.206351321293052656e-03 3.276898939214853588e-11 1.096473202610552589e+00
7.340598369757212090e-03 4.235841097469915910e-11 1.096640134274182277e+00
7.477346305177588227e-03 5.465847314559678274e-11 1.096831137957039015e+00
7.616641716552892058e-03 7.040873481363090148e-11 1.097026919959350533e+00
7.758532060787835978e-03 9.054517564412625391e-11 1.097205900961653269e+00
7.903065678861348128e-03 1.162523595830434738e-10 1.097344034524135648e+00
8.050291812295981564e-03 1.490300322480138672e-10 1.097414976563895195e+00
8.200260619934130954e-03 1.907664961016624335e-10 1.097410713194320930e+00
8.353023195026778799e-03 2.438214936465951879e-10 1.097355741032072673e+00
8.508631582640582489e-03 3.111501548266987068e-10 1.097280494422196329e+00
8.667138797389234081e-03 3.964497093632004457e-10 1.097219043329981547e+00
8.828598841495149604e-03 5.043407836895006710e-10 1.097209382933815869e+00
8.993066723187623582e-03 6.405934083258718971e-10 1.097293755837367879e+00
9.160598475443709407e-03 8.124034614148302064e-10 1.097504665612352381e+00
9.331251175078249249e-03 1.028709632899999754e-09 1.097811080438677145e+00
9.505082962189511861e-03 1.300614952832262535e-09 1.098158461593056412e+00
9.682153059967075343e-03 1.641911731696213693e-09 1.098485664153486363e+00
9.862521794868784469e-03 2.069731796526736645e-09 1.098724399785444339e+00
1.004625061717340749e-02 2.605362298817717467e-09 1.098799092588626847e+00
1.023340212191641702e-02 3.275132924517507351e-09 1.098674581479381018e+00
1.042404007021556327e-02 4.111341366803503308e-09 1.098409438879380362e+00
1.061822941099384125e-02 5.153702106280771168e-09 1.098081099107923508e+00
1.081603630310709954e-02 6.451021926904698457e-09 1.097776222212717867e+00
1.101752813788386791e-02 8.063227192027655194e-09 1.097591396103383854e+00
1.122277356208507652e-02 1.006369625658165108e-08 1.097600805214450581e+00
1.143184250129149725e-02 1.254168635607606100e-08 1.097781044491739966e+00
1.164480618372686072e-02 1.560578654080490632e-08 1.098084432481991835e+00
1.186173716452478509e-02 1.938797737875490230e-08 1.098457215173930246e+00
1.208270935044776506e-02 2.404847075941077594e-08 1.098839128281997590e+00
1.230779802506665188e-02 2.978277328042120229e-08 1.099167988488612524e+00
1.253707987440920262e-02 3.683106822677099837e-08 1.099382029365550517e+00
1.277063301308643990e-02 4.548808952854331344e-08 1.099413278848518249e+00
1.300853701090571267e-02 5.611658394231534758e-08 1.099186610308552803e+00
1.325087291997953214e-02 6.915991320171517292e-08 1.098665597609415290e+00
1.349772330233941706e-02 8.514222556403927061e-08 1.097981874402059521e+00
1.374917225806419029e-02 1.046874718900482491e-07 1.097322306833213412e+00
1.400530545393219653e-02 1.285384739345845536e-07 1.096895057854223809e+00
1.426621015260736910e-02 1.575803957006344617e-07 1.096867224667236407e+00
1.453197524236895383e-02 1.928855265382135213e-07 1.097175567154422993e+00
1.480269126739508674e-02 2.357451990782119832e-07 1.097688274802326669e+00
1.507845045861051086e-02 2.877115459730439407e-07 1.098257737055065242e+00
1.535934676510897039e-02 3.506518406467879371e-07 1.098768047985253737e+00
1.564547588616095955e-02 4.268153316186387818e-07 1.099180208241685719e+00
1.593693530381774456e-02 5.189192184172124965e-07 1.099460599064437716e+00
1.623382431612278159e-02 6.302439650387504280e-07 1.099578506248935161e+00
1.653624407094180307e-02 7.646481328331894194e-07 1.099550299933365727e+00
1.684429760042315330e-02 9.266685118997375316e-07 1.099418852384589806e+00
1.715808985610004986e-02 1.121667004956673682e-06 1.099232616401881524e+00
1.747772774464680795e-02 1.355965674093171734e-06 1.099045907033469716e+00
1.780332016430113962e-02 1.637000850303963352e-06 1.098919356747064535e+00
1.813497804196495186e-02 1.973500897966270630e-06 1.098919272501153621e+00
1.847281437099634188e-02 2.375772594670990792e-06 1.099074143532655645e+00
1.881694424970555696e-02 2.856062498529159033e-06 1.099355740315541174e+00
1.916748492056815148e-02 3.428869138648653988e-06 1.099728033261758497e+00
1.952455581016860828e-02 4.111383202390211120e-06 1.100150394873393278e+00
1.988827856988809734e-02 4.924039891261045986e-06 1.100577194604289932e+00
2.025877711735016989e-02 5.891146228689756501e-06 1.100960673603812889e+00
2.063617767863858837e-02 7.040929950480651613e-06 1.101282990993362354e+00
2.102060883130158278e-02 8.406087535746301320e-06 1.101546136946251586e+00
2.141220154815729262e-02 1.002479481529044471e-05 1.101752895489153783e+00
2.181108924191518805e-02 1.194158332575129336e-05 1.101906625841303278e+00
2.221740781062883641e-02 1.420835516387605682e-05 1.102011311725892506e+00
2.263129568399528321e-02 1.688556985567237325e-05 1.102071614032570146e+00
2.305289387051707301e-02 2.004364049585797818e-05 1.102092927100659425e+00
2.348234600554275145e-02 2.376458709338923530e-05 1.102081438929529256e+00
2.391979840020238418e-02 2.814400915582101600e-05 1.102044195665880411e+00
2.436540009125464853e-02 3.329345816395199619e-05 1.101989170768662651e+00
2.481930289186254010e-02 3.934331520871913097e-05 1.101925339312298524e+00
2.528166144331499277e-02 4.644609854034459427e-05 1.101862351416278640e+00
2.575263326771199887e-02 5.477707796213655074e-05 1.101804894938055446e+00
2.623237882163122203e-02 6.453672127074092113e-05 1.101753454401154242e+00
2.672106155079433804e-02 7.595614661447928104e-05 1.101708425281296311e+00
2.721884794575178332e-02 8.930173942063949490e-05 1.101670222192730808e+00
2.772590759860482645e-02 1.048804800489901683e-04 1.101639279763677814e+00
2.824241326078434297e-02 1.230461998397473983e-04 1.101616053553058361e+00
2.876854090190592711e-02 1.442069848091620564e-04 1.101601021010630621e+00
2.930446976972142861e-02 1.688340107439546389e-04 1.101594682482778698e+00
2.985038245118730796e-02 1.974721779312123759e-04 1.101597562266322328e+00
3.040646493467067182e-02 2.307512653597501920e-04 1.101610236471319171e+00
3.097290667331408301e-02 2.693823786964989948e-04 1.101633567342688025e+00
3.154990064958086704e-02 3.141678983377603159e-04 1.101668620908049068e+00
3.213764344100276948e-02 3.660197384057519419e-04 1.101716544662032060e+00
3.273633528715245988e-02 4.259731454373670741e-04 1.101778571648753369e+00
3.334618015786364187e-02 4.952022443569922480e-04 1.101856026236730735e+00
3.396738582272208068e-02 5.750377740196613296e-04 1.101950330276512124e+00
3.460016392185108480e-02 6.669874889932566556e-04 1.102063009667788585e+00
3.524473003801584237e-02 7.727598471229567756e-04 1.102195701364899305e+00
3.590130377007068330e-02 8.942917880521584345e-04 1.102350160851964134e+00
3.657010880777489259e-02 1.033781648282670494e-03 1.102528270121451159e+00
3.725137300800209633e-02 1.193728569157492423e-03 1.102732046192781201e+00
3.794532847236938011e-02 1.376980155859396657e-03 1.102963650210676105e+00
3.865221162631261864e-02 1.586790665417701657e-03 1.103225397166345711e+00
3.937226329963479377e-02 1.826892676507046879e-03 1.103519766288361348e+00
4.010572880855495931e-02 2.101585910713691958e-03 1.103849408200889393e+00
4.085285803928561527e-02 2.415751149619811602e-03 1.104215100922376847e+00
4.161390553316707264e-02 2.774715331974522171e-03 1.104612030566142211e+00
4.238913057338778573e-02 3.184423866993887735e-03 1.105033777663742667e+00
4.317879727332021161e-02 3.651544076907703787e-03 1.105473077411039284e+00
4.398317466650223523e-02 4.183548636882077065e-03 1.105921748331481380e+00
4.480253679829489938e-02 4.788810649323270614e-03 1.106370616385638606e+00
4.563716281924758839e-02 5.476712973382028525e-03 1.106809434441423212e+00
4.648733708020256344e-02 6.257775187444461137e-03 1.107226797063861845e+00
4.735334922917116413e-02 7.143802530105007077e-03 1.107610050639331156e+00
4.823549431001467047e-02 8.148062399433192438e-03 1.107945198918854901e+00
4.913407286296361809e-02 9.285495563395262247e-03 1.108216804150590207e+00
5.004939102700953213e-02 1.057297121666561472e-02 1.108407884837049773e+00
5.098176064420424647e-02 1.202938681954618221e-02 1.108505786755897171e+00
5.193149936590212012e-02 1.367527761265253765e-02 1.108517721808314871e+00
5.289893076098151070e-02 1.553329540634203199e-02 1.108456698398189166e+00
5.388438442608223938e-02 1.762855567778017288e-02 1.108337549971252667e+00
5.488819609789671872e-02 1.998890702785561038e-02 1.108177076673406258e+00
5.591070776755290017e-02 2.264524321960463549e-02 1.107994198204373282e+00
5.695226779712821846e-02 2.563186871679845949e-02 1.107810119476510646e+00
5.801323103833375128e-02 2.898693170101276223e-02 1.107648511009302617e+00
5.909395895340967958e-02 3.275294239715441369e-02 1.107535706372694051e+00
6.019481973827271043e-02 3.697739735512108050e-02 1.107500876557525382e+00
6.131618844795772016e-02 4.171284572726435130e-02 1.107563258114884430e+00
6.245844712439614643e-02 4.701614708940986959e-02 1.107711916239839889e+00
6.362198492657485105e-02 5.294983889961494411e-02 1.107929490309234044e+00
6.480719826311967524e-02 5.958300318460403588e-02 1.108196317939893483e+00
6.601449092734885948e-02 6.699208170126719208e-02 1.108490233052745966e+00
6.724427423484245769e-02 7.526185489916134563e-02 1.108786352908213590e+00
6.849696716357443760e-02 8.448662796870991254e-02 1.109056854942040538e+00
6.977299649665534564e-02 9.477167859427013119e-02 1.109270744656452257e+00
7.107279696773415034e-02 1.062341523722870190e-01 1.109398670601920545e+00
7.239681140910873836e-02 1.189986434758162070e-01 1.109443774641230229e+00
7.374549090259549522e-02 1.331991174232890485e-01 1.109425241043318300e+00
7.511929493320965157e-02 1.489818283500541907e-01 1.109364820180546829e+00
7.651869154570821452e-02 1.665065055312089648e-01 1.109286975540952680e+00
7.794415750404946885e-02 1.859477301927129345e-01 1.109219096146853545e+00
7.939617845382279659e-02 2.074965636767155952e-01 1.109191729476165289e+00
8.087524908770453436e-02 2.313622948322398842e-01 1.109237190253158811e+00
8.238187331399605962e-02 2.577713035073392889e-01 1.109364864387597516e+00
8.391656442830157381e-02 2.869681503173323045e-01 1.109563420354592767e+00
8.547984528840409102e-02 3.192195843397594990e-01 1.109819323756565002e+00
8.707224849239916797e-02 3.548172841387070564e-01 1.110117230169768821e+00
8.869431656014709064e-02 3.940811248437627867e-01 1.110439827465106388e+00
9.034660211810524588e-02 4.373631814226159320e-01 1.110767674733682542e+00
9.202966808760409956e-02 4.850521388690667846e-01 1.111080167055364498e+00
9.374408787662991127e-02 5.375783193252935410e-01 1.111356905323899857e+00
9.549044557518077125e-02 5.954215326360289273e-01 1.111575586559043760e+00
9.726933615426168467e-02 6.591201900871400676e-01 1.111711528594275800e+00
9.908136566858666283e-02 7.292824865133036294e-01 1.111737501049824495e+00
1.009271514630570854e-01 8.065959786398744225e-01 1.111625791841627020e+00
1.028073223830864719e-01 8.917334376787621197e-01 1.111398979880341420e+00
1.047225189888434382e-01 9.852963078919764195e-01 1.111137162465658745e+00
1.066733937734857113e-01 1.087872476141394262e+00 1.110932306670568970e+00
1.086606113854596822e-01 1.200022437136555320e+00 1.110886851325139979e+00
1.106848488549412035e-01 1.322260525144865140e+00 1.111112970934775568e+00
1.127467958244946084e-01 1.455249275012579391e+00 1.111634654938680411e+00
1.148471547840289042e-01 1.600048103850008951e+00 1.112318782306752851e+00
1.169866413101306873e-01 1.757959198681764867e+00 1.113001842570665589e+00
1.191659843098558796e-01 1.930565941947676611e+00 1.113500788883534209e+00
1.213859262690627772e-01 2.119762210699468685e+00 1.113627131254034008e+00
1.236472235053715091e-01 2.327125491299427917e+00 1.113390782418888447e+00
1.259506464258357550e-01 2.553783360178624395e+00 1.112967865201579976e+00
1.282969797894147612e-01 2.800719786310367887e+00 1.112559505481977018e+00
1.306870229743346268e-01 3.068717777212031983e+00 1.112388530421866362e+00
1.331215902504307713e-01 3.358796465017450661e+00 1.112569301294395352e+00
1.356015110565633452e-01 3.672886329740019828e+00 1.112986380479892512e+00
1.381276302832009362e-01 4.013366478246115143e+00 1.113484536372565392e+00
1.407008085602685088e-01 4.383085620722080300e+00 1.113890648528436556e+00
1.433219225503573890e-01 4.784995499329676605e+00 1.114098071452590100e+00
1.459918652473978506e-01 5.221541896487398304e+00 1.114151976804077293e+00
1.487115462808953625e-01 5.695187681643838040e+00 1.114121561161864671e+00
1.514818922258345801e-01 6.208484119556806569e+00 1.114082448707799600e+00
1.543038469183564687e-01 6.764141430356897189e+00 1.114077574199819232e+00
1.571783717773162781e-01 7.365057000496716633e+00 1.114115510089916272e+00
1.601064461318317811e-01 8.014266858053572307e+00 1.114204171559697087e+00
1.630890675549332702e-01 8.714998845105112579e+00 1.114348224978862323e+00
1.661272522034293042e-01 9.470855420332094710e+00 1.114537960852287624e+00
1.692220351641037235e-01 1.028577235430108594e+01 1.114758960356773798e+00
1.723744708063619790e-01 1.116403853368366228e+01 1.114994989592978492e+00
1.755856331414468730e-01 1.211036113474557219e+01 1.115227848189052517e+00
1.788566161883461958e-01 1.312994644662074606e+01 1.115437209944255992e+00
1.821885343465165230e-01 1.422854612102418415e+01 1.115602005937292862e+00
1.855825227755517060e-01 1.541188388606105519e+01 1.115718227994852763e+00
1.890397377819219571e-01 1.668565901370739724e+01 1.115794853343526460e+00
1.925613572129196704e-01 1.805591775835380375e+01 1.115842327497570619e+00
1.961485808579429280e-01 1.952910006493348405e+01 1.115872442949035204e+00
1.998026308572548593e-01 2.111208886854109679e+01 1.115898446598153626e+00
2.035247521183575770e-01 2.281222953080106564e+01 1.115931949290494662e+00
2.073162127401229071e-01 2.463721103183359062e+01 1.115970407513742213e+00
2.111783044448242164e-01 2.659520596095944001e+01 1.116006290268223289e+00
2.151123430182164953e-01 2.869499472930615624e+01 1.116031194645433100e+00
2.191196687578147451e-01 3.094606173545544436e+01 1.116035777880566071e+00
2.232016469295232397e-01 3.335871417437207498e+01 1.116009684982516070e+00
2.273596682327715113e-01 3.594422834481765250e+01 1.115941472515491917e+00
2.315951492743152096e-01 3.871502926621636220e+01 1.115818528597512405e+00
2.359095330508633737e-01 4.168491059739088200e+01 1.115626989247203937e+00
2.403042894406967056e-01 4.486930331401140393e+01 1.115351651290362289e+00
2.447809157044440187e-01 4.828560343438335423e+01 1.114975882133747875e+00
2.493409369951877785e-01 5.195357139830014859e+01 1.114481526827782787e+00
2.539859068780723761e-01 5.589527407550487936e+01 1.113852822187202829e+00
2.587174078595921300e-01 6.013227174157791666e+01 1.113098166158861480e+00
2.635370519267393186e-01 6.468684856437363351e+01 1.112237368840149232e+00
2.684464810961962322e-01 6.958328887445149746e+01 1.111292912462196414e+00
2.734473679737579599e-01 7.484815432759369003e+01 1.110290125832760877e+00
2.785414163241766161e-01 8.051061087664989202e+01 1.109257393191601659e+00
2.837303616516211324e-01 8.660281849950909816e+01 1.108226382327707871e+00
2.890159717909508430e-01 9.316039658044128657e+01 1.107232295593142180e+00
2.944000475100033709e-01 1.002229805983544395e+02 1.106314148228022542e+00
2.998844231231027613e-01 1.078348891885268870e+02 1.105515079345755103e+00
3.054709671159968054e-01 1.160467236089401837e+02 1.104868908474637701e+00
3.111615827824359970e-01 1.249196379307408336e+02 1.104352421467754031e+00
3.169582088726115021e-01 1.345255555616816423e+02 1.103922767049563713e+00
3.228628202536730218e-01 1.449485196683476431e+02 1.103531832033910920e+00
3.288774285825510346e-01 1.562872622563686207e+02 1.103125791218781959e+00
3.350040829913132900e-01 1.686583752733407096e+02 1.102644649030096291e+00
3.412448707852889229e-01 1.822002434556123092e+02 1.102021781404614265e+00
3.476019181541977754e-01 1.970779477137288893e+02 1.101183488765039575e+00
3.540773908965269556e-01 2.134869268097483257e+02 1.100053461945183164e+00
3.606734951574028236e-01 2.316247623279982690e+02 1.098615525896204481e+00
3.673924781802074269e-01 2.516905293251978719e+02 1.096902612250661324e+00
3.742366290721980682e-01 2.739055801047584850e+02 1.094953524083201346e+00
3.812082795843887983e-01 2.985162127348746708e+02 1.092812223404354244e+00
3.883098049059605095e-01 3.257959322020891477e+02 1.090528137335756043e+00
3.955436244734701345e-01 3.560477152015094475e+02 1.088156494907794425e+00
4.029122027951347884e-01 3.896061127013894065e+02 1.085758110181420877e+00
4.104180502904709038e-01 4.268353436324763948e+02 1.083375661416713154e+00
4.180637241455757991e-01 4.681269890935956255e+02 1.081022780897253233e+00
4.258518291843414461e-01 5.139028298719558734e+02 1.078712034948659415e+00
4.337850187558989212e-01 5.646134909134309510e+02 1.076457134251527892e+00
4.418659956385941334e-01 6.207351879751778370e+02 1.074273019380870053e+00
4.500975129608046355e-01 6.827643709203806566e+02 1.072175954231510575e+00
4.584823751389096036e-01 7.512316055755634352e+02 1.070177972478201900e+00
4.670234388327330621e-01 8.267755711696560184e+02 1.068269631600354597e+00
4.757236139187884794e-01 9.101121804720357886e+02 1.066434566490273239e+00
4.845858644816490868e-01 1.002023053521655811e+03 1.064654329408854405e+00
4.936132098237911991e-01 1.103360018336303028e+03 1.062908213846051275e+00
5.028087254942474882e-01 1.215049319392202051e+03 1.061173221291827229e+00
5.121755443364236493e-01 1.338072014996656208e+03 1.059435475739616273e+00
5.217168575554343990e-01 1.473433615326602649e+03 1.057699769185896033e+00
5.314359158053235666e-01 1.622180377026493261e+03 1.055973341918638564e+00
5.413360302965375404e-01 1.785391846947655722e+03 1.054264139373140008e+00
5.514205739240296555e-01 1.964166414316700411e+03 1.052580863809287282e+00
5.616929824163804374e-01 2.159602135010829443e+03 1.050933030074749697e+00
5.721567555063246102e-01 2.372772007489560565e+03 1.049331025909460591e+00
5.828154581230839959e-01 2.604692845218387902e+03 1.047786177313748901e+00
5.936727216069119795e-01 2.856286891859372190e+03 1.046310819580225759e+00
6.047322449462643190e-01 3.128342237216705598e+03 1.044918160686512776e+00
6.159977960380161877e-01 3.421713153184977728e+03 1.043615178482573347e+00
6.274732129711574347e-01 3.737478212422765864e+03 1.042400087693739374e+00
6.391624053343999412e-01 4.076743786500557235e+03 1.041270001201787698e+00
6.510693555481454897e-01 4.440633996857017337e+03 1.040221384512139302e+00
6.631981202212668958e-01 4.830299246182589741e+03 1.039249993373737802e+00
6.755528315331639222e-01 5.246929260351277662e+03 1.038350806462167153e+00
6.881376986415662644e-01 5.691771664618796422e+03 1.037517952856131798e+00
7.009570091165617800e-01 6.166157217245717220e+03 1.036744634679150012e+00
7.140151304013395706e-01 6.671383025505733713e+03 1.036025016702639467e+00
7.273165113001454074e-01 7.208303916985104479e+03 1.035358885511097338e+00
7.408656834939559843e-01 7.777551795622920508e+03 1.034747123934884661e+00
7.546672630843886953e-01 8.379594946838315082e+03 1.034190497210659698e+00
7.687259521663728501e-01 9.014721177955232633e+03 1.033689638051069393e+00
7.830465404301183430e-01 9.683023344866696789e+03 1.033245030405926856e+00
7.976339067929273385e-01 1.038438813326224408e+04 1.032856991811703207e+00
8.124930210614047521e-01 1.111856455402642496e+04 1.032524676168923961e+00
8.276289456246344045e-01 1.188565771840444904e+04 1.032240366873286685e+00
8.430468371788967241e-01 1.268604690316681626e+04 1.031992563860533618e+00
8.587519484845170803e-01 1.352029914682782146e+04 1.031768278718148135e+00
8.747496301554414933e-01 1.438926001294843081e+04 1.031552916650015472e+00
8.910453324821513421e-01 1.529416244827083028e+04 1.031330144774482482e+00
9.076446072885356875e-01 1.623670871838524181e+04 1.031082174713978006e+00
9.245531098233570333e-01 1.721780849672181284e+04 1.030801459036264189e+00
9.417766006869519035e-01 1.823692855954184779e+04 1.030493694640036262e+00
9.593209477938241525e-01 1.929323309197863637e+04 1.030166088943081926e+00
9.771921283717996953e-01 2.038565694940437970e+04 1.029826748933152292e+00
9.953962309984233370e-01 2.151291380278001816e+04 1.029484752063323905e+00
1.013939457675291811e+00 2.267351067230719491e+04 1.029149489460573275e+00
1.032828125941028574e+00 2.386576731960749748e+04 1.028824840746426439e+00
1.052068671023622892e+00 2.508784737280591435e+04 1.028511610356341643e+00
1.071667648032863296e+00 2.633779916878242511e+04 1.028210610431704808e+00
1.091631734193614811e+00 2.761360500082796352e+04 1.027922688557106889e+00
1.111967731120699021e+00 2.891324065346454154e+04 1.027648729127631944e+00
1.132682567136153784e+00 3.023474576650309245e+04 1.027389654769523819e+00
1.153783299629660863e+00 3.157630550156517347e+04 1.027146427816640006e+00
1.175277117462945276e+00 3.293634395206294721e+04 1.026920051845232829e+00
1.197171343418965694e+00 3.431362974728048721e+04 1.026711573269743383e+00
1.219473436696737023e+00 3.570739437389039085e+04 1.026522083002450847e+00
1.242190995452616242e+00 3.711746389967935102e+04 1.026352718179980306e+00
1.265331759388941713e+00 3.854420883548929123e+04 1.026204553024610444e+00
1.288903612390891462e+00 3.998636109804191801e+04 1.026077343174831347e+00
1.312914585212463958e+00 4.144128047077681549e+04 1.025969815458148249e+00
1.337372858212495075e+00 4.290631592616475973e+04 1.025880451275622329e+00
1.362286764141645401e+00 4.437888931908101949e+04 1.025807480627475510e+00
1.387664790981307128e+00 4.585656177740496787e+04 1.025748859988786066e+00
1.413515584835394190e+00 4.733710789431241574e+04 1.025702248610038891e+00
1.439847952876006643e+00 4.881859783395732666e+04 1.025664983155485155e+00
1.466670866343967150e+00 5.029948746654386196e+04 1.025634050591470725e+00
1.493993463605256311e+00 5.177871669334052422e+04 1.025606059236989998e+00
1.521825053264385552e+00 5.325556264175440447e+04 1.025577604920191233e+00
1.550175117335768737e+00 5.472785679827802232e+04 1.025548076968672229e+00
1.579053314474174297e+00 5.619268991782570811e+04 1.025518339818318525e+00
1.608469483265355215e+00 5.764729626189434930e+04 1.025489367921915251e+00
1.638433645577983100e+00 5.908912120465712360e+04 1.025462245537798189e+00
1.668956009978023181e+00 6.051588911238220317e+04 1.025438175356675918e+00
1.700046975206716438e+00 6.192567655352001020e+04 1.025418487729537587e+00
1.731717133723352786e+00 6.331699076334771962e+04 1.025404650539171403e+00
1.763977275314043469e+00 6.468882764345900068e+04 1.025398260143003393e+00
1.796838390767719229e+00 6.603990253777660837e+04 1.025400412518942650e+00
1.830311675620611256e+00 6.736834698055974150e+04 1.025411488747543842e+00
1.864408533970485227e+00 6.867261552913405467e+04 1.025431830632065555e+00
1.899140582361933616e+00 6.995161194104288006e+04 1.025461784159113821e+00
1.934519653744044332e+00 7.120476306480908534e+04 1.025501698996704514e+00
1.970557801501798378e+00 7.243209673752299568e+04 1.025551927931821705e+00
2.007267303562568106e+00 7.363431867552516633e+04 1.025612825687857388e+00
2.044660666579115826e+00 7.481170499023789307e+04 1.025684622242412081e+00
2.082750630190514318e+00 7.596236185354595364e+04 1.025767241175765232e+00
2.121550171362450055e+00 7.708423019018607738e+04 1.025860516168686232e+00
2.161072508808376647e+00 7.817546357884271129e+04 1.025964222700908035e+00
2.201331107493030181e+00 7.923447011160125840e+04 1.026078072474029268e+00
2.242339683219845003e+00 8.025995650823385222e+04 1.026201707418068043e+00
2.284112207303823361e+00 8.125097438862068520e+04 1.026334693254300934e+00
2.326662911331458083e+00 8.220696862059726845e+04 1.026476512585521972e+00
2.370006292009327886e+00 8.312782768976439547e+04 1.026626557483304669e+00
2.414157116103017753e+00 8.401393608585043694e+04 1.026784121540278649e+00
2.459130425468043946e+00 8.486622877124536899e+04 1.026948391353829759e+00
2.504941542174502267e+00 8.568624714652584225e+04 1.027118438565918002e+00
2.551606073727183954e+00 8.647534059708693530e+04 1.027294525617749033e+00
2.599139918382932901e+00 8.723286717089127342e+04 1.027480870054430895e+00
2.647559270567066747e+00 8.795797313159934129e+04 1.027682886515276950e+00
2.696880626390692370e+00 8.865004111442116846e+04 1.027906573847413796e+00
2.747120789270811603e+00 8.930871958290372277e+04 1.028158561655166947e+00
2.798296875655115645e+00 8.993395348638735595e+04 1.028446160529436160e+00
2.850426320853434614e+00 9.052601610890633310e+04 1.028777416326038141e+00
2.903526884977813971e+00 9.108554212722614466e+04 1.029161168911616908e+00
2.957616658993253544e+00 9.161356193362672639e+04 1.029607115853122812e+00
3.012714070881164385e+00 9.211153240906323481e+04 1.030125830011409560e+00
3.068837891917642224e+00 9.258061371642476297e+04 1.030720900952830643e+00
3.126007243068700259e+00 9.302074633108252601e+04 1.031379183253931187e+00
3.184241601504649744e+00 9.343189022316515911e+04 1.032083592100240699e+00
3.243560807235807975e+00 9.381422674206727243e+04 1.032814833350937933e+00
3.303985069871854918e+00 9.416818001028115395e+04 1.033551213461600948e+00
3.365534975507090909e+00 9.449443916998732311e+04 1.034268439754832292e+00
3.428231493733967294e+00 9.479398153015499702e+04 1.034939411975723811e+00
3.492095984787267682e+00 9.506809669049839431e+04 1.035534006490284265e+00
3.557150206821382277e+00 9.531823562659740855e+04 1.036026175436214114e+00
3.623416323323146226e+00 9.554513980041406467e+04 1.036430869421975265e+00
3.690916910662774608e+00 9.574940172602458915e+04 1.036781344173667074e+00
3.759674965785463563e+00 9.593182633305521449e+04 1.037115073761744943e+00
3.829713914046277257e+00 9.609344901681396004e+04 1.037474061090725375e+00
3.901057617190989202e+00 9.623555408330648788e+04 1.037905205886364479e+00
3.973730381485604202e+00 9.635969415786239551e+04 1.038460719078614813e+00
4.047756965997318268e+00 9.646761693454661872e+04 1.039195252588253071e+00
4.123162591029748469e+00 9.656014599503373029e+04 1.040125783823321548e+00
4.199972946715301525e+00 9.663741930329642491e+04 1.041239823836944023e+00
4.278214201767612579e+00 9.669965082487123436e+04 1.042522096805186926e+00
4.357913012397025554e+00 9.674715430015520542e+04 1.043954860544162422e+00
4.439096531392166867e+00 9.678035186284891097e+04 1.045517652794559771e+00
4.521792417370697592e+00 9.679978311785506958e+04 1.047187018801916558e+00
4.606028844202397998e+00 9.680611471133826126e+04 1.048936220399011576e+00
4.691834510607794329e+00 9.680015043325757142e+04 1.050734927268051067e+00
4.779238649935595440e+00 9.678284190209885128e+04 1.052548891656518881e+00
4.868271040122278848e+00 9.675529989306375501e+04 1.054339608563347186e+00
4.958962013837211913e+00 9.671880638503312366e+04 1.056063964325120397e+00
5.051342468816761411e+00 9.667480061749828747e+04 1.057675864358066820e+00
5.145443878390924652e+00 9.662441792414046358e+04 1.059161164883971384e+00
5.241298302206056192e+00 9.656850216956870281e+04 1.060537827364453456e+00
5.338938397147350301e+00 9.650799856677399657e+04 1.061827750420176519e+00
5.438397428464796235e+00 9.644397620226722211e+04 1.063055988827645182e+00
5.539709281106400596e+00 9.637763752422379912e+04 1.064251005255384186e+00
5.642908471262536807e+00 9.631032856788851495e+04 1.065444945271889043e+00
5.748030158125351008e+00 9.624355001525065745e+04 1.066673939929141834e+00
5.855110155867238042e+00 9.617896920397313079e+04 1.067978441176642646e+00
5.964184945842459840e+00 9.611843322186906880e+04 1.069403596507642051e+00
6.075291689016070862e+00 9.606388267647287284e+04 1.070995191846193295e+00
6.188468238624382778e+00 9.601629367291725066e+04 1.072752158353801555e+00
6.303753153071275150e+00 9.597597480285509664e+04 1.074639026071993575e+00
6.421185709064758385e+00 9.594323052943893708e+04 1.076614898732564107e+00
6.540805914998252923e+00 9.591837195622056606e+04 1.078633465123408186e+00
6.662654524581149929e+00 9.590171673992140859e+04 1.080642509785788574e+00
6.786773050723295064e+00 9.589358897520881146e+04 1.082583410169410287e+00
6.913203779678127603e+00 9.589431904798807227e+04 1.084390628111830956e+00
7.041989785449288775e+00 9.590424695203146257e+04 1.085991871093161087e+00
7.173174944465612768e+00 9.592395005647213839e+04 1.087350992778334247e+00
7.306803950529499936e+00 9.595441588879321353e+04 1.088500632146317759e+00
7.442922330043757917e+00 9.599674453912529862e+04 1.089485108521608847e+00
7.581576457522110069e+00 9.605212432968655776e+04 1.090354969537398633e+00
7.722813571388642551e+00 9.612183900969609385e+04 1.091167446766352578e+00
7.866681790071582192e+00 9.620727565242658602e+04 1.091986965008672206e+00
8.013230128396878982e+00 9.630993318978049501e+04 1.092885706567668702e+00
8.162508514287219796e+00 9.643115412046882557e+04 1.093920452921978814e+00
8.314567805772055564e+00 9.657150291716055654e+04 1.095079218175289748e+00
8.469459808314576676e+00 9.673137368534764391e+04 1.096333349877507857e+00
8.627237292461440887e+00 9.691114011846012727e+04 1.097650362730386409e+00
8.787954011821311084e+00 9.711115154372763936e+04 1.098993590102047113e+00
8.951664721378293166e+00 9.733172848378727213e+04 1.100321820007257090e+00
9.118425196146562328e+00 9.757315768191710231e+04 1.101588918807647088e+00
9.288292250172489162e+00 9.783568653413142601e+04 1.102743447117034536e+00
9.461323755890759912e+00 9.811951686650268675e+04 1.103728273874928556e+00
9.637578663841079418e+00 9.842479799105353595e+04 1.104480196304870487e+00
9.817117022752183786e+00 9.875161896838292887e+04 1.104929575530171793e+00
1.000000000000000000e+01 9.910000000000008731e+04 1.104999999999999982e+00
