# Source: PRIMAT compilation, https://doi.org/10.1016/j.physrep.2018.04.005
1.000000000000000021e-03 5.329999999999979516e-36 3.000000000000000000e+00
1.018628990244687619e-03 9.615554122276241902e-36 3.000000000000000000e+00
1.037605019766911670e-03 1.740909702905634531e-35 3.000000000000000000e+00
1.056934553557988335e-03 3.162778468083652367e-35 2.999999999999999556e+00
1.076624177045493267e-03 5.764804210996982209e-35 2.999999999999999556e+00
1.096680598336868600e-03 1.054030356713470939e-34 3.000000000000000000e+00
1.117110650504824203e-03 1.932861620311045501e-34 2.999999999999999556e+00
1.137921293915315117e-03 3.554271445361039703e-34 2.999999999999999556e+00
1.159119618598885779e-03 6.552732917215418114e-34 3.000000000000000000e+00
1.180712846666190276e-03 1.210968892615669106e-33 3.000000000000000444e+00
1.202708334768511989e-03 2.242825521832479473e-33 3.000000000000000000e+00
1.225113576604118949e-03 4.162172216538980221e-33 2.999999999999999556e+00
1.247936205471311460e-03 7.737728272649176057e-33 2.999999999999999112e+00
1.271183996869028896e-03 1.440719252361327184e-32 3.000000000000000888e+00
1.294864871145904933e-03 2.686074691081070097e-32 3.000000000000000000e+00
1.318986896198670470e-03 5.013336736009777486e-32 3.000000000000000888e+00
1.343558290220826226e-03 9.364829225856783273e-32 3.000000000000000000e+00
1.368587424502519176e-03 1.750363083315206597e-31 2.999999999999999556e+00
1.394082826282578647e-03 3.272652494674801695e-31 3.000000000000000000e+00
1.420053181653683095e-03 6.119281647757104172e-31 3.000000000000000888e+00
1.446507338521647217e-03 1.143964197440088711e-30 2.999999999999999556e+00
1.473454309619835756e-03 2.137548337575429150e-30 3.000000000000000444e+00
1.500903275579736594e-03 3.991063850449289105e-30 3.000000000000000000e+00
1.528863588058731147e-03 7.443996056023411968e-30 3.000000000000000000e+00
1.557344772926135207e-03 1.386570189158322685e-29 3.000000000000000444e+00
1.586356533508589657e-03 2.578503164052179538e-29 3.000000000000000444e+00
1.615908753895919101e-03 4.785793387864341818e-29 3.000000000000000000e+00
1.646011502308549748e-03 8.862779529318319064e-29 3.000000000000000000e+00
1.676675034527699143e-03 1.637133719805500105e-28 3.000000000000000000e+00
1.707909797389426916e-03 3.015537039181508622e-28 3.000000000000000888e+00
1.739726432343800767e-03 5.537065119513548603e-28 3.000000000000000444e+00
1.772135779080358372e-03 1.013205905643578283e-27 3.000000000000000000e+00
1.805148879221108154e-03 1.847092414684481613e-27 2.999999999999999556e+00
1.838776980082326793e-03 3.353696092313624185e-27 2.999999999999999556e+00
1.873031538506436536e-03 6.062846106531707369e-27 3.000000000000000888e+00
1.907924224765265072e-03 1.090997321478710542e-26 2.999999999999999556e+00
1.943466926536020246e-03 1.953643733678873282e-26 2.999999999999999556e+00
1.979671752951332481e-03 3.480377666967801345e-26 3.000000000000000000e+00
2.016551038724746607e-03 6.166757974298125332e-26 2.999999999999999556e+00
2.054117348353064112e-03 1.086509624592617037e-25 3.000000000000000444e+00
2.092383480396977150e-03 1.903095075084389342e-25 3.000000000000000000e+00
2.131362471841437810e-03 3.313220564306849600e-25 3.000000000000000000e+00
2.171067602537264923e-03 5.732258554344668098e-25 3.000000000000000000e+00
2.211512399725488933e-03 9.854182455949462057e-25 2.999999999999999556e+00
2.252710642645980484e-03 1.682989427102514557e-24 3.000000000000000000e+00
2.294676367231936100e-03 2.855413372841935250e-24 3.000000000000000000e+00
2.337423870891814758e-03 4.812383953031912376e-24 3.000000000000000000e+00
2.380967717380358135e-03 8.056565864722916943e-24 2.999999999999999556e+00
2.425322741760352948e-03 1.339839137884614635e-23 3.000000000000000444e+00
2.470504055456825433e-03 2.213629705282057609e-23 2.999999999999999556e+00
2.516527051405391836e-03 3.633857144554482100e-23 3.000000000000000444e+00
2.563407409296514835e-03 5.928284862223008194e-23 3.000000000000000444e+00
2.611161100917459583e-03 9.614039600663554639e-23 3.000000000000000000e+00
2.659804395593758260e-03 1.550415393621234048e-22 3.000000000000000444e+00
2.709353865732051433e-03 2.487372082533594280e-22 2.999999999999999556e+00
2.759826392466180594e-03 3.971988560678913576e-22 3.000000000000000888e+00
2.811239171408464344e-03 6.317077595665794170e-22 3.000000000000000000e+00
2.863609718508115885e-03 1.001332027413002686e-21 3.000000000000000444e+00
2.916955876018795853e-03 1.583276323662476190e-21 2.999999999999999556e+00
2.971295818577334054e-03 2.499596163075765866e-21 3.000000000000000444e+00
3.026648059395692196e-03 3.944419498315199513e-21 3.000000000000000444e+00
3.083031456568277075e-03 6.224713943251293185e-21 3.000000000000000000e+00
3.140465219496752208e-03 9.822081650869207135e-21 2.999999999999999556e+00
3.198968915434537586e-03 1.549327646695947100e-20 3.000000000000000000e+00
3.258562476153226226e-03 2.442553045063057782e-20 3.000000000000000444e+00
3.319266204733189573e-03 3.847768320872710456e-20 3.000000000000000888e+00
3.381100782480685445e-03 6.055347157406315912e-20 3.000000000000000444e+00
3.444087275973823411e-03 9.517731323620684358e-20 3.000000000000000000e+00
3.508247144239792347e-03 1.493789085741795828e-19 3.000000000000000000e+00
3.573602246065788347e-03 2.340464529930325761e-19 3.000000000000000000e+00
3.640174847446141400e-03 3.659871002246377603e-19 2.999999999999999556e+00
3.707987629168172684e-03 5.710486752612030433e-19 2.999999999999999556e+00
3.777063694539364597e-03 8.888239845268364231e-19 2.999999999999999556e+00
3.847426577258505898e-03 1.379699652878675318e-18 2.999999999999999556e+00
3.919100249433401899e-03 2.135353954342996024e-18 3.000000000000000444e+00
3.992109129748053209e-03 3.294290815150027051e-18 3.000000000000000444e+00
4.066478091781853925e-03 5.064784176134359514e-18 3.000000000000000000e+00
4.142232472483897525e-03 7.759333412038580733e-18 2.999999999999999556e+00
4.219398080805024202e-03 1.184508067787306694e-17 3.000000000000000000e+00
4.298001206490798497e-03 1.801769746030939697e-17 3.000000000000000444e+00
4.378068629038166758e-03 2.730982325160280580e-17 2.999999999999999556e+00
4.459627626819095622e-03 4.124982283666455326e-17 3.000000000000000000e+00
4.542705986374042521e-03 6.209409376166254843e-17 3.000000000000000444e+00
4.627332011878692967e-03 9.316713086577649993e-17 3.000000000000000000e+00
4.713534534786906725e-03 1.393600163180879727e-16 3.000000000000000000e+00
4.801342923653449841e-03 2.078629275634555322e-16 2.999999999999999112e+00
4.890787094139589959e-03 3.092453806071183372e-16 3.000000000000000000e+00
4.981897519205159656e-03 4.590568858768767566e-16 2.999999999999999556e+00
5.074705239490466188e-03 6.801775384981209432e-16 3.000000000000000000e+00
5.169241873891598608e-03 1.005968456287849879e-15 2.999999999999999556e+00
5.265539630332755246e-03 1.484911641925915749e-15 3.000000000000000000e+00
5.363631316739239652e-03 2.187371549603314983e-15 3.000000000000000444e+00
5.463550352214875498e-03 3.215187632385707585e-15 3.000000000000000000e+00
5.565330778427646403e-03 4.715343015279913949e-15 3.000000000000000000e+00
5.669007271207434327e-03 6.899392501747287288e-15 2.999999999999999556e+00
5.774615152359819509e-03 1.007101376445987132e-14 3.000000000000000000e+00
5.882190401699956099e-03 1.466500227407292460e-14 2.999999999999999556e+00
5.991769669310619169e-03 2.130237848834423532e-14 3.000000000000000000e+00
6.103390288028621123e-03 3.086791972396390074e-14 3.000000000000000000e+00
6.217090286163826779e-03 4.461772530315149242e-14 2.999999999999999556e+00
6.332908400455114321e-03 6.433079070117064603e-14 3.000000000000000000e+00
6.450884089267692675e-03 9.252134293204961468e-14 3.000000000000000444e+00
6.571057546036270826e-03 1.327355835109308111e-13 3.000000000000000000e+00
6.693469712958660493e-03 1.899668532457387823e-13 3.000000000000000444e+00
6.818162294944479437e-03 2.712370537744422269e-13 3.000000000000000888e+00
6.945177773823696388e-03 3.864123817756827484e-13 3.000000000000000888e+00
7.074559422819878297e-03 5.493462617920273421e-13 3.000000000000000888e+00
7.206351321293052656e-03 7.793834453088806574e-13 3.000000000000000000e+00
7.340598369757212090e-03 1.103421246343223407e-12 3.000000000000000000e+00
7.477346305177588227e-03 1.558824108065175520e-12 3.000000000000000888e+00
7.616641716552892058e-03 2.197385994797530239e-12 2.999999999999999112e+00
7.758532060787835978e-03 3.090759494231099594e-12 3.000000000000000000e+00
7.903065678861348128e-03 4.337895556877689109e-12 3.000000000000000444e+00
8.050291812295981564e-03 6.075238128313963414e-12 3.000000000000000000e+00
8.200260619934130954e-03 8.490316171532738701e-12 2.999999999999999556e+00
8.353023195026778799e-03 1.183980657224873938e-11 3.000000000000000000e+00
8.508631582640582489e-03 1.647457402024222074e-11 3.000000000000000000e+00
8.667138797389234081e-03 2.287333342090761944e-11 3.000000000000000888e+00
8.828598841495149604e-03 3.168811161055004700e-11 3.000000000000000000e+00
8.993066723187623582e-03 4.380573387594026727e-11 3.000000000000000000e+00
9.160598475443709407e-03 6.043036776524568734e-11 2.999999999999999556e+00
9.331251175078249249e-03 8.319135781711930511e-11 2.999999999999999112e+00
9.505082962189511861e-03 1.142909633465462001e-10 3.000000000000000000e+00
9.682153059967075343e-03 1.567035134384289030e-10 2.999999999999999556e+00
9.862521794868784469e-03 2.144434261874550615e-10 2.999999999999999112e+00
1.004625061717340749e-02 2.929276405991905828e-10 2.999999999999999112e+00
1.023340212191641702e-02 3.994353272887646835e-10 3.000000000000000000e+00
1.042404007021556327e-02 5.436712338217467363e-10 2.999999999999998668e+00
1.061822941099384125e-02 7.385694209360903817e-10 2.999999999999999112e+00
1.081603630310709954e-02 1.001329015622566064e-09 2.999999999999998668e+00
1.101752813788386791e-02 1.354761673549125102e-09 3.000000000000000444e+00
1.122277356208507652e-02 1.829064376698298617e-09 3.000000000000000444e+00
1.143184250129149725e-02 2.464185528414911521e-09 2.999999999999999556e+00
1.164480618372686072e-02 3.312879109378876494e-09 2.999999999999999556e+00
1.186173716452478509e-02 4.444724698563392604e-09 3.000000000000000444e+00
1.208270935044776506e-02 5.951429959668298321e-09 2.999999999999999556e+00
1.230779802506665188e-02 7.953724790880717137e-09 3.000000000000000000e+00
1.253707987440920262e-02 1.061038822768556971e-08 2.999999999999999112e+00
1.277063301308643990e-02 1.413038939354035785e-08 2.999999999999999556e+00
1.300853701090571267e-02 1.878899779803071754e-08 2.999999999999999556e+00
1.325087291997953214e-02 2.494768275850022385e-08 2.999999999999998668e+00
1.349772330233941706e-02 3.307423735313967746e-08 2.999999999999999112e+00
1.374917225806419029e-02 4.377396363586243571e-08 2.999999999999999112e+00
1.400530545393219653e-02 5.782846556959954044e-08 2.999999999999999112e+00
1.426621015260736910e-02 7.624503375508460195e-08 2.999999999999999556e+00
1.453197524236895383e-02 1.003259385627681819e-07 3.000000000000000000e+00
1.480269126739508674e-02 1.317501748076261632e-07 3.000000000000000000e+00
1.507845045861051086e-02 1.726786961343526765e-07 3.000000000000000000e+00
1.535934676510897039e-02 2.258949839347141617e-07 3.000000000000000000e+00
1.564547588616095955e-02 2.949925335690422925e-07 3.000000000000000888e+00
1.593693530381774456e-02 3.846131888498818612e-07 3.000000000000000444e+00
1.623382431612278159e-02 5.007513523275521553e-07 2.999999999999999556e+00
1.653624407094180307e-02 6.510332256340341506e-07 2.999999999999999556e+00
1.684429760042315330e-02 8.451374854301754149e-07 2.999999999999999112e+00
1.715808985610004986e-02 1.095360552676414227e-06 3.000000000000000000e+00
1.747772774464680795e-02 1.417286094043072393e-06 2.999999999999999556e+00
1.780332016430113962e-02 1.830615435110508657e-06 2.999999999999999556e+00
1.813497804196495186e-02 2.360198214820266234e-06 3.000000000000000000e+00
1.847281437099634188e-02 3.037404560476377204e-06 3.000000000000000000e+00
1.881694424970555696e-02 3.901896606353013305e-06 2.999999999999999556e+00
1.916748492056815148e-02 5.003738087357762828e-06 3.000000000000000000e+00
1.952455581016860828e-02 6.406137599003965889e-06 3.000000000000000444e+00
1.988827856988809734e-02 8.188974411100562609e-06 3.000000000000000000e+00
2.025877711735016989e-02 1.045321182657278194e-05 3.000000000000000888e+00
2.063617767863858837e-02 1.332485718411567146e-05 3.000000000000000000e+00
2.102060883130158278e-02 1.696064035184835964e-05 3.000000000000000000e+00
2.141220154815729262e-02 2.155590476029492931e-05 3.000000000000000444e+00
2.181108924191518805e-02 2.735370623711405131e-05 3.000000000000000444e+00
2.221740781062883641e-02 3.465598511519665077e-05 3.000000000000000000e+00
2.263129568399528321e-02 4.383731312214178858e-05 2.999999999999999556e+00
2.305289387051707301e-02 5.536184072969200788e-05 3.000000000000000000e+00
2.348234600554275145e-02 6.980424717051459001e-05 3.000000000000000000e+00
2.391979840020238418e-02 8.787573156868446421e-05 3.000000000000000000e+00
2.436540009125464853e-02 1.104564022788426166e-04 2.999999999999999112e+00
2.481930289186254010e-02 1.386358544287566051e-04 2.999999999999999112e+00
2.528166144331499277e-02 1.737633042932897943e-04 3.000000000000000000e+00
2.575263326771199887e-02 2.174933685405944987e-04 3.000000000000000000e+00
2.623237882163122203e-02 2.718471180752834115e-04 3.000000000000000000e+00
2.672106155079433804e-02 3.392995944347058229e-04 2.999999999999999556e+00
2.721884794575178332e-02 4.228788945257390300e-04 2.999999999999999112e+00
2.772590759860482645e-02 5.262868710655657558e-04 2.999999999999999556e+00
2.824241326078434297e-02 6.540470162621068355e-04 2.999999999999999556e+00
2.876854090190592711e-02 8.116864617536905619e-04 2.999999999999999112e+00
2.930446976972142861e-02 1.005961153772669823e-03 2.999999999999999556e+00
2.985038245118730796e-02 1.245136141748216666e-03 3.000000000000000000e+00
3.040646493467067182e-02 1.539319051735005750e-03 2.999999999999999556e+00
3.097290667331408301e-02 1.900691267263384309e-03 2.999999999999999556e+00
3.154990064958086704e-02 2.343898290591015735e-03 2.999999999999999556e+00
3.213764344100276948e-02 2.886594155148284116e-03 2.999999999999999556e+00
3.273633528715245988e-02 3.550022155439194835e-03 3.000000000000000000e+00
3.334618015786364187e-02 4.359702229724556240e-03 3.000000000000000000e+00
3.396738582272208068e-02 5.346246810829493636e-03 3.000000000000000000e+00
3.460016392185108480e-02 6.546331464733563983e-03 3.000000000000000444e+00
3.524473003801584237e-02 8.003853531555580811e-03 3.000000000000000444e+00
3.590130377007068330e-02 9.771321142892187145e-03 3.000000000000000444e+00
3.657010880777489259e-02 1.191152721416896022e-02 2.999999999999999112e+00
3.725137300800209633e-02 1.449957938819005678e-02 3.000000000000000444e+00
3.794532847236938011e-02 1.762537891915789967e-02 2.999999999999999112e+00
3.865221162631261864e-02 2.139667116841054151e-02 2.999999999999999112e+00
3.937226329963479377e-02 2.594283054251279516e-02 3.000000000000000000e+00
4.010572880855495931e-02 3.141959412792245249e-02 3.000000000000000000e+00
4.085285803928561527e-02 3.801307339806443003e-02 3.000000000000000000e+00
4.161390553316707264e-02 4.594100898889939832e-02 2.999999999999999556e+00
4.238913057338778573e-02 5.546033922184134823e-02 3.000000000000000000e+00
4.317879727332021161e-02 6.687457732753418482e-02 3.000000000000000000e+00
4.398317466650223523e-02 8.054180397493243548e-02 3.000000000000000000e+00
4.480253679829489938e-02 9.688403615711961570e-02 3.000000000000000000e+00
4.563716281924758839e-02 1.163982499772857476e-01 2.999999999999999112e+00
4.648733708020256344e-02 1.396694093886589605e-01 3.000000000000000000e+00
4.735334922917116413e-02 1.673859515006678733e-01 3.000000000000001332e+00
4.823549431001467047e-02 2.003583097048926287e-01 3.000000000000000444e+00
4.913407286296361809e-02 2.395412293588066455e-01 3.000000000000000444e+00
5.004939102700953213e-02 2.860608607612394882e-01 3.000000000000000444e+00
5.098176064420424647e-02 3.412401905090708398e-01 3.000000000000000444e+00
5.193149936590212012e-02 4.066084474981753738e-01 3.000000000000000888e+00
5.289893076098151070e-02 4.839431881005792913e-01 3.000000000000001332e+00
5.388438442608223938e-02 5.753139622178009560e-01 3.000000000000000444e+00
5.488819609789671872e-02 6.831289945847593970e-01 3.000000000000000444e+00
5.591070776755290017e-02 8.101900739226709502e-01 3.000000000000000888e+00
5.695226779712821846e-02 9.597575372522308967e-01 3.000000000000000000e+00
5.801323103833375128e-02 1.135627793378868544e+00 3.000000000000001332e+00
5.909395895340967958e-02 1.342226564545573098e+00 3.000000000000000444e+00
6.019481973827271043e-02 1.584721841679425980e+00 2.999999999999999556e+00
6.131618844795772016e-02 1.869106695200576596e+00 3.000000000000000444e+00
6.245844712439614643e-02 2.202217563417486534e+00 3.000000000000000444e+00
6.362198492657485105e-02 2.591919607546819382e+00 3.000000000000000000e+00
6.480719826311967524e-02 3.047274791248925752e+00 2.999999999999999556e+00
6.601449092734885948e-02 3.578722630399871818e+00 2.999999999999999556e+00
6.724427423484245769e-02 4.198292702205957738e+00 3.000000000000000444e+00
6.849696716357443760e-02 4.919856513995657821e+00 3.000000000000000000e+00
6.977299649665534564e-02 5.759428582564018129e+00 3.000000000000000444e+00
7.107279696773415034e-02 6.735478949760757672e+00 3.000000000000000000e+00
7.239681140910873836e-02 7.868968886180942590e+00 2.999999999999999556e+00
7.374549090259549522e-02 9.183746950467870818e+00 3.000000000000000888e+00
7.511929493320965157e-02 1.070707249064381728e+01 3.000000000000000000e+00
7.651869154570821452e-02 1.247011154932772037e+01 3.000000000000000000e+00
7.794415750404946885e-02 1.450852091214438921e+01 3.000000000000000444e+00
7.939617845382279659e-02 1.686314271067007908e+01 3.000000000000000444e+00
8.087524908770453436e-02 1.958079081932137200e+01 3.000000000000001332e+00
8.238187331399605962e-02 2.271439199396244035e+01 3.000000000000000000e+00
8.391656442830157381e-02 2.632357818281190021e+01 3.000000000000001332e+00
8.547984528840409102e-02 3.047603947374346944e+01 3.000000000000000444e+00
8.707224849239916797e-02 3.524866673145359641e+01 3.000000000000000000e+00
8.869431656014709064e-02 4.072888386908113034e+01 3.000000000000000000e+00
9.034660211810524588e-02 4.701623030272300241e+01 3.000000000000000000e+00
9.202966808760409956e-02 5.422333577670213600e+01 2.999999999999999556e+00
9.374408787662991127e-02 6.247606484643610969e+01 3.000000000000000000e+00
9.549044557518077125e-02 7.191629885781112819e+01 2.999999999999999556e+00
9.726933615426168467e-02 8.270431944748570174e+01 2.999999999999999556e+00
9.908136566858666283e-02 9.502139757839115930e+01 3.000000000000000444e+00
1.009271514630570854e-01 1.090727629938342602e+02 2.999999999999999556e+00
1.028073223830864719e-01 1.250881815554618441e+02 3.000000000000000444e+00
1.047225189888434382e-01 1.433236037926801316e+02 3.000000000000000000e+00
1.066733937734857113e-01 1.640665582552450132e+02 3.000000000000000000e+00
1.086606113854596822e-01 1.876405157417908924e+02 3.000000000000000000e+00
1.106848488549412035e-01 2.144098978120860579e+02 2.999999999999999556e+00
1.127467958244946084e-01 2.447819815580757563e+02 3.000000000000000444e+00
1.148471547840289042e-01 2.792079718077458210e+02 3.000000000000000000e+00
1.169866413101306873e-01 3.181923664420123714e+02 3.000000000000000000e+00
1.191659843098558796e-01 3.623004551861404821e+02 2.999999999999999556e+00
1.213859262690627772e-01 4.121661123146155319e+02 3.000000000000000444e+00
1.236472235053715091e-01 4.684914964247338958e+02 3.000000000000000000e+00
1.259506464258357550e-01 5.320536599943862939e+02 2.999999999999999112e+00
1.282969797894147612e-01 6.037192709938364032e+02 3.000000000000000444e+00
1.306870229743346268e-01 6.844566042897428133e+02 2.999999999999998668e+00
1.331215902504307713e-01 7.753403411443250661e+02 3.000000000000000000e+00
1.356015110565633452e-01 8.775525578751710327e+02 2.999999999999999556e+00
1.381276302832009362e-01 9.924058765335804537e+02 2.999999999999999556e+00
1.407008085602685088e-01 1.121361816829278496e+03 2.999999999999999112e+00
1.433219225503573890e-01 1.266037087923783929e+03 2.999999999999999112e+00
1.459918652473978506e-01 1.428203064804926726e+03 2.999999999999999556e+00
1.487115462808953625e-01 1.609820020459791976e+03 3.000000000000000444e+00
1.514818922258345801e-01 1.813062725925788527e+03 3.000000000000000000e+00
1.543038469183564687e-01 2.040325784026000974e+03 3.000000000000000000e+00
1.571783717773162781e-01 2.294242276806732207e+03 3.000000000000000444e+00
1.601064461318317811e-01 2.577730118295637112e+03 3.000000000000000000e+00
1.630890675549332702e-01 2.894007866264871609e+03 3.000000000000000000e+00
1.661272522034293042e-01 3.246551372889043705e+03 3.000000000000000000e+00
1.692220351641037235e-01 3.639160177400429802e+03 3.000000000000000444e+00
1.723744708063619790e-01 4.076010280425241035e+03 3.000000000000000444e+00
1.755856331414468730e-01 4.561699480972619313e+03 3.000000000000000444e+00
1.788566161883461958e-01 5.101301901853403251e+03 3.000000000000000444e+00
1.821885343465165230e-01 5.700423703881978327e+03 3.000000000000000888e+00
1.855825227755517060e-01 6.365142853573223874e+03 3.000000000000000000e+00
1.890397377819219571e-01 7.102054802491173177e+03 3.000000000000000444e+00
1.925613572129196704e-01 7.918405320963161103e+03 2.999999999999999556e+00
1.961485808579429280e-01 8.822177665039791464e+03 3.000000000000000000e+00
1.998026308572548593e-01 9.822197044372493110e+03 3.000000000000000444e+00
2.035247521183575770e-01 1.092814985159743992e+04 3.000000000000000000e+00
2.073162127401229071e-01 1.215020380198006933e+04 2.999999999999999556e+00
2.111783044448242164e-01 1.349923583743067684e+04 2.999999999999999556e+00
2.151123430182164953e-01 1.498701536824582945e+04 2.999999999999999556e+00
2.191196687578147451e-01 1.662628484625064448e+04 2.999999999999999112e+00
2.232016469295232397e-01 1.843085535988348420e+04 2.999999999999999112e+00
2.273596682327715113e-01 2.041572148816784465e+04 2.999999999999999556e+00
2.315951492743152096e-01 2.259720068488197285e+04 2.999999999999999556e+00
2.359095330508633737e-01 2.499310374436658458e+04 3.000000000000000888e+00
2.403042894406967056e-01 2.762294446270376284e+04 2.999999999999999556e+00
2.447809157044440187e-01 3.050819852276664460e+04 3.000000000000000444e+00
2.493409369951877785e-01 3.367262399217970233e+04 3.000000000000000000e+00
2.539859068780723761e-01 3.714232903023191466e+04 2.999999999999999556e+00
2.587174078595921300e-01 4.094411133895783132e+04 3.000000000000000888e+00
2.635370519267393186e-01 4.510609795242387190e+04 3.000000000000000444e+00
2.684464810961962322e-01 4.965850741362255212e+04 2.999999999999999556e+00
2.734473679737579599e-01 5.463384351733487711e+04 3.000000000000000888e+00
2.785414163241766161e-01 6.006712801747434423e+04 3.000000000000000444e+00
2.837303616516211324e-01 6.599618461424183624e+04 3.000000000000000444e+00
2.890159717909508430e-01 7.246198771743089310e+04 3.000000000000000444e+00
2.944000475100033709e-01 7.950909253714262741e+04 3.000000000000000888e+00
2.998844231231027613e-01 8.718616675404628040e+04 3.000000000000000444e+00
3.054709671159968054e-01 9.554583908194795367e+04 3.000000000000000444e+00
3.111615827824359970e-01 1.046420331088722451e+05 3.000000000000000000e+00
3.169582088726115021e-01 1.145316211218956450e+05 2.999999999999999556e+00
3.228628202536730218e-01 1.252755108257210522e+05 3.000000000000000000e+00
3.288774285825510346e-01 1.369390949181188189e+05 3.000000000000000444e+00
3.350040829913132900e-01 1.495928080818331218e+05 3.000000000000000000e+00
3.412448707852889229e-01 1.633128184582717076e+05 2.999999999999999556e+00
3.476019181541977754e-01 1.781818864402405161e+05 2.999999999999999556e+00
3.540773908965269556e-01 1.942900392681682424e+05 2.999999999999999556e+00
3.606734951574028236e-01 2.117301990948466992e+05 3.000000000000000888e+00
3.673924781802074269e-01 2.305981036201553652e+05 3.000000000000000444e+00
3.742366290721980682e-01 2.509957988331303350e+05 3.000000000000000444e+00
3.812082795843887983e-01 2.730324621242899448e+05 3.000000000000000888e+00
3.883098049059605095e-01 2.968253388488182100e+05 3.000000000000000444e+00
3.955436244734701345e-01 3.225009106802573078e+05 3.000000000000000000e+00
4.029122027951347884e-01 3.501962118343665497e+05 3.000000000000000444e+00
4.104180502904709038e-01 3.800544472014245694e+05 2.999999999999999112e+00
4.180637241455757991e-01 4.122213445223778253e+05 2.999999999999999556e+00
4.258518291843414461e-01 4.468513894351439085e+05 3.000000000000000000e+00
4.337850187558989212e-01 4.841094500385666615e+05 3.000000000000000000e+00
4.418659956385941334e-01 5.241722435703447554e+05 2.999999999999999556e+00
4.500975129608046355e-01 5.672301722488712985e+05 3.000000000000000444e+00
4.584823751389096036e-01 6.134864464571685530e+05 2.999999999999999556e+00
4.670234388327330621e-01 6.631480941554289311e+05 2.999999999999999556e+00
4.757236139187884794e-01 7.164330125263383379e+05 2.999999999999999112e+00
4.845858644816490868e-01 7.735742752425277140e+05 3.000000000000000000e+00
4.936132098237911991e-01 8.348225413151086541e+05 2.999999999999999556e+00
5.028087254942474882e-01 9.004488805712491740e+05 3.000000000000000000e+00
5.121755443364236493e-01 9.707337611764348112e+05 2.999999999999999556e+00
5.217168575554343990e-01 1.045952456657064380e+06 3.000000000000000888e+00
5.314359158053235666e-01 1.126391841379699763e+06 3.000000000000000000e+00
5.413360302965375404e-01 1.212353929010022897e+06 3.000000000000000000e+00
5.514205739240296555e-01 1.304157938024895964e+06 3.000000000000000444e+00
5.616929824163804374e-01 1.402142933920543874e+06 2.999999999999999556e+00
5.721567555063246102e-01 1.506671177432015538e+06 3.000000000000000444e+00
5.828154581230839959e-01 1.618132331209933385e+06 3.000000000000000444e+00
5.936727216069119795e-01 1.736948704811422620e+06 2.999999999999999112e+00
6.047322449462643190e-01 1.863580561250577681e+06 3.000000000000000000e+00
6.159977960380161877e-01 1.998490782620166196e+06 2.999999999999999112e+00
6.274732129711574347e-01 2.142121643263774458e+06 2.999999999999999556e+00
6.391624053343999412e-01 2.294933246588555165e+06 2.999999999999999112e+00
6.510693555481454897e-01 2.457409093469326850e+06 3.000000000000000000e+00
6.631981202212668958e-01 2.630059847178710159e+06 3.000000000000000444e+00
6.755528315331639222e-01 2.813428129016338382e+06 3.000000000000000000e+00
6.881376986415662644e-01 3.008094560116188135e+06 2.999999999999999556e+00
7.009570091165617800e-01 3.214685294167946093e+06 3.000000000000000444e+00
7.140151304013395706e-01 3.433856640627828892e+06 3.000000000000000444e+00
7.273165113001454074e-01 3.666234560896637850e+06 3.000000000000000888e+00
7.408656834939559843e-01 3.912460438216426410e+06 3.000000000000000888e+00
7.546672630843886953e-01 4.173209254005694296e+06 3.000000000000000888e+00
7.687259521663728501e-01 4.449196018486171030e+06 3.000000000000000000e+00
7.830465404301183430e-01 4.741183883245283738e+06 3.000000000000000444e+00
7.976339067929273385e-01 5.049994264359980822e+06 3.000000000000000444e+00
8.124930210614047521e-01 5.376502061484374106e+06 3.000000000000000000e+00
8.276289456246344045e-01 5.721538393071934581e+06 3.000000000000000000e+00
8.430468371788967241e-01 6.085930846698074602e+06 3.000000000000000000e+00
8.587519484845170803e-01 6.470547801045814529e+06 2.999999999999999556e+00
8.747496301554414933e-01 6.876307177116237581e+06 3.000000000000000000e+00
8.910453324821513421e-01 7.304187331731423736e+06 2.999999999999999112e+00
9.076446072885356875e-01 7.755238164511126466e+06 2.999999999999999112e+00
9.245531098233570333e-01 8.230523569430174306e+06 2.999999999999999556e+00
9.417766006869519035e-01 8.731097750228531659e+06 2.999999999999999556e+00
9.593209477938241525e-01 9.258077507193446159e+06 3.000000000000000444e+00
9.771921283717996953e-01 9.812661214051024988e+06 3.000000000000000000e+00
9.953962309984233370e-01 1.039614762273537554e+07 3.000000000000000444e+00
1.013939457675291811e+00 1.100992817770147137e+07 3.000000000000000888e+00
1.032828125941028574e+00 1.165524413219706155e+07 3.000000000000001332e+00
1.052068671023622892e+00 1.233324326254686341e+07 3.000000000000000000e+00
1.071667648032863296e+00 1.304510020332982577e+07 3.000000000000000000e+00
1.091631734193614811e+00 1.379202546133887395e+07 3.000000000000000888e+00
1.111967731120699021e+00 1.457527599933233671e+07 3.000000000000000000e+00
1.132682567136153784e+00 1.539616892655690759e+07 3.000000000000000888e+00
1.153783299629660863e+00 1.625609885693349876e+07 3.000000000000000444e+00
1.175277117462945276e+00 1.715655957301612571e+07 3.000000000000000444e+00
1.197171343418965694e+00 1.809917072348595783e+07 3.000000000000000444e+00
1.219473436696737023e+00 1.908571038755230978e+07 3.000000000000000000e+00
1.242190995452616242e+00 2.011815446586207300e+07 3.000000000000000444e+00
1.265331759388941713e+00 2.119867648751766980e+07 3.000000000000000444e+00
1.288903612390891462e+00 2.232912395499170944e+07 3.000000000000000888e+00
1.312914585212463958e+00 2.351105733221787214e+07 3.000000000000000000e+00
1.337372858212495075e+00 2.474606905121076852e+07 3.000000000000000888e+00
1.362286764141645401e+00 2.603580416645799950e+07 3.000000000000000444e+00
1.387664790981307128e+00 2.738197931767809018e+07 2.999999999999999556e+00
1.413515584835394190e+00 2.878640669262947515e+07 3.000000000000000000e+00
1.439847952876006643e+00 3.025102381679750234e+07 2.999999999999999556e+00
1.466670866343967150e+00 3.177793010552067682e+07 3.000000000000000444e+00
1.493993463605256311e+00 3.336943124113750830e+07 3.000000000000000444e+00
1.521825053264385552e+00 3.502800774616695940e+07 3.000000000000000444e+00
1.550175117335768737e+00 3.675572129326561838e+07 3.000000000000000444e+00
1.579053314474174297e+00 3.855441290335786343e+07 3.000000000000000444e+00
1.608469483265355215e+00 4.042599177767497301e+07 3.000000000000000444e+00
1.638433645577983100e+00 4.237246624464504421e+07 3.000000000000000000e+00
1.668956009978023181e+00 4.439598011129703373e+07 3.000000000000000444e+00
1.700046975206716438e+00 4.649885719391083717e+07 3.000000000000000444e+00
1.731717133723352786e+00 4.868365525639882684e+07 3.000000000000000000e+00
1.763977275314043469e+00 5.095321423535405099e+07 3.000000000000000000e+00
1.796838390767719229e+00 5.331016579971015453e+07 3.000000000000000000e+00
1.830311675620611256e+00 5.575668230927975476e+07 2.999999999999999556e+00
1.864408533970485227e+00 5.829502618974127620e+07 3.000000000000000444e+00
1.899140582361933616e+00 6.092763202560923249e+07 3.000000000000000444e+00
1.934519653744044332e+00 6.365716336658068746e+07 3.000000000000000888e+00
1.970557801501798378e+00 6.648658100444883853e+07 3.000000000000000888e+00
2.007267303562568106e+00 6.941922168177011609e+07 3.000000000000000444e+00
2.044660666579115826e+00 7.245825966362994909e+07 3.000000000000000888e+00
2.082750630190514318e+00 7.560573197484804690e+07 3.000000000000000444e+00
2.121550171362450055e+00 7.886350472577969730e+07 3.000000000000000444e+00
2.161072508808376647e+00 8.223347437824684381e+07 3.000000000000000444e+00
2.201331107493030181e+00 8.571760703810653090e+07 3.000000000000000888e+00
2.242339683219845003e+00 8.931798740573324263e+07 3.000000000000000444e+00
2.284112207303823361e+00 9.303687874786378443e+07 3.000000000000000444e+00
2.326662911331458083e+00 9.687679540148693323e+07 3.000000000000000000e+00
2.370006292009327886e+00 1.008405894907853156e+08 3.000000000000000444e+00
2.414157116103017753e+00 1.049315537385899574e+08 3.000000000000000000e+00
2.459130425468043946e+00 1.091535424938371927e+08 3.000000000000000000e+00
2.504941542174502267e+00 1.135111125696551204e+08 2.999999999999999556e+00
2.551606073727183954e+00 1.180087231252688020e+08 3.000000000000000000e+00
2.599139918382932901e+00 1.226486230579934120e+08 2.999999999999999112e+00
2.647559270567066747e+00 1.274326300281253755e+08 3.000000000000000444e+00
2.696880626390692370e+00 1.323626245970135480e+08 3.000000000000000888e+00
2.747120789270811603e+00 1.374406106204306185e+08 3.000000000000000000e+00
2.798296875655115645e+00 1.426687887620315552e+08 3.000000000000000000e+00
2.850426320853434614e+00 1.480496448357805312e+08 3.000000000000000000e+00
2.903526884977813971e+00 1.535860548661670387e+08 3.000000000000000888e+00
2.957616658993253544e+00 1.592814089653005004e+08 3.000000000000000888e+00
3.012714070881164385e+00 1.651397488054938018e+08 3.000000000000000444e+00
3.068837891917642224e+00 1.711647289313057959e+08 3.000000000000000444e+00
3.126007243068700259e+00 1.773580486339370012e+08 3.000000000000000444e+00
3.184241601504649744e+00 1.837212444000315964e+08 3.000000000000000444e+00
3.243560807235807975e+00 1.902560440255149305e+08 3.000000000000000888e+00
3.303985069871854918e+00 1.969644667405507863e+08 3.000000000000000000e+00
3.365534975507090909e+00 2.038489418489660025e+08 3.000000000000000444e+00
3.428231493733967294e+00 2.109124480975410342e+08 3.000000000000000444e+00
3.492095984787267682e+00 2.181586762367792428e+08 3.000000000000000000e+00
3.557150206821382277e+00 2.255917393822908103e+08 2.999999999999999556e+00
3.623416323323146226e+00 2.332138032485093176e+08 2.999999999999999556e+00
3.690916910662774608e+00 2.410263994414877892e+08 2.999999999999999556e+00
3.759674965785463563e+00 2.490314232017003596e+08 3.000000000000000000e+00
3.829713914046277257e+00 2.572312740306153893e+08 3.000000000000000444e+00
3.901057617190989202e+00 2.656290183468361497e+08 3.000000000000000444e+00
3.973730381485604202e+00 2.742285780693683028e+08 3.000000000000000444e+00
4.047756965997318268e+00 2.830346530256491303e+08 3.000000000000000000e+00
4.123162591029748469e+00 2.920492233476627469e+08 3.000000000000000000e+00
4.199972946715301525e+00 3.012719366077888012e+08 2.999999999999999556e+00
4.278214201767612579e+00 3.107024149632273316e+08 3.000000000000000000e+00
4.357913012397025554e+00 3.203404021076024175e+08 3.000000000000000444e+00
4.439096531392166867e+00 3.301858817443477511e+08 2.999999999999999556e+00
4.521792417370697592e+00 3.402392172878246903e+08 2.999999999999999556e+00
4.606028844202397998e+00 3.505013150935261846e+08 3.000000000000000444e+00
4.691834510607794329e+00 3.609738137314975262e+08 2.999999999999999556e+00
4.779238649935595440e+00 3.716593020699817538e+08 2.999999999999999112e+00
4.868271040122278848e+00 3.825615692421929836e+08 3.000000000000000000e+00
4.958962013837211913e+00 3.936858899444007277e+08 2.999999999999999556e+00
5.051342468816761411e+00 4.050390370249392986e+08 3.000000000000000000e+00
5.145443878390924652e+00 4.166239150023244023e+08 3.000000000000000000e+00
5.241298302206056192e+00 4.284390747766160369e+08 3.000000000000000444e+00
5.338938397147350301e+00 4.404830266227914691e+08 3.000000000000000888e+00
5.438397428464796235e+00 4.527545262770586610e+08 3.000000000000000000e+00
5.539709281106400596e+00 4.652527287813513875e+08 3.000000000000000000e+00
5.642908471262536807e+00 4.779773672578034997e+08 3.000000000000000000e+00
5.748030158125351008e+00 4.909289591501628160e+08 2.999999999999999556e+00
5.855110155867238042e+00 5.041090427061369419e+08 2.999999999999999556e+00
5.964184945842459840e+00 5.175204467592562437e+08 3.000000000000000000e+00
6.075291689016070862e+00 5.311671238222335577e+08 3.000000000000000000e+00
6.188468238624382778e+00 5.450492449901276827e+08 3.000000000000000000e+00
6.303753153071275150e+00 5.591642295406565666e+08 2.999999999999999556e+00
6.421185709064758385e+00 5.735098650218697786e+08 3.000000000000000000e+00
6.540805914998252923e+00 5.880845495076853037e+08 3.000000000000000444e+00
6.662654524581149929e+00 6.028875128049601316e+08 3.000000000000000444e+00
6.786773050723295064e+00 6.179190690121098757e+08 3.000000000000000444e+00
6.913203779678127603e+00 6.331809034514857531e+08 3.000000000000000000e+00
7.041989785449288775e+00 6.486763414603981972e+08 3.000000000000000000e+00
7.173174944465612768e+00 6.644069800682793856e+08 3.000000000000000000e+00
7.306803950529499936e+00 6.803697542423372269e+08 3.000000000000000000e+00
7.442922330043757917e+00 6.965616907008913755e+08 2.999999999999999556e+00
7.581576457522110069e+00 7.129806114917318821e+08 3.000000000000000444e+00
7.722813571388642551e+00 7.296253869427845478e+08 3.000000000000000000e+00
7.866681790071582192e+00 7.464962224646332264e+08 2.999999999999999112e+00
8.013230128396878982e+00 7.635949810866761208e+08 3.000000000000000000e+00
8.162508514287219796e+00 7.809231299669402838e+08 3.000000000000000000e+00
8.314567805772055564e+00 7.984762793718848228e+08 2.999999999999999556e+00
8.469459808314576676e+00 8.162492118308956623e+08 3.000000000000000444e+00
8.627237292461440887e+00 8.342373757989953756e+08 2.999999999999999556e+00
8.787954011821311084e+00 8.524371296380504370e+08 3.000000000000000000e+00
8.951664721378293166e+00 8.708460180203160048e+08 3.000000000000000888e+00
9.118425196146562328e+00 8.894630836106321812e+08 3.000000000000000444e+00
9.288292250172489162e+00 9.082892171605348587e+08 3.000000000000000888e+00
9.461323755890759912e+00 9.273275494891284704e+08 3.000000000000000444e+00
9.637578663841079418e+00 9.465838892508345842e+08 3.000000000000000444e+00
9.817117022752183786e+00 9.660672109213351011e+08 3.000000000000000444e+00
1.000000000000000000e+01 9.857901981000013351e+08 3.000000000000000000e+00
