# Source: PRIMAT compilation, https://doi.org/10.1016/j.physrep.2018.04.005
1.000000000000000021e-03 1.359999999999984500e-72 3.000000000000000000e+00
1.018628990244687619e-03 3.829399567920055337e-72 3.000000000000000000e+00
1.037605019766911670e-03 1.085069930541628135e-71 3.000000000000000000e+00
1.056934553557988335e-03 3.093197853116562682e-71 2.999999999999999556e+00
1.076624177045493267e-03 8.868757942520642375e-71 2.999999999999999556e+00
1.096680598336868600e-03 2.556817390091290702e-70 3.000000000000000000e+00
1.117110650504824203e-03 7.409510560625292375e-70 2.999999999999999556e+00
1.137921293915315117e-03 2.157732914702537458e-69 2.999999999999999556e+00
1.159119618598885779e-03 6.312247006682877561e-69 3.000000000000000000e+00
1.180712846666190276e-03 1.854396038726136407e-68 3.000000000000000444e+00
1.202708334768511989e-03 5.468919860980191472e-68 3.000000000000000000e+00
1.225113576604118949e-03 1.618541461801200356e-67 2.999999999999999556e+00
1.247936205471311460e-03 4.805142138255135024e-67 2.999999999999999112e+00
1.271183996869028896e-03 1.430474315805923140e-66 3.000000000000000888e+00
1.294864871145904933e-03 4.268457629109047864e-66 3.000000000000000000e+00
1.318986896198670470e-03 1.276142315247129693e-65 3.000000000000000888e+00
1.343558290220826226e-03 3.821018864641436131e-65 3.000000000000000000e+00
1.368587424502519176e-03 1.145303547630707202e-64 2.999999999999999556e+00
1.394082826282578647e-03 3.435007222369558574e-64 3.000000000000000000e+00
1.420053181653683095e-03 1.030385280872015637e-63 3.000000000000000888e+00
1.446507338521647217e-03 3.089805677879820524e-63 2.999999999999999556e+00
1.473454309619835756e-03 9.257896659243512199e-63 3.000000000000000444e+00
1.500903275579736594e-03 2.770314446562720407e-62 3.000000000000000000e+00
1.528863588058731147e-03 8.274913844241968284e-62 3.000000000000000000e+00
1.557344772926135207e-03 2.466006526462947164e-61 3.000000000000000444e+00
1.586356533508589657e-03 7.328193522692487514e-61 3.000000000000000444e+00
1.615908753895919101e-03 2.170424712529778652e-60 3.000000000000000000e+00
1.646011502308549748e-03 6.403372431686868838e-60 3.000000000000000000e+00
1.676675034527699143e-03 1.880870241679834191e-59 3.000000000000000000e+00
1.707909797389426916e-03 5.497485202955296243e-59 3.000000000000000888e+00
1.739726432343800767e-03 1.598062159218648894e-58 3.000000000000000444e+00
1.772135779080358372e-03 4.617615331160661841e-58 3.000000000000000000e+00
1.805148879221108154e-03 1.325587111131770976e-57 2.999999999999999556e+00
1.838776980082326793e-03 3.778679250817650443e-57 2.999999999999999556e+00
1.873031538506436536e-03 1.069034615005301788e-56 3.000000000000000888e+00
1.907924224765265072e-03 3.000180621860706795e-56 2.999999999999999556e+00
1.943466926536020246e-03 8.348286262946595356e-56 2.999999999999999556e+00
1.979671752951332481e-03 2.302183302485665886e-55 3.000000000000000000e+00
2.016551038724746607e-03 6.289019702218585963e-55 2.999999999999999556e+00
2.054117348353064112e-03 1.701161639586432464e-54 3.000000000000000444e+00
2.092383480396977150e-03 4.554701839993757091e-54 3.000000000000000000e+00
2.131362471841437810e-03 1.206627901160002277e-53 3.000000000000000000e+00
2.171067602537264923e-03 3.161916675556542451e-53 3.000000000000000000e+00
2.211512399725488933e-03 8.193612545866709926e-53 2.999999999999999556e+00
2.252710642645980484e-03 2.099205392813856494e-52 3.000000000000000000e+00
2.294676367231936100e-03 5.316435629258137554e-52 3.000000000000000000e+00
2.337423870891814758e-03 1.330858749403473206e-51 3.000000000000000000e+00
2.380967717380358135e-03 3.292911840394948524e-51 2.999999999999999556e+00
2.425322741760352948e-03 8.053612538836714067e-51 3.000000000000000444e+00
2.470504055456825433e-03 1.947278946641097103e-50 2.999999999999999556e+00
2.516527051405391836e-03 4.655854105532817414e-50 3.000000000000000444e+00
2.563407409296514835e-03 1.101179875912093681e-49 3.000000000000000444e+00
2.611161100917459583e-03 2.577570385982953445e-49 3.000000000000000000e+00
2.659804395593758260e-03 5.974734100181314057e-49 3.000000000000000444e+00
2.709353865732051433e-03 1.372483158376477907e-48 2.999999999999999556e+00
2.759826392466180594e-03 3.127292474245849057e-48 3.000000000000000888e+00
2.811239171408464344e-03 7.075708658024530543e-48 3.000000000000000000e+00
2.863609718508115885e-03 1.591692964395272108e-47 3.000000000000000444e+00
2.916955876018795853e-03 3.565108259940037398e-47 2.999999999999999556e+00
2.971295818577334054e-03 7.964202972941066297e-47 3.000000000000000444e+00
3.026648059395692196e-03 1.777804066424395877e-46 3.000000000000000444e+00
3.083031456568277075e-03 3.969063098649204209e-46 3.000000000000000000e+00
3.140465219496752208e-03 8.859775073902769529e-46 2.999999999999999556e+00
3.198968915434537586e-03 1.976633399276742228e-45 3.000000000000000000e+00
3.258562476153226226e-03 4.405876542820531306e-45 3.000000000000000444e+00
3.319266204733189573e-03 9.807793851491544355e-45 3.000000000000000888e+00
3.381100782480685445e-03 2.179562927152376011e-44 3.000000000000000444e+00
3.444087275973823411e-03 4.833361485152818236e-44 3.000000000000000000e+00
3.508247144239792347e-03 1.069129505475792553e-43 3.000000000000000000e+00
3.573602246065788347e-03 2.357919068550009020e-43 3.000000000000000000e+00
3.640174847446141400e-03 5.182731201254544832e-43 2.999999999999999556e+00
3.707987629168172684e-03 1.134830568328484141e-42 2.999999999999999556e+00
3.777063694539364597e-03 2.474316988987097756e-42 2.999999999999999556e+00
3.847426577258505898e-03 5.369570909912995734e-42 2.999999999999999556e+00
3.919100249433401899e-03 1.159286497833976019e-41 3.000000000000000444e+00
3.992109129748053209e-03 2.488946517914992923e-41 3.000000000000000444e+00
4.066478091781853925e-03 5.311754028125769941e-41 3.000000000000000000e+00
4.142232472483897525e-03 1.126632058899981148e-40 2.999999999999999556e+00
4.219398080805024202e-03 2.374768697005886470e-40 3.000000000000000000e+00
4.298001206490798497e-03 4.974500553595443348e-40 3.000000000000000444e+00
4.378068629038166758e-03 1.035579378341853024e-39 2.999999999999999556e+00
4.459627626819095622e-03 2.142719025748789435e-39 3.000000000000000000e+00
4.542705986374042521e-03 4.407225325773888186e-39 3.000000000000000444e+00
4.627332011878692967e-03 9.013319350495903693e-39 3.000000000000000000e+00
4.713534534786906725e-03 1.833408101147845398e-38 3.000000000000000000e+00
4.801342923653449841e-03 3.710746794283184990e-38 2.999999999999999112e+00
4.890787094139589959e-03 7.476619850734685318e-38 3.000000000000000000e+00
4.981897519205159656e-03 1.500548694472659623e-37 2.999999999999999556e+00
5.074705239490466188e-03 3.001683481670102320e-37 3.000000000000000000e+00
5.169241873891598608e-03 5.985152184237827856e-37 2.999999999999999556e+00
5.265539630332755246e-03 1.189305332136921531e-36 3.000000000000000000e+00
5.363631316739239652e-03 2.354717000799126841e-36 3.000000000000000444e+00
5.463550352214875498e-03 4.644502734369130464e-36 3.000000000000000000e+00
5.565330778427646403e-03 9.124996814832494621e-36 3.000000000000000000e+00
5.669007271207434327e-03 1.785534625346316661e-35 2.999999999999999556e+00
5.774615152359819509e-03 3.479426057689061911e-35 3.000000000000000000e+00
5.882190401699956099e-03 6.751910499607036396e-35 2.999999999999999556e+00
5.991769669310619169e-03 1.304720053879332793e-34 3.000000000000000000e+00
6.103390288028621123e-03 2.510620796654693639e-34 3.000000000000000000e+00
6.217090286163826779e-03 4.810572938347690593e-34 2.999999999999999556e+00
6.332908400455114321e-03 9.177955859396139782e-34 3.000000000000000000e+00
6.450884089267692675e-03 1.743518847177777075e-33 3.000000000000000444e+00
6.571057546036270826e-03 3.298034673052866859e-33 3.000000000000000000e+00
6.693469712958660493e-03 6.212528275993903840e-33 3.000000000000000444e+00
6.818162294944479437e-03 1.165535021331978474e-32 3.000000000000000888e+00
6.945177773823696388e-03 2.178261855858902466e-32 3.000000000000000888e+00
7.074559422819878297e-03 4.056276900834779795e-32 3.000000000000000888e+00
7.206351321293052656e-03 7.526663563546392294e-32 3.000000000000000000e+00
7.340598369757212090e-03 1.391510074402034635e-31 3.000000000000000000e+00
7.477346305177588227e-03 2.562944162597543979e-31 3.000000000000000888e+00
7.616641716552892058e-03 4.702548238912140490e-31 2.999999999999999112e+00
7.758532060787835978e-03 8.595179879616533536e-31 3.000000000000000000e+00
7.903065678861348128e-03 1.564970106758262244e-30 3.000000000000000444e+00
8.050291812295981564e-03 2.838605386282435466e-30 3.000000000000000000e+00
8.200260619934130954e-03 5.129339803493165419e-30 2.999999999999999556e+00
8.353023195026778799e-03 9.233342489394009568e-30 3.000000000000000000e+00
8.508631582640582489e-03 1.655739706993739804e-29 3.000000000000000000e+00
8.667138797389234081e-03 2.957818762014099105e-29 3.000000000000000888e+00
8.828598841495149604e-03 5.264123326786724643e-29 3.000000000000000000e+00
8.993066723187623582e-03 9.334777773770340483e-29 3.000000000000000000e+00
9.160598475443709407e-03 1.649525938068603655e-28 2.999999999999999556e+00
9.331251175078249249e-03 2.904628982237244010e-28 2.999999999999999112e+00
9.505082962189511861e-03 5.096722797610254142e-28 3.000000000000000000e+00
9.682153059967075343e-03 8.911844980812464454e-28 2.999999999999999556e+00
9.862521794868784469e-03 1.552903774571764574e-27 2.999999999999999112e+00
1.004625061717340749e-02 2.696894528974688541e-27 2.999999999999999112e+00
1.023340212191641702e-02 4.668250296257939710e-27 3.000000000000000000e+00
1.042404007021556327e-02 8.053663541928161703e-27 2.999999999999998668e+00
1.061822941099384125e-02 1.384729855304871391e-26 2.999999999999999112e+00
1.081603630310709954e-02 2.372821940172916412e-26 2.999999999999998668e+00
1.101752813788386791e-02 4.052330016099437464e-26 3.000000000000000444e+00
1.122277356208507652e-02 6.897632788169625811e-26 3.000000000000000444e+00
1.143184250129149725e-02 1.170166416537443268e-25 2.999999999999999556e+00
1.164480618372686072e-02 1.978570525049694421e-25 2.999999999999999556e+00
1.186173716452478509e-02 3.334503329609200300e-25 3.000000000000000444e+00
1.208270935044776506e-02 5.601725182125000655e-25 2.999999999999999556e+00
1.230779802506665188e-02 9.380542733731739315e-25 3.000000000000000000e+00
1.253707987440920262e-02 1.565662104380525289e-24 2.999999999999999112e+00
1.277063301308643990e-02 2.604254998031003695e-24 2.999999999999999556e+00
1.300853701090571267e-02 4.316630717359146051e-24 2.999999999999999556e+00
1.325087291997953214e-02 7.129702862106280586e-24 2.999999999999998668e+00
1.349772330233941706e-02 1.173638135178945620e-23 2.999999999999999112e+00
1.374917225806419029e-02 1.925940758289793299e-23 2.999999999999999112e+00
1.400530545393219653e-02 3.151621553503427471e-23 2.999999999999999112e+00
1.426621015260736910e-02 5.144228902564641680e-23 2.999999999999999556e+00
1.453197524236895383e-02 8.374031730352886065e-23 3.000000000000000000e+00
1.480269126739508674e-02 1.359144296239862104e-22 3.000000000000000000e+00
1.507845045861051086e-02 2.198886557435243390e-22 3.000000000000000000e+00
1.535934676510897039e-02 3.545652289018459067e-22 3.000000000000000000e+00
1.564547588616095955e-02 5.699168640077476567e-22 3.000000000000000888e+00
1.593693530381774456e-02 9.133721542985272051e-22 3.000000000000000444e+00
1.623382431612278159e-02 1.459862758356287891e-21 2.999999999999999556e+00
1.653624407094180307e-02 2.327045878162245788e-21 2.999999999999999556e+00
1.684429760042315330e-02 3.698936177535470340e-21 2.999999999999999112e+00
1.715808985610004986e-02 5.862525416913876949e-21 3.000000000000000000e+00
1.747772774464680795e-02 9.263895722382286421e-21 2.999999999999999556e+00
1.780332016430113962e-02 1.459410969662768173e-20 2.999999999999999556e+00
1.813497804196495186e-02 2.292032885774074753e-20 3.000000000000000000e+00
1.847281437099634188e-02 3.588596072333140697e-20 3.000000000000000000e+00
1.881694424970555696e-02 5.601581717140200314e-20 2.999999999999999556e+00
1.916748492056815148e-02 8.718003373147126631e-20 3.000000000000000000e+00
1.952455581016860828e-02 1.353002927508352972e-19 3.000000000000000444e+00
1.988827856988809734e-02 2.094256231950659572e-19 3.000000000000000000e+00
2.025877711735016989e-02 3.233669150701632880e-19 3.000000000000000888e+00
2.063617767863858837e-02 4.980817361257362890e-19 3.000000000000000000e+00
2.102060883130158278e-02 7.652423434254759538e-19 3.000000000000000000e+00
2.141220154815729262e-02 1.172601367066694666e-18 3.000000000000000444e+00
2.181108924191518805e-02 1.791932929788759925e-18 3.000000000000000444e+00
2.221740781062883641e-02 2.730789036602346856e-18 3.000000000000000000e+00
2.263129568399528321e-02 4.149864061088152454e-18 2.999999999999999556e+00
2.305289387051707301e-02 6.288592482281119797e-18 3.000000000000000000e+00
2.348234600554275145e-02 9.502828261461231132e-18 3.000000000000000000e+00
2.391979840020238418e-02 1.432025831067814848e-17 3.000000000000000000e+00
2.436540009125464853e-02 2.152187671539058403e-17 2.999999999999999112e+00
2.481930289186254010e-02 3.226183491464948581e-17 2.999999999999999112e+00
2.528166144331499277e-02 4.824349118973667434e-17 3.000000000000000000e+00
2.575263326771199887e-02 7.196866029078178028e-17 3.000000000000000000e+00
2.623237882163122203e-02 1.070975554814202906e-16 3.000000000000000000e+00
2.672106155079433804e-02 1.589756711929030732e-16 2.999999999999999556e+00
2.721884794575178332e-02 2.353908070660510846e-16 2.999999999999999112e+00
2.772590759860482645e-02 3.476635030592823877e-16 2.999999999999999556e+00
2.824241326078434297e-02 5.122169908812749923e-16 2.999999999999999556e+00
2.876854090190592711e-02 7.528376420701985551e-16 2.999999999999999112e+00
2.930446976972142861e-02 1.103932085225487600e-15 2.999999999999999556e+00
2.985038245118730796e-02 1.615227701893570514e-15 3.000000000000000000e+00
3.040646493467067182e-02 2.358521803140508497e-15 2.999999999999999556e+00
3.097290667331408301e-02 3.436792377451612797e-15 2.999999999999999556e+00
3.154990064958086704e-02 4.997186138200603698e-15 2.999999999999999556e+00
3.213764344100276948e-02 7.249569134640456270e-15 2.999999999999999556e+00
3.273633528715245988e-02 1.049238178563822238e-14 3.000000000000000000e+00
3.334618015786364187e-02 1.514878724360883145e-14 3.000000000000000000e+00
3.396738582272208068e-02 2.181709308121002262e-14 3.000000000000000000e+00
3.460016392185108480e-02 3.134093876592692364e-14 3.000000000000000444e+00
3.524473003801584237e-02 4.490684098655102168e-14 3.000000000000000444e+00
3.590130377007068330e-02 6.417961415722654576e-14 3.000000000000000444e+00
3.657010880777489259e-02 9.149028320894815292e-14 2.999999999999999112e+00
3.725137300800209633e-02 1.300968918022258059e-13 3.000000000000000444e+00
3.794532847236938011e-02 1.845468395443096838e-13 2.999999999999999112e+00
3.865221162631261864e-02 2.611811912012041339e-13 2.999999999999999112e+00
3.937226329963479377e-02 3.688385036023714808e-13 3.000000000000000000e+00
4.010572880855495931e-02 5.198406403298732267e-13 3.000000000000000000e+00
4.085285803928561527e-02 7.313161130800139922e-13 3.000000000000000000e+00
4.161390553316707264e-02 1.026871198506587131e-12 2.999999999999999556e+00
4.238913057338778573e-02 1.439020066609471146e-12 3.000000000000000000e+00
4.317879727332021161e-02 2.012458675355664371e-12 3.000000000000000000e+00
4.398317466650223523e-02 2.808479662920408863e-12 3.000000000000000000e+00
4.480253679829489938e-02 3.910940598032787028e-12 3.000000000000000000e+00
4.563716281924758839e-02 5.434323589315941206e-12 2.999999999999999112e+00
4.648733708020256344e-02 7.534613285775661053e-12 3.000000000000000000e+00
4.735334922917116413e-02 1.042397984757307762e-11 3.000000000000001332e+00
4.823549431001467047e-02 1.439061261105374831e-11 3.000000000000000444e+00
4.913407286296361809e-02 1.982555135430955934e-11 3.000000000000000444e+00
5.004939102700953213e-02 2.725906762864377455e-11 3.000000000000000444e+00
5.098176064420424647e-02 3.740858003069185578e-11 3.000000000000000444e+00
5.193149936590212012e-02 5.123769841309791866e-11 3.000000000000000888e+00
5.289893076098151070e-02 7.003944858478386683e-11 3.000000000000001332e+00
5.388438442608223938e-02 9.554615286391836352e-11 3.000000000000000444e+00
5.488819609789671872e-02 1.300740322341458518e-10 3.000000000000000444e+00
5.591070776755290017e-02 1.767144719065788932e-10 3.000000000000000888e+00
5.695226779712821846e-02 2.395871372017991809e-10 3.000000000000000000e+00
5.801323103833375128e-02 3.241753502403766467e-10 3.000000000000001332e+00
5.909395895340967958e-02 4.377713517186484565e-10 3.000000000000000444e+00
6.019481973827271043e-02 5.900690367023998972e-10 2.999999999999999556e+00
6.131618844795772016e-02 7.939186957134635051e-10 3.000000000000000444e+00
6.245844712439614643e-02 1.066247261167380673e-09 3.000000000000000444e+00
6.362198492657485105e-02 1.429351846331417382e-09 3.000000000000000000e+00
6.480719826311967524e-02 1.912570590451965785e-09 2.999999999999999556e+00
6.601449092734885948e-02 2.554457489081198870e-09 2.999999999999999556e+00
6.724427423484245769e-02 3.405629511239801509e-09 3.000000000000000444e+00
6.849696716357443760e-02 4.532502812164989866e-09 3.000000000000000000e+00
6.977299649665534564e-02 6.022211495523099684e-09 3.000000000000000444e+00
7.107279696773415034e-02 7.988938221711475825e-09 3.000000000000000000e+00
7.239681140910873836e-02 1.058087709314334219e-08 2.999999999999999556e+00
7.374549090259549522e-02 1.398993955051102685e-08 3.000000000000000888e+00
7.511929493320965157e-02 1.846446856012847793e-08 3.000000000000000000e+00
7.651869154570821452e-02 2.432504506590392014e-08 3.000000000000000000e+00
7.794415750404946885e-02 3.198451542457779842e-08 3.000000000000000444e+00
7.939617845382279659e-02 4.197333990354537770e-08 3.000000000000000444e+00
8.087524908770453436e-02 5.497390798119581257e-08 3.000000000000001332e+00
8.238187331399605962e-02 7.190916157555074880e-08 3.000000000000000000e+00
8.391656442830157381e-02 9.406434854706412312e-08 3.000000000000001332e+00
8.547984528840409102e-02 1.232325668850108239e-07 3.000000000000000444e+00
8.707224849239916797e-02 1.619607236187256235e-07 3.000000000000000000e+00
8.869431656014709064e-02 2.139369886660085347e-07 3.000000000000000000e+00
9.034660211810524588e-02 2.846121949502530407e-07 3.000000000000000000e+00
9.202966808760409956e-02 3.823165503543071357e-07 2.999999999999999556e+00
9.374408787662991127e-02 5.203277361685802501e-07 3.000000000000000000e+00
9.549044557518077125e-02 7.202579689203461962e-07 2.999999999999999556e+00
9.726933615426168467e-02 1.018360565006534918e-06 2.999999999999999556e+00
9.908136566858666283e-02 1.477570173932095127e-06 3.000000000000000444e+00
1.009271514630570854e-01 2.210915031730220621e-06 2.999999999999999556e+00
1.028073223830864719e-01 3.414235176340262852e-06 3.000000000000000444e+00
1.047225189888434382e-01 5.419218534272327266e-06 3.000000000000000000e+00
1.066733937734857113e-01 8.798031369717220971e-06 3.000000000000000000e+00
1.086606113854596822e-01 1.452931795692647816e-05 3.000000000000000000e+00
1.106848488549412035e-01 2.425679549579886458e-05 2.999999999999999556e+00
1.127467958244946084e-01 4.073472913083259466e-05 3.000000000000000444e+00
1.148471547840289042e-01 6.862708625354505616e-05 3.000000000000000000e+00
1.169866413101306873e-01 1.156817452892210232e-04 3.000000000000000000e+00
1.191659843098558796e-01 1.945288537582086797e-04 2.999999999999999556e+00
1.213859262690627772e-01 3.253012477067565361e-04 3.000000000000000444e+00
1.236472235053715091e-01 5.401228190696785942e-04 3.000000000000000000e+00
1.259506464258357550e-01 8.902041366068698218e-04 2.999999999999999112e+00
1.282969797894147612e-01 1.456077540266756745e-03 3.000000000000000444e+00
1.306870229743346268e-01 2.363173383942569240e-03 2.999999999999998668e+00
1.331215902504307713e-01 3.804994938641663004e-03 3.000000000000000000e+00
1.356015110565633452e-01 6.077236676938117289e-03 2.999999999999999556e+00
1.381276302832009362e-01 9.627506372613555546e-03 2.999999999999999556e+00
1.407008085602685088e-01 1.512713707500859713e-02 2.999999999999999112e+00
1.433219225503573890e-01 2.357405915943711072e-02 2.999999999999999112e+00
1.459918652473978506e-01 3.643914631520631803e-02 2.999999999999999556e+00
1.487115462808953625e-01 5.587324763754964591e-02 3.000000000000000444e+00
1.514818922258345801e-01 8.499863069403394700e-02 3.000000000000000000e+00
1.543038469183564687e-01 1.283072685752953968e-01 3.000000000000000000e+00
1.571783717773162781e-01 1.922074071527805905e-01 3.000000000000000444e+00
1.601064461318317811e-01 2.857861200234750321e-01 3.000000000000000000e+00
1.630890675549332702e-01 4.218328310667828207e-01 3.000000000000000000e+00
1.661272522034293042e-01 6.181309503522375293e-01 3.000000000000000000e+00
1.692220351641037235e-01 8.992358660770524148e-01 3.000000000000000444e+00
1.723744708063619790e-01 1.298830174668261339e+00 3.000000000000000444e+00
1.755856331414468730e-01 1.862824430505430895e+00 3.000000000000000444e+00
1.788566161883461958e-01 2.653458901237367495e+00 3.000000000000000444e+00
1.821885343465165230e-01 3.754701313322796885e+00 3.000000000000000888e+00
1.855825227755517060e-01 5.278619880884405369e+00 3.000000000000000000e+00
1.890397377819219571e-01 7.373636158610394453e+00 3.000000000000000444e+00
1.925613572129196704e-01 1.023560876593383462e+01 2.999999999999999556e+00
1.961485808579429280e-01 1.412191391423790243e+01 3.000000000000000000e+00
1.998026308572548593e-01 1.936973966572216810e+01 3.000000000000000444e+00
2.035247521183575770e-01 2.641841012714256465e+01 3.000000000000000000e+00
2.073162127401229071e-01 3.582925408548850754e+01 2.999999999999999556e+00
2.111783044448242164e-01 4.831552516343351300e+01 2.999999999999999556e+00
2.151123430182164953e-01 6.477906101879497669e+01 2.999999999999999556e+00
2.191196687578147451e-01 8.635263385136271097e+01 2.999999999999999112e+00
2.232016469295232397e-01 1.144505204799986160e+02 2.999999999999999112e+00
2.273596682327715113e-01 1.508291355587648752e+02 2.999999999999999556e+00
2.315951492743152096e-01 1.976603192132978961e+02 2.999999999999999556e+00
2.359095330508633737e-01 2.576209927239015087e+02 3.000000000000000888e+00
2.403042894406967056e-01 3.340045533420558854e+02 2.999999999999999556e+00
2.447809157044440187e-01 4.308617966848029255e+02 3.000000000000000444e+00
2.493409369951877785e-01 5.531826532142547421e+02 3.000000000000000000e+00
2.539859068780723761e-01 7.070984044547682288e+02 2.999999999999999556e+00
2.587174078595921300e-01 8.998963853735727980e+02 3.000000000000000888e+00
2.635370519267393186e-01 1.140210991713532621e+03 3.000000000000000444e+00
2.684464810961962322e-01 1.438288023939568802e+03 2.999999999999999556e+00
2.734473679737579599e-01 1.806228056246973665e+03 3.000000000000000888e+00
2.785414163241766161e-01 2.258265325667654452e+03 3.000000000000000444e+00
2.837303616516211324e-01 2.811093229981398053e+03 3.000000000000000444e+00
2.890159717909508430e-01 3.484252676810313460e+03 3.000000000000000444e+00
2.944000475100033709e-01 4.300606868731690156e+03 3.000000000000000888e+00
2.998844231231027613e-01 5.286936166929213869e+03 3.000000000000000444e+00
3.054709671159968054e-01 6.474429562318901844e+03 3.000000000000000444e+00
3.111615827824359970e-01 7.898228666583959239e+03 3.000000000000000000e+00
3.169582088726115021e-01 9.598105016069102930e+03 2.999999999999999556e+00
3.228628202536730218e-01 1.161917820582127388e+04 3.000000000000000000e+00
3.288774285825510346e-01 1.401253386908767061e+04 3.000000000000000444e+00
3.350040829913132900e-01 1.683597757257847479e+04 3.000000000000000000e+00
3.412448707852889229e-01 2.015498534580569685e+04 2.999999999999999556e+00
3.476019181541977754e-01 2.404393422357053350e+04 2.999999999999999556e+00
3.540773908965269556e-01 2.858745598644028360e+04 2.999999999999999556e+00
3.606734951574028236e-01 3.387822220163256861e+04 3.000000000000000888e+00
3.673924781802074269e-01 4.001651780857260746e+04 3.000000000000000444e+00
3.742366290721980682e-01 4.711264218426831212e+04 3.000000000000000444e+00
3.812082795843887983e-01 5.528791284345871827e+04 3.000000000000000888e+00
3.883098049059605095e-01 6.467593460778592271e+04 3.000000000000000444e+00
3.955436244734701345e-01 7.542431893276805931e+04 3.000000000000000000e+00
4.029122027951347884e-01 8.769689023038819141e+04 3.000000000000000444e+00
4.104180502904709038e-01 1.016699935863323626e+05 2.999999999999999112e+00
4.180637241455757991e-01 1.175276061761946330e+05 2.999999999999999556e+00
4.258518291843414461e-01 1.354668905312186689e+05 3.000000000000000000e+00
4.337850187558989212e-01 1.557000137720764324e+05 3.000000000000000000e+00
4.418659956385941334e-01 1.784561891489838308e+05 2.999999999999999556e+00
4.500975129608046355e-01 2.039846370517602481e+05 3.000000000000000444e+00
4.584823751389096036e-01 2.325540024342738325e+05 2.999999999999999556e+00
4.670234388327330621e-01 2.644381427357737557e+05 2.999999999999999556e+00
4.757236139187884794e-01 2.999239834689236013e+05 2.999999999999999112e+00
4.845858644816490868e-01 3.393174000065920409e+05 3.000000000000000000e+00
4.936132098237911991e-01 3.829471765150919673e+05 2.999999999999999556e+00
5.028087254942474882e-01 4.311703776412002044e+05 3.000000000000000000e+00
5.121755443364236493e-01 4.843539498632751638e+05 2.999999999999999556e+00
5.217168575554343990e-01 5.428445451633104822e+05 3.000000000000000888e+00
5.314359158053235666e-01 6.069919999098766129e+05 3.000000000000000000e+00
5.413360302965375404e-01 6.771532282857679529e+05 3.000000000000000000e+00
5.514205739240296555e-01 7.536941765539317857e+05 3.000000000000000444e+00
5.616929824163804374e-01 8.369934015288086375e+05 2.999999999999999556e+00
5.721567555063246102e-01 9.274477248839614913e+05 3.000000000000000444e+00
5.828154581230839959e-01 1.025480483461061027e+06 3.000000000000000444e+00
5.936727216069119795e-01 1.131552976472642273e+06 2.999999999999999112e+00
6.047322449462643190e-01 1.246177212819618173e+06 3.000000000000000000e+00
6.159977960380161877e-01 1.369838656092060730e+06 2.999999999999999112e+00
6.274732129711574347e-01 1.502934537871385692e+06 2.999999999999999556e+00
6.391624053343999412e-01 1.645849447285288712e+06 2.999999999999999112e+00
6.510693555481454897e-01 1.798964316103830235e+06 3.000000000000000000e+00
6.631981202212668958e-01 1.962662162249311106e+06 3.000000000000000444e+00
6.755528315331639222e-01 2.137336746253023855e+06 3.000000000000000000e+00
6.881376986415662644e-01 2.323404713381727226e+06 2.999999999999999556e+00
7.009570091165617800e-01 2.521321843057725113e+06 3.000000000000000444e+00
7.140151304013395706e-01 2.731547896256666165e+06 3.000000000000000444e+00
7.273165113001454074e-01 2.954403693500475958e+06 3.000000000000000888e+00
7.408656834939559843e-01 3.190165833803868387e+06 3.000000000000000888e+00
7.546672630843886953e-01 3.439104866086706053e+06 3.000000000000000888e+00
7.687259521663728501e-01 3.701498036335114390e+06 3.000000000000000000e+00
7.830465404301183430e-01 3.977646239880028181e+06 3.000000000000000444e+00
7.976339067929273385e-01 4.267895799104505219e+06 3.000000000000000444e+00
8.124930210614047521e-01 4.572626515015469864e+06 3.000000000000000000e+00
8.276289456246344045e-01 4.892027348818846047e+06 3.000000000000000000e+00
8.430468371788967241e-01 5.226180332960586995e+06 3.000000000000000000e+00
8.587519484845170803e-01 5.575157884597054683e+06 2.999999999999999556e+00
8.747496301554414933e-01 5.939040448558403179e+06 3.000000000000000000e+00
8.910453324821513421e-01 6.317938544898509979e+06 2.999999999999999112e+00
9.076446072885356875e-01 6.712014636237120256e+06 2.999999999999999112e+00
9.245531098233570333e-01 7.121353808624932542e+06 2.999999999999999556e+00
9.417766006869519035e-01 7.545907869810362346e+06 2.999999999999999556e+00
9.593209477938241525e-01 7.985649376181903295e+06 3.000000000000000444e+00
9.771921283717996953e-01 8.440607874277479947e+06 3.000000000000000000e+00
9.953962309984233370e-01 8.910903563769916072e+06 3.000000000000000444e+00
1.013939457675291811e+00 9.396728675924124196e+06 3.000000000000000888e+00
1.032828125941028574e+00 9.897882270262332633e+06 3.000000000000001332e+00
1.052068671023622892e+00 1.041388444554777630e+07 3.000000000000000000e+00
1.071667648032863296e+00 1.094420918657220900e+07 3.000000000000000000e+00
1.091631734193614811e+00 1.148830285813567787e+07 3.000000000000000888e+00
1.111967731120699021e+00 1.204560462876972742e+07 3.000000000000000000e+00
1.132682567136153784e+00 1.261557112840330601e+07 3.000000000000000888e+00
1.153783299629660863e+00 1.319770564322538301e+07 3.000000000000000444e+00
1.175277117462945276e+00 1.379159215416119248e+07 3.000000000000000444e+00
1.197171343418965694e+00 1.439693454191398621e+07 3.000000000000000444e+00
1.219473436696737023e+00 1.501360131865061074e+07 3.000000000000000000e+00
1.242190995452616242e+00 1.564167631316558644e+07 3.000000000000000444e+00
1.265331759388941713e+00 1.628144251115740277e+07 3.000000000000000444e+00
1.288903612390891462e+00 1.693256702237067372e+07 3.000000000000000888e+00
1.312914585212463958e+00 1.759419379362115636e+07 3.000000000000000000e+00
1.337372858212495075e+00 1.826544933423588052e+07 3.000000000000000888e+00
1.362286764141645401e+00 1.894547379843410477e+07 3.000000000000000444e+00
1.387664790981307128e+00 1.963344621548539773e+07 2.999999999999999556e+00
1.413515584835394190e+00 2.032861335147528723e+07 3.000000000000000000e+00
1.439847952876006643e+00 2.103032237630542740e+07 2.999999999999999556e+00
1.466670866343967150e+00 2.173805751794614270e+07 3.000000000000000444e+00
1.493993463605256311e+00 2.245148090859098732e+07 3.000000000000000444e+00
1.521825053264385552e+00 2.317038369588714093e+07 3.000000000000000444e+00
1.550175117335768737e+00 2.389402691507985815e+07 3.000000000000000444e+00
1.579053314474174297e+00 2.462139911460202187e+07 3.000000000000000444e+00
1.608469483265355215e+00 2.535154668084365875e+07 3.000000000000000444e+00
1.638433645577983100e+00 2.608360392378619686e+07 3.000000000000000000e+00
1.668956009978023181e+00 2.681682435589632764e+07 3.000000000000000444e+00
1.700046975206716438e+00 2.755061517056591809e+07 3.000000000000000444e+00
1.731717133723352786e+00 2.828457504178255051e+07 3.000000000000000000e+00
1.763977275314043469e+00 2.901852020704468712e+07 3.000000000000000000e+00
1.796838390767719229e+00 2.975201921718435362e+07 3.000000000000000000e+00
1.830311675620611256e+00 3.048419297729325667e+07 2.999999999999999556e+00
1.864408533970485227e+00 3.121423367428394780e+07 3.000000000000000444e+00
1.899140582361933616e+00 3.194146660747554526e+07 3.000000000000000444e+00
1.934519653744044332e+00 3.266538145003003255e+07 3.000000000000000888e+00
1.970557801501798378e+00 3.338566617448126525e+07 3.000000000000000888e+00
2.007267303562568106e+00 3.410224195570235699e+07 3.000000000000000444e+00
2.044660666579115826e+00 3.481488354616847634e+07 3.000000000000000888e+00
2.082750630190514318e+00 3.552260553778482974e+07 3.000000000000000444e+00
2.121550171362450055e+00 3.622435855051987618e+07 3.000000000000000444e+00
2.161072508808376647e+00 3.691916656578669697e+07 3.000000000000000444e+00
2.201331107493030181e+00 3.760614832928344607e+07 3.000000000000000888e+00
2.242339683219845003e+00 3.828454052293949574e+07 3.000000000000000444e+00
2.284112207303823361e+00 3.895372272559074312e+07 3.000000000000000444e+00
2.326662911331458083e+00 3.961324418779733777e+07 3.000000000000000000e+00
2.370006292009327886e+00 4.026285245926231146e+07 3.000000000000000444e+00
2.414157116103017753e+00 4.090252392966301739e+07 3.000000000000000000e+00
2.459130425468043946e+00 4.153249637787814438e+07 3.000000000000000000e+00
2.504941542174502267e+00 4.215330329808579385e+07 2.999999999999999556e+00
2.551606073727183954e+00 4.276537910535757244e+07 3.000000000000000000e+00
2.599139918382932901e+00 4.336814518355322629e+07 2.999999999999999112e+00
2.647559270567066747e+00 4.396088784315752983e+07 3.000000000000000444e+00
2.696880626390692370e+00 4.454298335592377931e+07 3.000000000000000888e+00
2.747120789270811603e+00 4.511391491270352900e+07 3.000000000000000000e+00
2.798296875655115645e+00 4.567329074914690107e+07 3.000000000000000000e+00
2.850426320853434614e+00 4.622086346208547801e+07 3.000000000000000000e+00
2.903526884977813971e+00 4.675655054863800853e+07 3.000000000000000888e+00
2.957616658993253544e+00 4.728045621451736987e+07 3.000000000000000888e+00
3.012714070881164385e+00 4.779289229226033390e+07 3.000000000000000444e+00
3.068837891917642224e+00 4.829405682606230676e+07 3.000000000000000444e+00
3.126007243068700259e+00 4.878361092469491065e+07 3.000000000000000444e+00
3.184241601504649744e+00 4.926123632902918011e+07 3.000000000000000444e+00
3.243560807235807975e+00 4.972673176864533126e+07 3.000000000000000888e+00
3.303985069871854918e+00 5.018002862506164610e+07 3.000000000000000000e+00
3.365534975507090909e+00 5.062120753849427402e+07 3.000000000000000444e+00
3.428231493733967294e+00 5.105051600340926647e+07 3.000000000000000444e+00
3.492095984787267682e+00 5.146838701530507952e+07 3.000000000000000000e+00
3.557150206821382277e+00 5.187535138817375898e+07 2.999999999999999556e+00
3.623416323323146226e+00 5.227150557538729161e+07 2.999999999999999556e+00
3.690916910662774608e+00 5.265684529868436605e+07 2.999999999999999556e+00
3.759674965785463563e+00 5.303148642574803531e+07 3.000000000000000000e+00
3.829713914046277257e+00 5.339567889394293725e+07 3.000000000000000444e+00
3.901057617190989202e+00 5.374982119745062292e+07 3.000000000000000444e+00
3.973730381485604202e+00 5.409447578724951297e+07 3.000000000000000444e+00
4.047756965997318268e+00 5.443033856344424188e+07 3.000000000000000000e+00
4.123162591029748469e+00 5.475768150049198419e+07 3.000000000000000000e+00
4.199972946715301525e+00 5.507646460329928994e+07 2.999999999999999556e+00
4.278214201767612579e+00 5.538671740859343857e+07 3.000000000000000000e+00
4.357913012397025554e+00 5.568855566896757483e+07 3.000000000000000444e+00
4.439096531392166867e+00 5.598219086362873018e+07 2.999999999999999556e+00
4.521792417370697592e+00 5.626794033399782330e+07 2.999999999999999556e+00
4.606028844202397998e+00 5.654623809176994860e+07 3.000000000000000444e+00
4.691834510607794329e+00 5.681764635774798691e+07 2.999999999999999556e+00
4.779238649935595440e+00 5.708286790323030949e+07 2.999999999999999112e+00
4.868271040122278848e+00 5.734275928246426582e+07 3.000000000000000000e+00
4.958962013837211913e+00 5.759834506538621336e+07 2.999999999999999556e+00
5.051342468816761411e+00 5.785079990495577455e+07 3.000000000000000000e+00
5.145443878390924652e+00 5.810087141423798352e+07 3.000000000000000000e+00
5.241298302206056192e+00 5.834888007782554626e+07 3.000000000000000444e+00
5.338938397147350301e+00 5.859519845169511437e+07 3.000000000000000888e+00
5.438397428464796235e+00 5.884027496590400487e+07 3.000000000000000000e+00
5.539709281106400596e+00 5.908464134870762378e+07 3.000000000000000000e+00
5.642908471262536807e+00 5.932892065910990536e+07 3.000000000000000000e+00
5.748030158125351008e+00 5.957383599343658239e+07 2.999999999999999556e+00
5.855110155867238042e+00 5.982021994273801893e+07 2.999999999999999556e+00
5.964184945842459840e+00 6.006902489125181735e+07 3.000000000000000000e+00
6.075291689016070862e+00 6.032130001602168381e+07 3.000000000000000000e+00
6.188468238624382778e+00 6.057783541207223386e+07 3.000000000000000000e+00
6.303753153071275150e+00 6.083926223109135777e+07 2.999999999999999556e+00
6.421185709064758385e+00 6.110628278796407580e+07 3.000000000000000000e+00
6.540805914998252923e+00 6.137968126402101666e+07 3.000000000000000444e+00
6.662654524581149929e+00 6.166033140826572478e+07 3.000000000000000444e+00
6.786773050723295064e+00 6.194920498722257465e+07 3.000000000000000444e+00
6.913203779678127603e+00 6.224738107568304241e+07 3.000000000000000000e+00
7.041989785449288775e+00 6.255605298495194316e+07 3.000000000000000000e+00
7.173174944465612768e+00 6.287632272935429960e+07 3.000000000000000000e+00
7.306803950529499936e+00 6.320904271253617853e+07 3.000000000000000000e+00
7.442922330043757917e+00 6.355510509653590620e+07 2.999999999999999556e+00
7.581576457522110069e+00 6.391547702087670565e+07 3.000000000000000444e+00
7.722813571388642551e+00 6.429120734272112697e+07 3.000000000000000000e+00
7.866681790071582192e+00 6.468343406210268289e+07 2.999999999999999112e+00
8.013230128396878982e+00 6.509339245931061357e+07 3.000000000000000000e+00
8.162508514287219796e+00 6.552232154204699397e+07 3.000000000000000000e+00
8.314567805772055564e+00 6.597123661146683991e+07 2.999999999999999556e+00
8.469459808314576676e+00 6.644115353557053953e+07 3.000000000000000444e+00
8.627237292461440887e+00 6.693314884406159818e+07 2.999999999999999556e+00
8.787954011821311084e+00 6.744836408186686039e+07 3.000000000000000000e+00
8.951664721378293166e+00 6.798801053014107049e+07 3.000000000000000888e+00
9.118425196146562328e+00 6.855337433011767268e+07 3.000000000000000444e+00
9.288292250172489162e+00 6.914582204897046089e+07 3.000000000000000888e+00
9.461323755890759912e+00 6.976680673108406365e+07 3.000000000000000444e+00
9.637578663841079418e+00 7.041787448291151226e+07 3.000000000000000444e+00
9.817117022752183786e+00 7.110067164490401745e+07 3.000000000000000444e+00
1.000000000000000000e+01 7.181695260999995470e+07 3.000000000000000000e+00
