# Source: PRIMAT compilation, https://doi.org/10.1016/j.physrep.2018.04.005
1.000000000000000021e-03 1.000000000000000008e-35 1.000000000000000000e+02
1.018628990244687619e-03 9.807457841213854995e-36 1.000000000000000000e+02
1.037605019766911670e-03 9.616026866516235271e-36 1.000000000000000995e+02
1.056934553557988335e-03 9.425794513919420324e-36 1.000000000000000000e+02
1.076624177045493267e-03 9.236848457236813368e-36 1.000000000000000000e+02
1.096680598336868600e-03 9.049276490718908735e-36 1.000000000000000000e+02
1.117110650504824203e-03 8.863166411447965565e-36 1.000000000000000000e+02
1.137921293915315117e-03 8.678605899955724622e-36 1.000000000000000000e+02
1.159119618598885779e-03 8.495682399592131471e-36 1.000000000000000000e+02
1.180712846666190276e-03 8.314482995207879427e-36 1.000000000000000995e+02
1.202708334768511989e-03 8.135094291783016125e-36 1.000000000000000995e+02
1.225113576604118949e-03 7.957602293680127076e-36 1.000000000000000995e+02
1.247936205471311460e-03 7.782092285268603436e-36 1.000000000000000000e+02
1.271183996869028896e-03 7.608648713715468872e-36 1.000000000000001990e+02
1.294864871145904933e-03 7.437355074817491946e-36 1.000000000000000995e+02
1.318986896198670470e-03 7.268293802803532774e-36 1.000000000000001990e+02
1.343558290220826226e-03 7.101546165114889913e-36 1.000000000000000995e+02
1.368587424502519176e-03 6.937192163239401838e-36 1.000000000000000995e+02
1.394082826282578647e-03 6.775310440760338668e-36 1.000000000000000995e+02
1.420053181653683095e-03 6.615978199857914939e-36 1.000000000000000995e+02
1.446507338521647217e-03 6.459271127595854136e-36 1.000000000000000995e+02
1.473454309619835756e-03 6.305263333419359251e-36 1.000000000000000995e+02
1.500903275579736594e-03 6.154027299398689742e-36 1.000000000000000995e+02
1.528863588058731147e-03 6.005633844865160828e-36 1.000000000000000000e+02
1.557344772926135207e-03 5.860152107218378263e-36 1.000000000000000995e+02
1.586356533508589657e-03 5.717649540822605006e-36 1.000000000000000995e+02
1.615908753895919101e-03 5.578191936075816871e-36 1.000000000000000995e+02
1.646011502308549748e-03 5.441843460914341393e-36 1.000000000000000995e+02
1.676675034527699143e-03 5.308666727231910141e-36 1.000000000000000995e+02
1.707909797389426916e-03 5.178722884928510443e-36 1.000000000000001990e+02
1.739726432343800767e-03 5.052071746591803476e-36 1.000000000000000000e+02
1.772135779080358372e-03 4.928771946137675101e-36 1.000000000000000995e+02
1.805148879221108154e-03 4.808881135132619662e-36 1.000000000000000995e+02
1.838776980082326793e-03 4.692456220964671273e-36 1.000000000000000000e+02
1.873031538506436536e-03 4.579553651579861316e-36 1.000000000000001990e+02
1.907924224765265072e-03 4.470229752140466695e-36 1.000000000000000995e+02
1.943466926536020246e-03 4.364541119721801208e-36 1.000000000000000995e+02
1.979671752951332481e-03 4.262545083088881838e-36 1.000000000000000995e+02
2.016551038724746607e-03 4.164300235680787299e-36 1.000000000000000000e+02
2.054117348353064112e-03 4.069867051252694126e-36 1.000000000000001990e+02
2.092383480396977150e-03 3.979308593211207932e-36 1.000000000000000995e+02
2.131362471841437810e-03 3.892691330591555280e-36 1.000000000000000995e+02
2.171067602537264923e-03 3.810086075939750395e-36 1.000000000000000995e+02
2.211512399725488933e-03 3.731569063173665252e-36 1.000000000000000000e+02
2.252710642645980484e-03 3.657223186906401133e-36 1.000000000000000000e+02
2.294676367231936100e-03 3.587139428880514760e-36 1.000000000000000995e+02
2.337423870891814758e-03 3.521418502243939571e-36 1.000000000000000995e+02
2.380967717380358135e-03 3.460172750632552157e-36 1.000000000000000000e+02
2.425322741760352948e-03 3.403528346691591753e-36 1.000000000000000000e+02
2.470504055456825433e-03 3.351627844120443251e-36 1.000000000000000000e+02
2.516527051405391836e-03 3.304633149030399271e-36 1.000000000000000995e+02
2.563407409296514835e-03 3.262728990946495308e-36 1.000000000000000000e+02
2.611161100917459583e-03 3.226126991910469172e-36 1.000000000000000000e+02
2.659804395593758260e-03 3.195070454849975576e-36 1.000000000000000995e+02
2.709353865732051433e-03 3.169840020910894529e-36 1.000000000000000000e+02
2.759826392466180594e-03 3.150760381496166261e-36 1.000000000000000995e+02
2.811239171408464344e-03 3.138208276465807128e-36 1.000000000000000000e+02
2.863609718508115885e-03 3.132622068226558799e-36 1.000000000000000000e+02
2.916955876018795853e-03 3.134513256075750343e-36 9.999999999999994316e+01
2.971295818577334054e-03 3.144480391264924550e-36 1.000000000000000000e+02
3.026648059395692196e-03 3.163206538165767147e-36 1.000000000000000995e+02
3.083031456568277075e-03 3.190983835304619399e-36 1.000000000000000000e+02
3.140465219496752208e-03 3.227604466801568546e-36 9.999999999999994316e+01
3.198968915434537586e-03 3.272802322314725999e-36 9.999999999999994316e+01
3.258562476153226226e-03 3.326252960828243259e-36 1.000000000000000000e+02
3.319266204733189573e-03 3.387545335136157369e-36 1.000000000000000995e+02
3.381100782480685445e-03 3.456148990322180049e-36 1.000000000000000000e+02
3.444087275973823411e-03 3.531376460436246529e-36 9.999999999999994316e+01
3.508247144239792347e-03 3.612340863464850106e-36 1.000000000000000000e+02
3.573602246065788347e-03 3.697909122163204497e-36 9.999999999999994316e+01
3.640174847446141400e-03 3.786651859601935405e-36 9.999999999999994316e+01
3.707987629168172684e-03 3.876791875383741187e-36 1.000000000000000000e+02
3.777063694539364597e-03 3.966154235315669430e-36 1.000000000000000000e+02
3.847426577258505898e-03 4.052122417101686068e-36 9.999999999999994316e+01
3.919100249433401899e-03 4.131606621333373911e-36 1.000000000000000995e+02
3.992109129748053209e-03 4.201032190512977895e-36 1.000000000000000995e+02
4.066478091781853925e-03 4.257982800335584135e-36 1.000000000000000000e+02
4.142232472483897525e-03 4.309214155869277063e-36 1.000000000000000000e+02
4.219398080805024202e-03 4.366117587668741772e-36 1.000000000000000995e+02
4.298001206490798497e-03 4.442084996860706253e-36 1.000000000000000995e+02
4.378068629038166758e-03 4.553104652210706896e-36 1.000000000000000995e+02
4.459627626819095622e-03 4.718985354022788169e-36 1.000000000000000995e+02
4.542705986374042521e-03 4.965562907748958540e-36 1.000000000000000995e+02
4.627332011878692967e-03 5.328518555882285511e-36 1.000000000000000995e+02
4.713534534786906725e-03 5.859982219533136921e-36 1.000000000000000995e+02
4.801342923653449841e-03 6.640193430773814832e-36 1.000000000000000000e+02
4.890787094139589959e-03 7.798792438984071258e-36 1.000000000000000000e+02
4.981897519205159656e-03 9.555321043242226416e-36 1.000000000000000000e+02
5.074705239490466188e-03 1.228925885145949257e-35 1.000000000000000000e+02
5.169241873891598608e-03 1.659437700902504480e-35 1.000000000000000000e+02
5.265539630332755246e-03 2.345750856134489855e-35 1.000000000000000000e+02
5.363631316739239652e-03 3.459325939762581529e-35 1.000000000000000995e+02
5.463550352214875498e-03 5.300916244578836107e-35 1.000000000000000995e+02
5.565330778427646403e-03 8.401540220940793974e-35 1.000000000000000000e+02
5.669007271207434327e-03 1.370027572129482674e-34 1.000000000000000000e+02
5.774615152359819509e-03 2.284901959586367298e-34 1.000000000000000000e+02
5.882190401699956099e-03 3.871196800407716329e-34 1.000000000000000000e+02
5.991769669310619169e-03 6.612609017517343793e-34 1.000000000000000000e+02
6.103390288028621123e-03 1.130899681460607386e-33 1.000000000000000995e+02
6.217090286163826779e-03 1.936360672076646537e-33 1.000000000000000000e+02
6.332908400455114321e-03 3.327597418960009214e-33 1.000000000000000000e+02
6.450884089267692675e-03 5.755167884135211648e-33 1.000000000000000000e+02
6.571057546036270826e-03 1.004863864313610765e-32 1.000000000000000000e+02
6.693469712958660493e-03 1.777329235694414326e-32 1.000000000000000000e+02
6.818162294944479437e-03 3.196622365469271883e-32 1.000000000000000995e+02
6.945177773823696388e-03 5.870885162710796038e-32 1.000000000000000000e+02
7.074559422819878297e-03 1.105943747658567738e-31 1.000000000000000995e+02
7.206351321293052656e-03 2.140105261271672926e-31 1.000000000000000000e+02
7.340598369757212090e-03 4.248787496729873138e-31 1.000000000000000000e+02
7.477346305177588227e-03 8.640591184716984482e-31 1.000000000000000000e+02
7.616641716552892058e-03 1.796728335589971918e-30 9.999999999999990052e+01
7.758532060787835978e-03 3.812200653665499345e-30 1.000000000000000995e+02
7.903065678861348128e-03 8.233592649384977189e-30 1.000000000000000000e+02
8.050291812295981564e-03 1.805430694289888655e-29 1.000000000000000995e+02
8.200260619934130954e-03 4.023824511326207930e-29 9.999999999999994316e+01
8.353023195026778799e-03 9.185071204634288682e-29 1.000000000000000995e+02
8.508631582640582489e-03 2.166867372595966648e-28 1.000000000000000995e+02
8.667138797389234081e-03 5.336131895455852691e-28 1.000000000000000995e+02
8.828598841495149604e-03 1.386924204656913184e-27 1.000000000000000000e+02
8.993066723187623582e-03 3.851077689257674333e-27 1.000000000000000000e+02
9.160598475443709407e-03 1.149587425117945187e-26 1.000000000000000000e+02
9.331251175078249249e-03 3.594028285777634211e-26 1.000000000000000000e+02
9.505082962189511861e-03 1.131876445756107806e-25 1.000000000000000000e+02
9.682153059967075343e-03 3.438115429500990353e-25 9.999999999999994316e+01
9.862521794868784469e-03 9.597166315799441910e-25 9.999999999999994316e+01
1.004625061717340749e-02 2.333871654455480069e-24 9.999999999999994316e+01
1.023340212191641702e-02 4.808372962795372687e-24 9.999999999999994316e+01
1.042404007021556327e-02 8.663079892216709858e-24 9.999999999999990052e+01
1.061822941099384125e-02 1.425311476378475454e-23 9.999999999999994316e+01
1.081603630310709954e-02 2.248481784224946116e-23 9.999999999999984368e+01
1.101752813788386791e-02 3.592090227126704960e-23 1.000000000000000995e+02
1.122277356208507652e-02 6.074139938927107665e-23 1.000000000000000000e+02
1.143184250129149725e-02 1.082536368790929295e-22 9.999999999999994316e+01
1.164480618372686072e-02 2.001982225963752365e-22 9.999999999999990052e+01
1.186173716452478509e-02 3.775138134273619125e-22 1.000000000000000000e+02
1.208270935044776506e-02 7.119381564728322363e-22 9.999999999999990052e+01
1.230779802506665188e-02 1.328473260955581214e-21 1.000000000000000000e+02
1.253707987440920262e-02 2.462369889070873270e-21 9.999999999999994316e+01
1.277063301308643990e-02 4.559067691498265806e-21 1.000000000000000000e+02
1.300853701090571267e-02 8.484979717546500169e-21 9.999999999999994316e+01
1.325087291997953214e-02 1.595803288719803910e-20 1.000000000000000000e+02
1.349772330233941706e-02 3.031483455162856179e-20 1.000000000000000000e+02
1.374917225806419029e-02 5.804990874904497419e-20 9.999999999999994316e+01
1.400530545393219653e-02 1.117985880036746064e-19 1.000000000000000000e+02
1.426621015260736910e-02 2.161237585324199972e-19 1.000000000000000000e+02
1.453197524236895383e-02 4.193438719811823905e-19 9.999999999999994316e+01
1.480269126739508674e-02 8.170232957335447804e-19 1.000000000000000000e+02
1.507845045861051086e-02 1.599246181266148045e-18 9.999999999999994316e+01
1.535934676510897039e-02 3.145709471389711066e-18 1.000000000000000995e+02
1.564547588616095955e-02 6.215875449595632129e-18 1.000000000000000995e+02
1.593693530381774456e-02 1.233342901735201932e-17 1.000000000000000000e+02
1.623382431612278159e-02 2.456246831705575362e-17 1.000000000000000000e+02
1.653624407094180307e-02 4.908203473308659344e-17 1.000000000000000000e+02
1.684429760042315330e-02 9.838096724046394279e-17 9.999999999999994316e+01
1.715808985610004986e-02 1.977450026992490538e-16 1.000000000000000995e+02
1.747772774464680795e-02 3.984424385370950960e-16 1.000000000000000000e+02
1.780332016430113962e-02 8.045305047598872942e-16 1.000000000000000000e+02
1.813497804196495186e-02 1.627342189535732020e-15 1.000000000000000000e+02
1.847281437099634188e-02 3.296241076649289932e-15 1.000000000000000000e+02
1.881694424970555696e-02 6.683640058816254124e-15 1.000000000000000000e+02
1.916748492056815148e-02 1.356142439597297096e-14 1.000000000000000000e+02
1.952455581016860828e-02 2.752534127541686000e-14 1.000000000000000000e+02
1.988827856988809734e-02 5.586308109530900899e-14 1.000000000000000995e+02
2.025877711735016989e-02 1.133179354342817015e-13 1.000000000000000995e+02
2.063617767863858837e-02 2.296181715931898444e-13 1.000000000000000000e+02
2.102060883130158278e-02 4.644623932295537414e-13 1.000000000000000000e+02
2.141220154815729262e-02 9.371614126917871815e-13 1.000000000000000000e+02
2.181108924191518805e-02 1.884776868624674849e-12 1.000000000000000995e+02
2.221740781062883641e-02 3.775091970249334682e-12 1.000000000000000000e+02
2.263129568399528321e-02 7.523752793995975890e-12 1.000000000000000000e+02
2.305289387051707301e-02 1.490644085132154920e-11 1.000000000000000000e+02
2.348234600554275145e-02 2.933008718934780948e-11 1.000000000000000000e+02
2.391979840020238418e-02 5.725233463985722575e-11 1.000000000000000000e+02
2.436540009125464853e-02 1.107453645476613988e-10 9.999999999999990052e+01
2.481930289186254010e-02 2.120276404786363241e-10 1.000000000000000000e+02
2.528166144331499277e-02 4.012924814980788398e-10 1.000000000000000000e+02
2.575263326771199887e-02 7.502664010355709064e-10 9.999999999999994316e+01
2.623237882163122203e-02 1.385251089561531249e-09 1.000000000000000000e+02
2.672106155079433804e-02 2.525194858487952492e-09 9.999999999999994316e+01
2.721884794575178332e-02 4.543910063345463472e-09 9.999999999999990052e+01
2.772590759860482645e-02 8.069947030183888493e-09 9.999999999999990052e+01
2.824241326078434297e-02 1.414427804844270933e-08 9.999999999999994316e+01
2.876854090190592711e-02 2.446534005025906741e-08 9.999999999999990052e+01
2.930446976972142861e-02 4.176424587408955324e-08 9.999999999999984368e+01
2.985038245118730796e-02 7.037171932554327242e-08 9.999999999999994316e+01
3.040646493467067182e-02 1.170389254473478375e-07 9.999999999999994316e+01
3.097290667331408301e-02 1.917343180937062262e-07 9.999999999999990052e+01
3.154990064958086704e-02 3.083279016011075898e-07 9.999999999999994316e+01
3.213764344100276948e-02 4.848811311919416476e-07 9.999999999999994316e+01
3.273633528715245988e-02 7.426570968689766146e-07 9.999999999999994316e+01
3.334618015786364187e-02 1.102904279129230566e-06 9.999999999999994316e+01
3.396738582272208068e-02 1.580459223416440935e-06 1.000000000000000000e+02
3.460016392185108480e-02 2.173933687884064347e-06 1.000000000000000000e+02
3.524473003801584237e-02 2.854025500651705749e-06 1.000000000000000000e+02
3.590130377007068330e-02 3.554227433362052040e-06 1.000000000000000000e+02
3.657010880777489259e-02 4.170784152711017299e-06 9.999999999999994316e+01
3.725137300800209633e-02 4.578800393774431366e-06 1.000000000000000000e+02
3.794532847236938011e-02 4.666320933804667881e-06 1.000000000000000000e+02
3.865221162631261864e-02 4.377718350823137616e-06 9.999999999999994316e+01
3.937226329963479377e-02 3.746698088666330226e-06 1.000000000000000000e+02
4.010572880855495931e-02 2.897049143209630522e-06 1.000000000000000000e+02
4.085285803928561527e-02 2.013747179306744115e-06 1.000000000000000995e+02
4.161390553316707264e-02 1.270499438251499144e-06 9.999999999999994316e+01
4.238913057338778573e-02 7.374975566541736647e-07 1.000000000000000000e+02
4.317879727332021161e-02 4.000226259456420324e-07 1.000000000000000000e+02
4.398317466650223523e-02 2.063295971439089283e-07 1.000000000000000000e+02
4.480253679829489938e-02 1.032224085578665073e-07 1.000000000000000000e+02
4.563716281924758839e-02 5.120947632479594666e-08 9.999999999999994316e+01
4.648733708020256344e-02 2.582550945550505811e-08 1.000000000000000000e+02
4.735334922917116413e-02 1.360967337062198494e-08 1.000000000000000995e+02
4.823549431001467047e-02 7.727524240869727139e-09 1.000000000000000000e+02
4.913407286296361809e-02 4.890334606907074980e-09 1.000000000000000000e+02
5.004939102700953213e-02 3.580805526289608060e-09 1.000000000000000000e+02
5.098176064420424647e-02 3.126201074140068981e-09 1.000000000000000000e+02
5.193149936590212012e-02 3.234327426855890901e-09 1.000000000000000995e+02
5.289893076098151070e-02 3.902185073333238331e-09 1.000000000000000995e+02
5.388438442608223938e-02 5.389334444740387183e-09 1.000000000000000000e+02
5.488819609789671872e-02 8.341441054181337630e-09 1.000000000000000000e+02
5.591070776755290017e-02 1.412313887569420900e-08 1.000000000000000000e+02
5.695226779712821846e-02 2.545282299762348314e-08 1.000000000000000000e+02
5.801323103833375128e-02 4.734758498721803948e-08 1.000000000000000995e+02
5.909395895340967958e-02 8.783166004751022302e-08 1.000000000000000000e+02
6.019481973827271043e-02 1.563552978612949090e-07 9.999999999999990052e+01
6.131618844795772016e-02 2.595015743060126285e-07 9.999999999999994316e+01
6.245844712439614643e-02 4.023704074197912391e-07 1.000000000000000000e+02
6.362198492657485105e-02 5.873732369443131830e-07 9.999999999999994316e+01
6.480719826311967524e-02 8.144233801554874973e-07 9.999999999999994316e+01
6.601449092734885948e-02 1.083490722845006310e-06 9.999999999999990052e+01
6.724427423484245769e-02 1.399009511558454068e-06 1.000000000000000000e+02
6.849696716357443760e-02 1.776060576246171658e-06 1.000000000000000000e+02
6.977299649665534564e-02 2.249310332642213183e-06 1.000000000000000000e+02
7.107279696773415034e-02 2.882701885518135884e-06 9.999999999999994316e+01
7.239681140910873836e-02 3.746253033650293679e-06 9.999999999999994316e+01
7.374549090259549522e-02 4.918347585231838973e-06 1.000000000000000000e+02
7.511929493320965157e-02 6.495787698240464794e-06 1.000000000000000000e+02
7.651869154570821452e-02 8.589747090323656832e-06 1.000000000000000000e+02
7.794415750404946885e-02 1.131286052666307761e-05 1.000000000000000000e+02
7.939617845382279659e-02 1.475226943383464399e-05 1.000000000000000000e+02
8.087524908770453436e-02 1.892697531992264181e-05 1.000000000000000995e+02
8.238187331399605962e-02 2.378343422907771906e-05 9.999999999999994316e+01
8.391656442830157381e-02 2.918538740916497203e-05 1.000000000000000995e+02
8.547984528840409102e-02 3.486588645870866926e-05 1.000000000000000000e+02
8.707224849239916797e-02 4.041272493280300798e-05 1.000000000000000000e+02
8.869431656014709064e-02 4.528340870408598931e-05 1.000000000000000000e+02
9.034660211810524588e-02 4.886216703726530014e-05 1.000000000000000995e+02
9.202966808760409956e-02 5.083632502379256750e-05 9.999999999999994316e+01
9.374408787662991127e-02 5.170785708046537452e-05 1.000000000000000000e+02
9.549044557518077125e-02 5.231166137286072794e-05 9.999999999999994316e+01
9.726933615426168467e-02 5.366165049623287464e-05 1.000000000000000000e+02
9.908136566858666283e-02 5.702601220865223341e-05 1.000000000000000000e+02
1.009271514630570854e-01 6.424084759218850105e-05 9.999999999999994316e+01
1.028073223830864719e-01 7.714214824367418674e-05 1.000000000000000995e+02
1.047225189888434382e-01 9.732320633088525539e-05 1.000000000000000995e+02
1.066733937734857113e-01 1.267859714171909360e-04 1.000000000000000000e+02
1.086606113854596822e-01 1.672673372446566761e-04 1.000000000000000000e+02
1.106848488549412035e-01 2.187089311767532660e-04 1.000000000000000000e+02
1.127467958244946084e-01 2.798343793807316006e-04 1.000000000000000000e+02
1.148471547840289042e-01 3.516707675632241336e-04 9.999999999999994316e+01
1.169866413101306873e-01 4.366141750351273335e-04 1.000000000000000000e+02
1.191659843098558796e-01 5.390536646968773502e-04 9.999999999999990052e+01
1.213859262690627772e-01 6.664325389434058592e-04 9.999999999999994316e+01
1.236472235053715091e-01 8.267346883521834973e-04 9.999999999999990052e+01
1.259506464258357550e-01 1.027097585229736236e-03 9.999999999999984368e+01
1.282969797894147612e-01 1.274974750805664501e-03 1.000000000000000000e+02
1.306870229743346268e-01 1.577382562423965909e-03 9.999999999999990052e+01
1.331215902504307713e-01 1.940918645727901298e-03 1.000000000000000000e+02
1.356015110565633452e-01 2.372820021239866514e-03 9.999999999999990052e+01
1.381276302832009362e-01 2.879269355426579934e-03 9.999999999999994316e+01
1.407008085602685088e-01 3.464232885241926886e-03 9.999999999999990052e+01
1.433219225503573890e-01 4.136065551574984872e-03 9.999999999999984368e+01
1.459918652473978506e-01 4.922741504435790456e-03 9.999999999999990052e+01
1.487115462808953625e-01 5.873059386780767922e-03 1.000000000000000000e+02
1.514818922258345801e-01 7.065191519761761588e-03 9.999999999999990052e+01
1.543038469183564687e-01 8.580627627164841287e-03 9.999999999999994316e+01
1.571783717773162781e-01 1.048194164090550211e-02 1.000000000000000000e+02
1.601064461318317811e-01 1.282346848048107439e-02 1.000000000000000000e+02
1.630890675549332702e-01 1.565049769688584697e-02 9.999999999999994316e+01
1.661272522034293042e-01 1.904163460768575414e-02 1.000000000000000000e+02
1.692220351641037235e-01 2.309736964011445404e-02 1.000000000000000000e+02
1.723744708063619790e-01 2.793468657191102572e-02 1.000000000000000000e+02
1.755856331414468730e-01 3.369007450308927898e-02 1.000000000000000000e+02
1.788566161883461958e-01 4.052335257856142653e-02 1.000000000000000000e+02
1.821885343465165230e-01 4.862262334382234236e-02 1.000000000000000000e+02
1.855825227755517060e-01 5.821111288810264239e-02 1.000000000000000000e+02
1.890397377819219571e-01 6.955593810379719077e-02 1.000000000000000995e+02
1.925613572129196704e-01 8.297951107863708875e-02 1.000000000000000995e+02
1.961485808579429280e-01 9.887500666563593665e-02 1.000000000000000000e+02
1.998026308572548593e-01 1.177272272599233921e-01 1.000000000000000995e+02
2.035247521183575770e-01 1.401280048371673914e-01 1.000000000000000000e+02
2.073162127401229071e-01 1.667419603174410681e-01 1.000000000000000000e+02
2.111783044448242164e-01 1.983343455355782436e-01 1.000000000000000000e+02
2.151123430182164953e-01 2.358002379808053772e-01 9.999999999999994316e+01
2.191196687578147451e-01 2.801839332830572404e-01 9.999999999999994316e+01
2.232016469295232397e-01 3.327005352000243499e-01 1.000000000000000000e+02
2.273596682327715113e-01 3.947598164654452790e-01 1.000000000000000000e+02
2.315951492743152096e-01 4.679923738599442440e-01 1.000000000000000995e+02
2.359095330508633737e-01 5.542780382649548088e-01 1.000000000000000995e+02
2.403042894406967056e-01 6.557764219940587225e-01 9.999999999999994316e+01
2.447809157044440187e-01 7.749593905467075938e-01 1.000000000000000000e+02
2.493409369951877785e-01 9.146451340915774386e-01 1.000000000000000000e+02
2.539859068780723761e-01 1.078044181150520364e+00 9.999999999999990052e+01
2.587174078595921300e-01 1.268874106882353692e+00 1.000000000000000995e+02
2.635370519267393186e-01 1.491423427351089792e+00 9.999999999999994316e+01
2.684464810961962322e-01 1.750619386376134790e+00 9.999999999999990052e+01
2.734473679737579599e-01 2.052129704475580407e+00 1.000000000000000995e+02
2.785414163241766161e-01 2.402485752613024772e+00 1.000000000000000000e+02
2.837303616516211324e-01 2.809233131881815559e+00 1.000000000000000000e+02
2.890159717909508430e-01 3.281117563016883842e+00 1.000000000000000000e+02
2.944000475100033709e-01 3.828316474306811212e+00 1.000000000000000000e+02
2.998844231231027613e-01 4.462729974721135306e+00 9.999999999999994316e+01
3.054709671159968054e-01 5.198153791164874526e+00 9.999999999999994316e+01
3.111615827824359970e-01 6.049794308747325822e+00 9.999999999999994316e+01
3.169582088726115021e-01 7.034695189103069346e+00 9.999999999999994316e+01
3.228628202536730218e-01 8.172106837700425785e+00 9.999999999999994316e+01
3.288774285825510346e-01 9.483717117408545505e+00 1.000000000000000000e+02
3.350040829913132900e-01 1.099389830176540706e+01 9.999999999999994316e+01
3.412448707852889229e-01 1.272997114257024975e+01 1.000000000000000000e+02
3.476019181541977754e-01 1.472248740297211356e+01 1.000000000000000000e+02
3.540773908965269556e-01 1.700559777960761920e+01 9.999999999999994316e+01
3.606734951574028236e-01 1.961839621302653924e+01 1.000000000000000995e+02
3.673924781802074269e-01 2.260590342122461038e+01 1.000000000000000995e+02
3.742366290721980682e-01 2.601961041590201162e+01 1.000000000000000995e+02
3.812082795843887983e-01 2.991867500887413556e+01 1.000000000000000995e+02
3.883098049059605095e-01 3.437144149137157001e+01 1.000000000000000995e+02
3.955436244734701345e-01 3.945736442327663696e+01 1.000000000000000995e+02
4.029122027951347884e-01 4.526930314475805517e+01 1.000000000000000995e+02
4.104180502904709038e-01 5.190931664910691268e+01 9.999999999999994316e+01
4.180637241455757991e-01 5.948323892093242904e+01 1.000000000000000000e+02
4.258518291843414461e-01 6.810586714354708704e+01 1.000000000000000995e+02
4.337850187558989212e-01 7.790113852645959014e+01 1.000000000000000000e+02
4.418659956385941334e-01 8.900140789598688684e+01 1.000000000000000000e+02
4.500975129608046355e-01 1.015461939112086611e+02 1.000000000000000995e+02
4.584823751389096036e-01 1.156864303883278637e+02 1.000000000000000000e+02
4.670234388327330621e-01 1.316076095538396942e+02 9.999999999999994316e+01
4.757236139187884794e-01 1.495264304818992969e+02 9.999999999999994316e+01
4.845858644816490868e-01 1.696927149442230700e+02 1.000000000000000000e+02
4.936132098237911991e-01 1.923972735816882107e+02 1.000000000000000000e+02
5.028087254942474882e-01 2.179817473054090158e+02 1.000000000000000000e+02
5.121755443364236493e-01 2.468240464038379116e+02 1.000000000000000000e+02
5.217168575554343990e-01 2.793105423654060360e+02 1.000000000000000000e+02
5.314359158053235666e-01 3.158634784913606381e+02 1.000000000000000000e+02
5.413360302965375404e-01 3.569474859158027584e+02 1.000000000000000000e+02
5.514205739240296555e-01 4.030730311778174269e+02 9.999999999999994316e+01
5.616929824163804374e-01 4.548001325562142370e+02 9.999999999999994316e+01
5.721567555063246102e-01 5.127424031032003313e+02 1.000000000000000000e+02
5.828154581230839959e-01 5.775714998005773850e+02 1.000000000000000000e+02
5.936727216069119795e-01 6.500220858852331958e+02 9.999999999999994316e+01
6.047322449462643190e-01 7.308974599169345083e+02 1.000000000000000000e+02
6.159977960380161877e-01 8.210764545460164072e+02 9.999999999999990052e+01
6.274732129711574347e-01 9.215214329047691990e+02 9.999999999999994316e+01
6.391624053343999412e-01 1.033287128564893464e+03 9.999999999999994316e+01
6.510693555481454897e-01 1.157531620740340941e+03 1.000000000000000000e+02
6.631981202212668958e-01 1.295529695219219548e+03 9.999999999999994316e+01
6.755528315331639222e-01 1.448689212699003747e+03 9.999999999999994316e+01
6.881376986415662644e-01 1.618571295248289744e+03 9.999999999999990052e+01
7.009570091165617800e-01 1.806915335790068866e+03 1.000000000000000995e+02
7.140151304013395706e-01 2.015630517630983604e+03 1.000000000000000000e+02
7.273165113001454074e-01 2.246705478639142711e+03 1.000000000000000995e+02
7.408656834939559843e-01 2.502276242096324950e+03 1.000000000000000995e+02
7.546672630843886953e-01 2.784660944774968357e+03 1.000000000000001990e+02
7.687259521663728501e-01 3.096378137445527500e+03 1.000000000000000995e+02
7.830465404301183430e-01 3.440168788112659968e+03 1.000000000000000995e+02
7.976339067929273385e-01 3.819023011893159946e+03 1.000000000000000995e+02
8.124930210614047521e-01 4.236197213471719806e+03 1.000000000000000995e+02
8.276289456246344045e-01 4.695145450864761187e+03 9.999999999999994316e+01
8.430468371788967241e-01 5.199565063038376138e+03 1.000000000000000000e+02
8.587519484845170803e-01 5.753457118955544502e+03 9.999999999999994316e+01
8.747496301554414933e-01 6.361162439031034410e+03 1.000000000000000000e+02
8.910453324821513421e-01 7.027405964759850576e+03 9.999999999999994316e+01
9.076446072885356875e-01 7.757346221736687767e+03 9.999999999999990052e+01
9.245531098233570333e-01 8.556467860322620254e+03 9.999999999999990052e+01
9.417766006869519035e-01 9.430523650619308683e+03 9.999999999999994316e+01
9.593209477938241525e-01 1.038570172492355232e+04 1.000000000000000000e+02
9.771921283717996953e-01 1.142868705274201420e+04 1.000000000000000000e+02
9.953962309984233370e-01 1.256672784779045469e+04 9.999999999999994316e+01
1.013939457675291811e+00 1.380766582500579534e+04 1.000000000000000995e+02
1.032828125941028574e+00 1.515954851781851357e+04 1.000000000000000000e+02
1.052068671023622892e+00 1.663070165821255068e+04 1.000000000000000000e+02
1.071667648032863296e+00 1.822994329022212332e+04 1.000000000000000000e+02
1.091631734193614811e+00 1.996662663872374833e+04 1.000000000000000995e+02
1.111967731120699021e+00 2.185069309692198294e+04 1.000000000000000000e+02
1.132682567136153784e+00 2.389274050508282016e+04 1.000000000000000995e+02
1.153783299629660863e+00 2.610411090324512406e+04 1.000000000000000995e+02
1.175277117462945276e+00 2.849700280778311208e+04 1.000000000000000995e+02
1.197171343418965694e+00 3.108461409316379650e+04 1.000000000000000995e+02
1.219473436696737023e+00 3.388132279799410026e+04 1.000000000000000000e+02
1.242190995452616242e+00 3.690291467544864281e+04 1.000000000000000000e+02
1.265331759388941713e+00 4.016673144517915352e+04 1.000000000000000995e+02
1.288903612390891462e+00 4.369028018425263144e+04 1.000000000000000995e+02
1.312914585212463958e+00 4.749128484408980148e+04 1.000000000000000995e+02
1.337372858212495075e+00 5.158865101833774679e+04 1.000000000000000000e+02
1.362286764141645401e+00 5.600265667901773122e+04 1.000000000000000995e+02
1.387664790981307128e+00 6.075517165962143190e+04 9.999999999999994316e+01
1.413515584835394190e+00 6.586993294630803575e+04 1.000000000000000000e+02
1.439847952876006643e+00 7.137288832290928985e+04 1.000000000000000000e+02
1.466670866343967150e+00 7.729262344673456391e+04 1.000000000000000000e+02
1.493993463605256311e+00 8.366089054709460470e+04 1.000000000000000000e+02
1.521825053264385552e+00 9.051217434614599915e+04 1.000000000000000995e+02
1.550175117335768737e+00 9.787565120897484303e+04 1.000000000000000995e+02
1.579053314474174297e+00 1.057763372253609414e+05 1.000000000000000995e+02
1.608469483265355215e+00 1.142377193007109308e+05 1.000000000000000995e+02
1.638433645577983100e+00 1.232811099890757469e+05 1.000000000000000995e+02
1.668956009978023181e+00 1.329248765928875364e+05 1.000000000000000000e+02
1.700046975206716438e+00 1.431835598430020618e+05 1.000000000000000995e+02
1.731717133723352786e+00 1.540668787136883766e+05 1.000000000000000000e+02
1.763977275314043469e+00 1.655790438290335878e+05 9.999999999999994316e+01
1.796838390767719229e+00 1.777325040922208282e+05 1.000000000000000000e+02
1.830311675620611256e+00 1.905577519697044336e+05 9.999999999999994316e+01
1.864408533970485227e+00 2.040926425839465810e+05 1.000000000000000000e+02
1.899140582361933616e+00 2.183834670332328533e+05 1.000000000000000000e+02
1.934519653744044332e+00 2.334873159912430856e+05 1.000000000000000000e+02
1.970557801501798378e+00 2.494749343645827903e+05 1.000000000000000995e+02
2.007267303562568106e+00 2.664340868684456218e+05 1.000000000000000000e+02
2.044660666579115826e+00 2.844529847450897796e+05 1.000000000000000000e+02
2.082750630190514318e+00 3.035866014902066090e+05 1.000000000000000000e+02
2.121550171362450055e+00 3.238845803528234246e+05 1.000000000000000995e+02
2.161072508808376647e+00 3.453962379070440657e+05 1.000000000000000000e+02
2.201331107493030181e+00 3.681702163764552679e+05 9.999999999999994316e+01
2.242339683219845003e+00 3.922541110485807294e+05 1.000000000000000000e+02
2.284112207303823361e+00 4.176940767988277948e+05 1.000000000000000000e+02
2.326662911331458083e+00 4.445344191003292799e+05 9.999999999999994316e+01
2.370006292009327886e+00 4.728171764081700821e+05 1.000000000000000000e+02
2.414157116103017753e+00 5.025817024663822376e+05 1.000000000000000000e+02
2.459130425468043946e+00 5.338642588816505158e+05 9.999999999999994316e+01
2.504941542174502267e+00 5.666976328237446724e+05 1.000000000000000000e+02
2.551606073727183954e+00 6.011139207819937728e+05 1.000000000000000000e+02
2.599139918382932901e+00 6.371521686530633597e+05 1.000000000000000000e+02
2.647559270567066747e+00 6.748539371360596269e+05 1.000000000000000000e+02
2.696880626390692370e+00 7.142628703533102525e+05 1.000000000000000000e+02
2.747120789270811603e+00 7.554259130473291734e+05 1.000000000000000000e+02
2.798296875655115645e+00 7.983948294647125294e+05 1.000000000000000000e+02
2.850426320853434614e+00 8.432280694067225559e+05 1.000000000000000000e+02
2.903526884977813971e+00 8.899930331077274168e+05 1.000000000000000995e+02
2.957616658993253544e+00 9.387687943473755149e+05 1.000000000000000000e+02
3.012714070881164385e+00 9.896491972763602389e+05 1.000000000000000000e+02
3.068837891917642224e+00 1.042721764790080604e+06 1.000000000000000000e+02
3.126007243068700259e+00 1.098033197224548552e+06 1.000000000000000995e+02
3.184241601504649744e+00 1.155623126932793763e+06 1.000000000000000000e+02
3.243560807235807975e+00 1.215530049472547602e+06 1.000000000000000995e+02
3.303985069871854918e+00 1.277792058380706701e+06 1.000000000000000000e+02
3.365534975507090909e+00 1.342447821850466076e+06 1.000000000000000000e+02
3.428231493733967294e+00 1.409537838125514565e+06 1.000000000000000000e+02
3.492095984787267682e+00 1.479106010016551008e+06 1.000000000000000000e+02
3.557150206821382277e+00 1.551198765414622147e+06 1.000000000000000000e+02
3.623416323323146226e+00 1.625851754853942897e+06 1.000000000000000000e+02
3.690916910662774608e+00 1.703097870726891793e+06 1.000000000000000000e+02
3.759674965785463563e+00 1.782974184017536230e+06 1.000000000000000995e+02
3.829713914046277257e+00 1.865524263335364871e+06 1.000000000000001990e+02
3.901057617190989202e+00 1.950800949281105073e+06 1.000000000000000995e+02
3.973730381485604202e+00 2.038869649770427495e+06 1.000000000000000995e+02
4.047756965997318268e+00 2.129807876223843079e+06 1.000000000000000000e+02
4.123162591029748469e+00 2.223653684729188681e+06 1.000000000000000000e+02
4.199972946715301525e+00 2.320409010386910755e+06 1.000000000000000000e+02
4.278214201767612579e+00 2.420072712473526131e+06 1.000000000000000000e+02
4.357913012397025554e+00 2.522642687682864722e+06 1.000000000000000000e+02
4.439096531392166867e+00 2.628117646214852575e+06 1.000000000000000000e+02
4.521792417370697592e+00 2.736499285789294634e+06 1.000000000000000000e+02
4.606028844202397998e+00 2.847794909363364801e+06 1.000000000000000000e+02
4.691834510607794329e+00 2.962020536124102306e+06 9.999999999999994316e+01
4.779238649935595440e+00 3.079204559983213432e+06 9.999999999999994316e+01
4.868271040122278848e+00 3.199392015683747362e+06 9.999999999999994316e+01
4.958962013837211913e+00 3.322649520207907073e+06 9.999999999999994316e+01
5.051342468816761411e+00 3.449066518564891536e+06 1.000000000000000000e+02
5.145443878390924652e+00 3.578679134709200356e+06 1.000000000000000000e+02
5.241298302206056192e+00 3.711460865637252573e+06 9.999999999999994316e+01
5.338938397147350301e+00 3.847383250548797194e+06 1.000000000000000995e+02
5.438397428464796235e+00 3.986420377872381825e+06 1.000000000000000000e+02
5.539709281106400596e+00 4.128551648488340434e+06 1.000000000000000000e+02
5.642908471262536807e+00 4.273765029361473396e+06 1.000000000000000000e+02
5.748030158125351008e+00 4.422060847137461416e+06 1.000000000000000000e+02
5.855110155867238042e+00 4.573456175922451541e+06 9.999999999999994316e+01
5.964184945842459840e+00 4.727989879435678013e+06 1.000000000000000000e+02
6.075291689016070862e+00 4.885720720152494498e+06 1.000000000000000000e+02
6.188468238624382778e+00 5.046648173771712929e+06 1.000000000000000995e+02
6.303753153071275150e+00 5.210727329714905471e+06 9.999999999999994316e+01
6.421185709064758385e+00 5.377918994024864398e+06 1.000000000000000995e+02
6.540805914998252923e+00 5.548194006033152342e+06 1.000000000000000995e+02
6.662654524581149929e+00 5.721537303113933653e+06 1.000000000000000000e+02
6.786773050723295064e+00 5.897952582619526424e+06 1.000000000000000000e+02
6.913203779678127603e+00 6.077467618251401931e+06 1.000000000000000000e+02
7.041989785449288775e+00 6.260139396518733352e+06 1.000000000000000995e+02
7.173174944465612768e+00 6.446000517266732641e+06 1.000000000000000995e+02
7.306803950529499936e+00 6.635010918550565839e+06 1.000000000000000995e+02
7.442922330043757917e+00 6.827133812400363386e+06 1.000000000000000995e+02
7.581576457522110069e+00 7.022347507810623385e+06 1.000000000000000995e+02
7.722813571388642551e+00 7.220650108312777244e+06 1.000000000000000995e+02
7.866681790071582192e+00 7.422064845168537460e+06 1.000000000000000000e+02
8.013230128396878982e+00 7.626646086182218976e+06 1.000000000000000000e+02
8.162508514287219796e+00 7.834446231179301627e+06 1.000000000000000000e+02
8.314567805772055564e+00 8.045425195523601025e+06 1.000000000000000995e+02
8.469459808314576676e+00 8.259532175560719334e+06 1.000000000000000995e+02
8.627237292461440887e+00 8.476730496177367866e+06 1.000000000000000000e+02
8.787954011821311084e+00 8.697002077099701390e+06 1.000000000000000000e+02
8.951664721378293166e+00 8.920352492901518941e+06 1.000000000000000995e+02
9.118425196146562328e+00 9.146816681611727923e+06 1.000000000000000000e+02
9.288292250172489162e+00 9.376465363755416125e+06 1.000000000000000995e+02
9.461323755890759912e+00 9.609412242553619668e+06 1.000000000000000000e+02
9.637578663841079418e+00 9.845822067404588684e+06 1.000000000000000000e+02
9.817117022752183786e+00 1.008591965736320801e+07 1.000000000000000000e+02
1.000000000000000000e+01 1.033000000000000373e+07 1.000000000000000000e+02
