# Source: PRIMAT compilation, https://doi.org/10.1016/j.physrep.2018.04.005
1.000000000000000021e-03 1.000000000000000008e-35 1.000000000000000000e+02
1.018628990244687619e-03 9.796237729528881062e-36 1.000000000000000000e+02
1.037605019766911670e-03 9.593883592887476687e-36 1.000000000000000995e+02
1.056934553557988335e-03 9.393030157435877641e-36 1.000000000000000000e+02
1.076624177045493267e-03 9.193769841076924583e-36 1.000000000000000000e+02
1.096680598336868600e-03 8.996194777620013082e-36 1.000000000000000000e+02
1.117110650504824203e-03 8.800396680458624566e-36 1.000000000000000000e+02
1.137921293915315117e-03 8.606466705119734074e-36 1.000000000000000000e+02
1.159119618598885779e-03 8.414495311310294563e-36 1.000000000000000000e+02
1.180712846666190276e-03 8.224572125124641691e-36 1.000000000000000995e+02
1.202708334768511989e-03 8.036785802141627237e-36 1.000000000000000995e+02
1.225113576604118949e-03 7.851223892189585749e-36 1.000000000000000995e+02
1.247936205471311460e-03 7.667972706617738434e-36 1.000000000000000000e+02
1.271183996869028896e-03 7.487117188969999783e-36 1.000000000000001990e+02
1.294864871145904933e-03 7.308740790023220545e-36 1.000000000000000995e+02
1.318986896198670470e-03 7.132925348199697686e-36 1.000000000000001990e+02
1.343558290220826226e-03 6.959750976455646239e-36 1.000000000000000995e+02
1.368587424502519176e-03 6.789295956784150622e-36 1.000000000000000995e+02
1.394082826282578647e-03 6.621636643569726016e-36 1.000000000000000995e+02
1.420053181653683095e-03 6.456847377088543558e-36 1.000000000000000995e+02
1.446507338521647217e-03 6.295000408539456966e-36 1.000000000000000995e+02
1.473454309619835756e-03 6.136165838073096883e-36 1.000000000000000995e+02
1.500903275579736594e-03 5.980411567382846204e-36 1.000000000000000995e+02
1.528863588058731147e-03 5.827803268524088996e-36 1.000000000000000000e+02
1.557344772926135207e-03 5.678404370745997918e-36 1.000000000000000995e+02
1.586356533508589657e-03 5.532276067248100984e-36 1.000000000000000995e+02
1.615908753895919101e-03 5.389477343923567448e-36 1.000000000000000995e+02
1.646011502308549748e-03 5.250065032320340549e-36 1.000000000000000995e+02
1.676675034527699143e-03 5.114093889248195576e-36 1.000000000000000995e+02
1.707909797389426916e-03 4.981616705689227137e-36 1.000000000000001990e+02
1.739726432343800767e-03 4.852684447936645565e-36 1.000000000000000000e+02
1.772135779080358372e-03 4.727346434206199846e-36 1.000000000000000995e+02
1.805148879221108154e-03 4.605650550338331304e-36 1.000000000000000995e+02
1.838776980082326793e-03 4.487643508659058037e-36 1.000000000000000000e+02
1.873031538506436536e-03 4.373371154596714671e-36 1.000000000000001990e+02
1.907924224765265072e-03 4.262878826298353442e-36 1.000000000000000995e+02
1.943466926536020246e-03 4.156211773244504245e-36 1.000000000000000995e+02
1.979671752951332481e-03 4.053415640796444261e-36 1.000000000000000995e+02
2.016551038724746607e-03 3.954537028708422258e-36 1.000000000000000000e+02
2.054117348353064112e-03 3.859624132982528532e-36 1.000000000000001990e+02
2.092383480396977150e-03 3.768727482064616587e-36 1.000000000000000995e+02
2.131362471841437810e-03 3.681900780339708489e-36 1.000000000000000995e+02
2.171067602537264923e-03 3.599201874272043320e-36 1.000000000000000995e+02
2.211512399725488933e-03 3.520693859431586969e-36 1.000000000000000000e+02
2.252710642645980484e-03 3.446446350186598505e-36 1.000000000000000000e+02
2.294676367231936100e-03 3.376536938165952633e-36 1.000000000000000995e+02
2.337423870891814758e-03 3.311052870892434337e-36 1.000000000000000995e+02
2.380967717380358135e-03 3.250092988504790311e-36 1.000000000000000000e+02
2.425322741760352948e-03 3.193769964520549605e-36 1.000000000000000000e+02
2.470504055456825433e-03 3.142212906530350947e-36 1.000000000000000000e+02
2.516527051405391836e-03 3.095570385054336770e-36 1.000000000000000995e+02
2.563407409296514835e-03 3.054013974171798930e-36 1.000000000000000000e+02
2.611161100917459583e-03 3.017742406767906047e-36 1.000000000000000000e+02
2.659804395593758260e-03 2.986986471409963552e-36 1.000000000000000995e+02
2.709353865732051433e-03 2.962014808349861786e-36 1.000000000000000000e+02
2.759826392466180594e-03 2.943140800783003338e-36 1.000000000000000995e+02
2.811239171408464344e-03 2.930730806687531235e-36 1.000000000000000000e+02
2.863609718508115885e-03 2.925214039510379821e-36 1.000000000000000000e+02
2.916955876018795853e-03 2.927094486922217502e-36 9.999999999999994316e+01
2.971295818577334054e-03 2.936965361536602032e-36 1.000000000000000000e+02
3.026648059395692196e-03 2.955507460720201631e-36 1.000000000000000995e+02
3.083031456568277075e-03 2.983019129086944300e-36 1.000000000000000000e+02
3.140465219496752208e-03 3.019307798611203022e-36 9.999999999999994316e+01
3.198968915434537586e-03 3.064126502629233315e-36 9.999999999999994316e+01
3.258562476153226226e-03 3.117173021949870352e-36 1.000000000000000000e+02
3.319266204733189573e-03 3.178060834128251266e-36 1.000000000000000995e+02
3.381100782480685445e-03 3.246285279225830602e-36 1.000000000000000000e+02
3.444087275973823411e-03 3.321184611174210379e-36 9.999999999999994316e+01
3.508247144239792347e-03 3.401895893800474523e-36 1.000000000000000000e+02
3.573602246065788347e-03 3.487306156200296020e-36 9.999999999999994316e+01
3.640174847446141400e-03 3.575999891067099427e-36 9.999999999999994316e+01
3.707987629168172684e-03 3.666204909368697742e-36 1.000000000000000000e+02
3.777063694539364597e-03 3.755739793961885100e-36 1.000000000000000000e+02
3.847426577258505898e-03 3.841967738271815111e-36 9.999999999999994316e+01
3.919100249433401899e-03 3.921763383815343539e-36 1.000000000000000995e+02
3.992109129748053209e-03 3.991501277749312108e-36 1.000000000000000995e+02
4.066478091781853925e-03 4.048714182355442555e-36 1.000000000000000000e+02
4.142232472483897525e-03 4.100184030250965624e-36 1.000000000000000000e+02
4.219398080805024202e-03 4.157393253455669305e-36 1.000000000000000995e+02
4.298001206490798497e-03 4.233880328632175874e-36 1.000000000000000995e+02
4.378068629038166758e-03 4.345872019709500627e-36 1.000000000000000995e+02
4.459627626819095622e-03 4.513592153314635695e-36 1.000000000000000995e+02
4.542705986374042521e-03 4.763636900718651364e-36 1.000000000000000995e+02
4.627332011878692967e-03 5.133119025445027498e-36 1.000000000000000995e+02
4.713534534786906725e-03 5.676907475400691645e-36 1.000000000000000995e+02
4.801342923653449841e-03 6.480569634956755827e-36 1.000000000000000000e+02
4.890787094139589959e-03 7.684343540849487345e-36 1.000000000000000000e+02
4.981897519205159656e-03 9.529495456910193377e-36 1.000000000000000000e+02
5.074705239490466188e-03 1.244098859989997981e-35 1.000000000000000000e+02
5.169241873891598608e-03 1.710247930625706019e-35 1.000000000000000000e+02
5.265539630332755246e-03 2.467950441615750135e-35 1.000000000000000000e+02
5.363631316739239652e-03 3.724769549593742547e-35 1.000000000000000995e+02
5.463550352214875498e-03 5.854691910860953708e-35 1.000000000000000995e+02
5.565330778427646403e-03 9.537356993257802532e-35 1.000000000000000000e+02
5.669007271207434327e-03 1.601205918625130858e-34 1.000000000000000000e+02
5.774615152359819509e-03 2.753025413894247049e-34 1.000000000000000000e+02
5.882190401699956099e-03 4.812955728734942501e-34 1.000000000000000000e+02
5.991769669310619169e-03 8.487192335706231432e-34 1.000000000000000000e+02
6.103390288028621123e-03 1.498503693121504697e-33 1.000000000000000995e+02
6.217090286163826779e-03 2.648986162096155934e-33 1.000000000000000000e+02
6.332908400455114321e-03 4.700734738079059817e-33 1.000000000000000000e+02
6.450884089267692675e-03 8.398250286058018608e-33 1.000000000000000000e+02
6.571057546036270826e-03 1.515546078736207245e-32 1.000000000000000000e+02
6.693469712958660493e-03 2.772593438646683049e-32 1.000000000000000000e+02
6.818162294944479437e-03 5.162870068488629704e-32 1.000000000000000995e+02
6.945177773823696388e-03 9.829256036501899377e-32 1.000000000000000000e+02
7.074559422819878297e-03 1.922292679390574985e-31 1.000000000000000995e+02
7.206351321293052656e-03 3.867944400609911045e-31 1.000000000000000000e+02
7.340598369757212090e-03 7.996866207377265658e-31 1.000000000000000000e+02
7.477346305177588227e-03 1.695947172291245041e-30 1.000000000000000000e+02
7.616641716552892058e-03 3.682270299579840482e-30 9.999999999999990052e+01
7.758532060787835978e-03 8.166989486477771844e-30 1.000000000000000995e+02
7.903065678861348128e-03 1.845640414510309898e-29 1.000000000000000000e+02
8.050291812295981564e-03 4.237905453504571910e-29 1.000000000000000995e+02
8.200260619934130954e-03 9.899102607752305618e-29 9.999999999999994316e+01
8.353023195026778799e-03 2.371491636105895463e-28 1.000000000000000995e+02
8.508631582640582489e-03 5.883185572746585918e-28 1.000000000000000995e+02
8.667138797389234081e-03 1.527558969925085006e-27 1.000000000000000995e+02
8.828598841495149604e-03 4.200365331263377495e-27 1.000000000000000000e+02
8.993066723187623582e-03 1.239097946951038150e-26 1.000000000000000000e+02
9.160598475443709407e-03 3.947847990006846716e-26 1.000000000000000000e+02
9.331251175078249249e-03 1.321043877398703191e-25 1.000000000000000000e+02
9.505082962189511861e-03 4.453591093942863097e-25 1.000000000000000000e+02
9.682153059967075343e-03 1.443996469904344778e-24 9.999999999999994316e+01
9.862521794868784469e-03 4.275986384195110391e-24 9.999999999999994316e+01
1.004625061717340749e-02 1.092283895336260527e-23 9.999999999999994316e+01
1.023340212191641702e-02 2.336195385907771697e-23 9.999999999999994316e+01
1.042404007021556327e-02 4.327941312078936756e-23 9.999999999999990052e+01
1.061822941099384125e-02 7.273950976990948640e-23 9.999999999999994316e+01
1.081603630310709954e-02 1.168497646271744957e-22 9.999999999999984368e+01
1.101752813788386791e-02 1.902132478996113003e-22 1.000000000000000995e+02
1.122277356208507652e-02 3.289620186502967480e-22 1.000000000000000000e+02
1.143184250129149725e-02 6.016619289237507760e-22 9.999999999999994316e+01
1.164480618372686072e-02 1.144535088197367708e-21 9.999999999999990052e+01
1.186173716452478509e-02 2.222489679682084241e-21 1.000000000000000000e+02
1.208270935044776506e-02 4.314983530560416714e-21 9.999999999999990052e+01
1.230779802506665188e-02 8.281090576680915121e-21 1.000000000000000000e+02
1.253707987440920262e-02 1.577500879171605561e-20 9.999999999999994316e+01
1.277063301308643990e-02 3.000718909811928312e-20 1.000000000000000000e+02
1.300853701090571267e-02 5.738160347635373164e-20 9.999999999999994316e+01
1.325087291997953214e-02 1.109357526139598699e-19 1.000000000000000000e+02
1.349772330233941706e-02 2.167191556047853347e-19 1.000000000000000000e+02
1.374917225806419029e-02 4.268819859307938706e-19 9.999999999999994316e+01
1.400530545393219653e-02 8.457618757034919288e-19 1.000000000000000000e+02
1.426621015260736910e-02 1.681891171968242100e-18 1.000000000000000000e+02
1.453197524236895383e-02 3.356810211666097531e-18 9.999999999999994316e+01
1.480269126739508674e-02 6.727384712258532578e-18 1.000000000000000000e+02
1.507845045861051086e-02 1.354552221754834351e-17 9.999999999999994316e+01
1.535934676510897039e-02 2.740874294386167529e-17 1.000000000000000995e+02
1.564547588616095955e-02 5.571463151367552640e-17 1.000000000000000995e+02
1.593693530381774456e-02 1.137194140438531120e-16 1.000000000000000000e+02
1.623382431612278159e-02 2.329562020661852587e-16 1.000000000000000000e+02
1.653624407094180307e-02 4.787741036361119916e-16 1.000000000000000000e+02
1.684429760042315330e-02 9.868904164663921122e-16 9.999999999999994316e+01
1.715808985610004986e-02 2.039605372001433271e-15 1.000000000000000995e+02
1.747772774464680795e-02 4.224843493377221214e-15 1.000000000000000000e+02
1.780332016430113962e-02 8.768021657203591956e-15 1.000000000000000000e+02
1.813497804196495186e-02 1.822423000430445968e-14 1.000000000000000000e+02
1.847281437099634188e-02 3.792146924618917371e-14 1.000000000000000000e+02
1.881694424970555696e-02 7.896736380222503411e-14 1.000000000000000000e+02
1.916748492056815148e-02 1.645008863598249401e-13 1.000000000000000000e+02
1.952455581016860828e-02 3.426659285679319082e-13 1.000000000000000000e+02
1.988827856988809734e-02 7.134635910282480485e-13 1.000000000000000995e+02
2.025877711735016989e-02 1.484134785457497192e-12 1.000000000000000995e+02
2.063617767863858837e-02 3.082535731069750225e-12 1.000000000000000000e+02
2.102060883130158278e-02 6.387860569053763027e-12 1.000000000000000000e+02
2.141220154815729262e-02 1.319693392017451127e-11 1.000000000000000000e+02
2.181108924191518805e-02 2.715792085886759260e-11 1.000000000000000995e+02
2.221740781062883641e-02 5.562089597147823524e-11 1.000000000000000000e+02
2.263129568399528321e-02 1.132621589399371919e-10 1.000000000000000000e+02
2.305289387051707301e-02 2.290859341466144025e-10 1.000000000000000000e+02
2.348234600554275145e-02 4.597403231991251914e-10 1.000000000000000000e+02
2.391979840020238418e-02 9.143915714490354003e-10 1.000000000000000000e+02
2.436540009125464853e-02 1.800244821888635882e-09 9.999999999999990052e+01
2.481930289186254010e-02 3.503908276247004985e-09 1.000000000000000000e+02
2.528166144331499277e-02 6.733203997538849308e-09 1.000000000000000000e+02
2.575263326771199887e-02 1.276440004620531587e-08 9.999999999999994316e+01
2.623237882163122203e-02 2.386462327754901419e-08 1.000000000000000000e+02
2.672106155079433804e-02 4.399209980052628854e-08 9.999999999999994316e+01
2.721884794575178332e-02 7.994168677867648969e-08 9.999999999999990052e+01
2.772590759860482645e-02 1.431818225169362741e-07 9.999999999999990052e+01
2.824241326078434297e-02 2.527456424575751958e-07 9.999999999999994316e+01
2.876854090190592711e-02 4.397004034649593929e-07 9.999999999999990052e+01
2.930446976972142861e-02 7.539420285888517840e-07 9.999999999999984368e+01
2.985038245118730796e-02 1.274369647484560377e-06 9.999999999999994316e+01
3.040646493467067182e-02 2.123413576525751215e-06 9.999999999999994316e+01
3.097290667331408301e-02 3.480059352474216769e-06 9.999999999999990052e+01
3.154990064958086704e-02 5.589093330898535658e-06 9.999999999999994316e+01
3.213764344100276948e-02 8.760669384363138846e-06 9.999999999999994316e+01
3.273633528715245988e-02 1.334309427046338119e-05 9.999999999999994316e+01
3.334618015786364187e-02 1.965231121821806748e-05 9.999999999999994316e+01
3.396738582272208068e-02 2.784475909487224302e-05 1.000000000000000000e+02
3.460016392185108480e-02 3.773885902819674423e-05 1.000000000000000000e+02
3.524473003801584237e-02 4.862801425761480579e-05 1.000000000000000000e+02
3.590130377007068330e-02 5.917710191036151026e-05 1.000000000000000000e+02
3.657010880777489259e-02 6.752611949150497833e-05 9.999999999999994316e+01
3.725137300800209633e-02 7.169201175255112551e-05 1.000000000000000000e+02
3.794532847236938011e-02 7.022821409751667167e-05 1.000000000000000000e+02
3.865221162631261864e-02 6.290252128641849263e-05 9.999999999999994316e+01
3.937226329963479377e-02 5.101605341815816262e-05 1.000000000000000000e+02
4.010572880855495931e-02 3.707422734706533173e-05 1.000000000000000000e+02
4.085285803928561527e-02 2.401246539968153755e-05 1.000000000000000995e+02
4.161390553316707264e-02 1.400698848596573312e-05 9.999999999999994316e+01
4.238913057338778573e-02 7.467951075133437323e-06 1.000000000000000000e+02
4.317879727332021161e-02 3.700895832449058885e-06 1.000000000000000000e+02
4.398317466650223523e-02 1.737521466869319689e-06 1.000000000000000000e+02
4.480253679829489938e-02 7.895678444610241080e-07 1.000000000000000000e+02
4.563716281924758839e-02 3.557432760321698943e-07 9.999999999999994316e+01
4.648733708020256344e-02 1.632484059742149381e-07 1.000000000000000000e+02
4.735334922917116413e-02 7.861863977120026942e-08 1.000000000000000995e+02
4.823549431001467047e-02 4.107636243857813517e-08 1.000000000000000000e+02
4.913407286296361809e-02 2.415522413300386839e-08 1.000000000000000000e+02
5.004939102700953213e-02 1.664947856029232901e-08 1.000000000000000000e+02
5.098176064420424647e-02 1.389687262452136829e-08 1.000000000000000000e+02
5.193149936590212012e-02 1.395291132506002474e-08 1.000000000000000995e+02
5.289893076098151070e-02 1.656030879002236205e-08 1.000000000000000995e+02
5.388438442608223938e-02 2.277083063850181792e-08 1.000000000000000000e+02
5.488819609789671872e-02 3.544652048250168307e-08 1.000000000000000000e+02
5.591070776755290017e-02 6.084843911102404381e-08 1.000000000000000000e+02
5.695226779712821846e-02 1.118170254539208265e-07 1.000000000000000000e+02
5.801323103833375128e-02 2.127320148347228055e-07 1.000000000000000995e+02
5.909395895340967958e-02 4.036073839965569026e-07 1.000000000000000000e+02
6.019481973827271043e-02 7.324097959205395543e-07 9.999999999999990052e+01
6.131618844795772016e-02 1.231946365484358175e-06 9.999999999999994316e+01
6.245844712439614643e-02 1.925150698014057671e-06 1.000000000000000000e+02
6.362198492657485105e-02 2.818598707016028055e-06 9.999999999999994316e+01
6.480719826311967524e-02 3.903962502283233361e-06 9.999999999999994316e+01
6.601449092734885948e-02 5.172310781245588361e-06 9.999999999999990052e+01
6.724427423484245769e-02 6.637691011338746789e-06 1.000000000000000000e+02
6.849696716357443760e-02 8.368489997961598849e-06 1.000000000000000000e+02
6.977299649665534564e-02 1.053108843987488080e-05 1.000000000000000000e+02
7.107279696773415034e-02 1.343615433697968058e-05 9.999999999999994316e+01
7.239681140910873836e-02 1.741934242786795221e-05 9.999999999999994316e+01
7.374549090259549522e-02 2.285512122059952763e-05 1.000000000000000000e+02
7.511929493320965157e-02 3.020913321167691362e-05 1.000000000000000000e+02
7.651869154570821452e-02 4.001867585461209152e-05 1.000000000000000000e+02
7.794415750404946885e-02 5.282787051175102917e-05 1.000000000000000000e+02
7.939617845382279659e-02 6.905012845084700275e-05 1.000000000000000000e+02
8.087524908770453436e-02 8.874984956778808132e-05 1.000000000000000995e+02
8.238187331399605962e-02 1.116403742448611702e-04 9.999999999999994316e+01
8.391656442830157381e-02 1.370581943321147326e-04 1.000000000000000995e+02
8.547984528840409102e-02 1.637306524703545526e-04 1.000000000000000000e+02
8.707224849239916797e-02 1.897172464421840424e-04 1.000000000000000000e+02
8.869431656014709064e-02 2.124900624309919287e-04 1.000000000000000000e+02
9.034660211810524588e-02 2.292059382397057207e-04 1.000000000000000995e+02
9.202966808760409956e-02 2.384451550069251267e-04 9.999999999999994316e+01
9.374408787662991127e-02 2.425652169410427998e-04 1.000000000000000000e+02
9.549044557518077125e-02 2.454711328347809166e-04 9.999999999999994316e+01
9.726933615426168467e-02 2.519074101656136578e-04 1.000000000000000000e+02
9.908136566858666283e-02 2.678177828582463285e-04 1.000000000000000000e+02
1.009271514630570854e-01 3.018202607624052196e-04 9.999999999999994316e+01
1.028073223830864719e-01 3.625487393571000380e-04 1.000000000000000995e+02
1.047225189888434382e-01 4.575123188928898843e-04 1.000000000000000995e+02
1.066733937734857113e-01 5.961462648839326939e-04 1.000000000000000000e+02
1.086606113854596822e-01 7.866509266332585805e-04 1.000000000000000000e+02
1.106848488549412035e-01 1.028803542265063807e-03 1.000000000000000000e+02
1.127467958244946084e-01 1.316662534316048565e-03 1.000000000000000000e+02
1.148471547840289042e-01 1.655111036920673025e-03 9.999999999999994316e+01
1.169866413101306873e-01 2.055476237151844261e-03 1.000000000000000000e+02
1.191659843098558796e-01 2.538473174361848602e-03 9.999999999999990052e+01
1.213859262690627772e-01 3.139211459724488770e-03 9.999999999999994316e+01
1.236472235053715091e-01 3.895393915014552007e-03 9.999999999999990052e+01
1.259506464258357550e-01 4.840797467687894470e-03 9.999999999999984368e+01
1.282969797894147612e-01 6.010745397830878980e-03 1.000000000000000000e+02
1.306870229743346268e-01 7.438572005495868583e-03 9.999999999999990052e+01
1.331215902504307713e-01 9.155690529417313123e-03 1.000000000000000000e+02
1.356015110565633452e-01 1.119652776098000076e-02 9.999999999999990052e+01
1.381276302832009362e-01 1.359054079836686038e-02 9.999999999999994316e+01
1.407008085602685088e-01 1.635670270324774550e-02 9.999999999999990052e+01
1.433219225503573890e-01 1.953472896033036851e-02 9.999999999999984368e+01
1.459918652473978506e-01 2.325718953871341865e-02 9.999999999999990052e+01
1.487115462808953625e-01 2.775531776757190344e-02 1.000000000000000000e+02
1.514818922258345801e-01 3.339960971241296567e-02 9.999999999999990052e+01
1.543038469183564687e-01 4.057672932801954097e-02 9.999999999999994316e+01
1.571783717773162781e-01 4.958429157314841323e-02 1.000000000000000000e+02
1.601064461318317811e-01 6.068130464924648138e-02 1.000000000000000000e+02
1.630890675549332702e-01 7.408429030924096326e-02 9.999999999999994316e+01
1.661272522034293042e-01 9.016794585910285764e-02 1.000000000000000000e+02
1.692220351641037235e-01 1.094112421775200183e-01 1.000000000000000000e+02
1.723744708063619790e-01 1.323720528289784593e-01 1.000000000000000000e+02
1.755856331414468730e-01 1.597015996793280934e-01 1.000000000000000000e+02
1.788566161883461958e-01 1.921627928855779710e-01 1.000000000000000000e+02
1.821885343465165230e-01 2.306539712995367142e-01 1.000000000000000000e+02
1.855825227755517060e-01 2.762415906865578474e-01 1.000000000000000000e+02
1.890397377819219571e-01 3.302021716821030850e-01 1.000000000000000995e+02
1.925613572129196704e-01 3.940769152097579053e-01 1.000000000000000995e+02
1.961485808579429280e-01 4.697457266904802586e-01 1.000000000000000000e+02
1.998026308572548593e-01 5.595270692493716780e-01 1.000000000000000995e+02
2.035247521183575770e-01 6.662521143620820929e-01 1.000000000000000000e+02
2.073162127401229071e-01 7.931030901735394156e-01 1.000000000000000000e+02
2.111783044448242164e-01 9.437465472758492790e-01 1.000000000000000000e+02
2.151123430182164953e-01 1.122473412333701459e+00 9.999999999999994316e+01
2.191196687578147451e-01 1.334292765556587712e+00 9.999999999999994316e+01
2.232016469295232397e-01 1.585036364786961860e+00 1.000000000000000000e+02
2.273596682327715113e-01 1.881474309086677676e+00 1.000000000000000000e+02
2.315951492743152096e-01 2.231442000305921436e+00 1.000000000000000995e+02
2.359095330508633737e-01 2.643978266180164294e+00 1.000000000000000995e+02
2.403042894406967056e-01 3.129474137230387143e+00 9.999999999999994316e+01
2.447809157044440187e-01 3.699831317940801334e+00 1.000000000000000000e+02
2.493409369951877785e-01 4.368628860003838987e+00 1.000000000000000000e+02
2.539859068780723761e-01 5.151347474808429361e+00 9.999999999999990052e+01
2.587174078595921300e-01 6.065922784912305410e+00 1.000000000000000995e+02
2.635370519267393186e-01 7.133057506832536809e+00 9.999999999999994316e+01
2.684464810961962322e-01 8.376553434812370469e+00 9.999999999999990052e+01
2.734473679737579599e-01 9.823807195417590066e+00 1.000000000000000995e+02
2.785414163241766161e-01 1.150641040994221775e+01 1.000000000000000000e+02
2.837303616516211324e-01 1.346088337866686224e+01 1.000000000000000000e+02
2.890159717909508430e-01 1.572958076303253527e+01 1.000000000000000000e+02
2.944000475100033709e-01 1.836181985197124789e+01 1.000000000000000000e+02
2.998844231231027613e-01 2.141529808275681646e+01 9.999999999999994316e+01
3.054709671159968054e-01 2.495694674469752883e+01 9.999999999999994316e+01
3.111615827824359970e-01 2.906061858211866777e+01 9.999999999999994316e+01
3.169582088726115021e-01 3.380916124081467444e+01 9.999999999999994316e+01
3.228628202536730218e-01 3.929622120529159446e+01 9.999999999999994316e+01
3.288774285825510346e-01 4.562738352848466405e+01 1.000000000000000000e+02
3.350040829913132900e-01 5.292139282392658117e+01 9.999999999999994316e+01
3.412448707852889229e-01 6.131145970578929649e+01 1.000000000000000000e+02
3.476019181541977754e-01 7.094665907212291245e+01 1.000000000000000000e+02
3.540773908965269556e-01 8.199374650484369909e+01 9.999999999999994316e+01
3.606734951574028236e-01 9.464374434021659965e+01 1.000000000000000995e+02
3.673924781802074269e-01 1.091167815884265480e+02 1.000000000000000995e+02
3.742366290721980682e-01 1.256647922268395376e+02 1.000000000000000995e+02
3.812082795843887983e-01 1.445774078011193069e+02 1.000000000000000995e+02
3.883098049059605095e-01 1.661894401878622318e+02 1.000000000000000995e+02
3.955436244734701345e-01 1.908903539542619114e+02 1.000000000000000995e+02
4.029122027951347884e-01 2.191355758167152317e+02 1.000000000000000995e+02
4.104180502904709038e-01 2.514262923709730160e+02 9.999999999999994316e+01
4.180637241455757991e-01 2.882832588894121386e+02 1.000000000000000000e+02
4.258518291843414461e-01 3.302721115793510762e+02 1.000000000000000995e+02
4.337850187558989212e-01 3.780044012996078209e+02 1.000000000000000000e+02
4.418659956385941334e-01 4.321342627747392271e+02 1.000000000000000000e+02
4.500975129608046355e-01 4.933524929919905162e+02 1.000000000000000995e+02
4.584823751389096036e-01 5.624073503464178430e+02 1.000000000000000000e+02
4.670234388327330621e-01 6.402172652902980872e+02 9.999999999999994316e+01
4.757236139187884794e-01 7.278551146599423873e+02 9.999999999999994316e+01
4.845858644816490868e-01 8.265580808789351295e+02 1.000000000000000000e+02
4.936132098237911991e-01 9.377665356396267953e+02 1.000000000000000000e+02
5.028087254942474882e-01 1.063172709913472772e+03 1.000000000000000000e+02
5.121755443364236493e-01 1.204650739457560348e+03 1.000000000000000000e+02
5.217168575554343990e-01 1.364121896635604116e+03 1.000000000000000000e+02
5.314359158053235666e-01 1.543688586736520165e+03 1.000000000000000000e+02
5.413360302965375404e-01 1.745666948616998980e+03 1.000000000000000000e+02
5.514205739240296555e-01 1.972604641106044483e+03 9.999999999999994316e+01
5.616929824163804374e-01 2.227300060688898611e+03 9.999999999999994316e+01
5.721567555063246102e-01 2.512823289986283271e+03 1.000000000000000000e+02
5.828154581230839959e-01 2.832539185317235479e+03 1.000000000000000000e+02
5.936727216069119795e-01 3.190133151578112574e+03 9.999999999999994316e+01
6.047322449462643190e-01 3.589640350839543771e+03 1.000000000000000000e+02
6.159977960380161877e-01 4.035480032742528238e+03 9.999999999999990052e+01
6.274732129711574347e-01 4.532495488484544694e+03 9.999999999999994316e+01
6.391624053343999412e-01 5.086000207711916119e+03 9.999999999999994316e+01
6.510693555481454897e-01 5.701833836021670322e+03 1.000000000000000000e+02
6.631981202212668958e-01 6.386430040187666236e+03 9.999999999999994316e+01
6.755528315331639222e-01 7.146899477829363605e+03 9.999999999999994316e+01
6.881376986415662644e-01 7.991131942143309061e+03 9.999999999999990052e+01
7.009570091165617800e-01 8.927922734526960994e+03 1.000000000000000995e+02
7.140151304013395706e-01 9.966935979651665548e+03 1.000000000000000000e+02
7.273165113001454074e-01 1.111826721157529573e+04 1.000000000000000995e+02
7.408656834939559843e-01 1.239277982009152038e+04 1.000000000000000995e+02
7.546672630843886953e-01 1.380228062520134517e+04 1.000000000000001990e+02
7.687259521663728501e-01 1.535961613773467434e+04 1.000000000000000995e+02
7.830465404301183430e-01 1.707878807161896839e+04 1.000000000000000995e+02
7.976339067929273385e-01 1.897509339326317786e+04 1.000000000000000995e+02
8.124930210614047521e-01 2.106521471476231090e+04 1.000000000000000995e+02
8.276289456246344045e-01 2.336686539002694190e+04 9.999999999999994316e+01
8.430468371788967241e-01 2.589902477608859408e+04 1.000000000000000000e+02
8.587519484845170803e-01 2.868225015681794321e+04 9.999999999999994316e+01
8.747496301554414933e-01 3.173886132479988737e+04 1.000000000000000000e+02
8.910453324821513421e-01 3.509316713885933132e+04 9.999999999999994316e+01
9.076446072885356875e-01 3.877171884776526713e+04 9.999999999999990052e+01
9.245531098233570333e-01 4.280280723161625792e+04 9.999999999999990052e+01
9.417766006869519035e-01 4.721619806264947692e+04 9.999999999999994316e+01
9.593209477938241525e-01 5.204395922054914990e+04 1.000000000000000000e+02
9.771921283717996953e-01 5.732078191327658715e+04 1.000000000000000000e+02
9.953962309984233370e-01 6.308433069839680684e+04 9.999999999999994316e+01
1.013939457675291811e+00 6.937541162958707719e+04 1.000000000000000995e+02
1.032828125941028574e+00 7.623601343634401564e+04 1.000000000000000000e+02
1.052068671023622892e+00 8.370968283759999031e+04 1.000000000000000000e+02
1.071667648032863296e+00 9.184262475584626372e+04 1.000000000000000000e+02
1.091631734193614811e+00 1.006839340848110587e+05 1.000000000000000995e+02
1.111967731120699021e+00 1.102858802444123867e+05 1.000000000000000000e+02
1.132682567136153784e+00 1.207042712098726188e+05 1.000000000000000995e+02
1.153783299629660863e+00 1.319989188106497750e+05 1.000000000000000995e+02
1.175277117462945276e+00 1.442342316787898308e+05 1.000000000000000995e+02
1.197171343418965694e+00 1.574799676909013651e+05 1.000000000000000995e+02
1.219473436696737023e+00 1.718121843170999782e+05 1.000000000000000000e+02
1.242190995452616242e+00 1.873144332674735924e+05 1.000000000000000000e+02
1.265331759388941713e+00 2.040785594195230224e+05 1.000000000000000995e+02
1.288903612390891462e+00 2.221976611597864248e+05 1.000000000000000995e+02
1.312914585212463958e+00 2.417663696286517952e+05 1.000000000000000995e+02
1.337372858212495075e+00 2.628857954010372050e+05 1.000000000000000000e+02
1.362286764141645401e+00 2.856645485374354757e+05 1.000000000000000995e+02
1.387664790981307128e+00 3.102199139121423359e+05 9.999999999999994316e+01
1.413515584835394190e+00 3.366793219698863686e+05 1.000000000000000000e+02
1.439847952876006643e+00 3.651821818603334832e+05 1.000000000000000000e+02
1.466670866343967150e+00 3.958821575893970439e+05 1.000000000000000000e+02
1.493993463605256311e+00 4.289499846888537868e+05 1.000000000000000000e+02
1.521825053264385552e+00 4.645713320951672504e+05 1.000000000000000995e+02
1.550175117335768737e+00 5.029053060209336691e+05 1.000000000000000995e+02
1.579053314474174297e+00 5.440902674766345881e+05 1.000000000000000995e+02
1.608469483265355215e+00 5.882573711853909772e+05 1.000000000000000995e+02
1.638433645577983100e+00 6.355271882819802267e+05 1.000000000000000995e+02
1.668956009978023181e+00 6.860056514288428007e+05 1.000000000000000000e+02
1.700046975206716438e+00 7.397793959743218729e+05 1.000000000000000995e+02
1.731717133723352786e+00 7.969104736751815071e+05 1.000000000000000000e+02
1.763977275314043469e+00 8.574326449273262406e+05 9.999999999999994316e+01
1.796838390767719229e+00 9.214232932975953445e+05 1.000000000000000000e+02
1.830311675620611256e+00 9.890551539935427718e+05 9.999999999999994316e+01
1.864408533970485227e+00 1.060540783865127945e+06 1.000000000000000000e+02
1.899140582361933616e+00 1.136138475867279572e+06 1.000000000000000000e+02
1.934519653744044332e+00 1.216165017754979897e+06 1.000000000000000000e+02
1.970557801501798378e+00 1.301011142253356054e+06 1.000000000000000995e+02
2.007267303562568106e+00 1.391159803018365521e+06 1.000000000000000000e+02
2.044660666579115826e+00 1.487099317444046726e+06 1.000000000000000000e+02
2.082750630190514318e+00 1.589145404151923722e+06 1.000000000000000000e+02
2.121550171362450055e+00 1.697587938535442343e+06 1.000000000000000995e+02
2.161072508808376647e+00 1.812717393352599582e+06 1.000000000000000000e+02
2.201331107493030181e+00 1.934823077610207722e+06 9.999999999999994316e+01
2.242339683219845003e+00 2.064191229392009089e+06 1.000000000000000000e+02
2.284112207303823361e+00 2.201102981358046643e+06 1.000000000000000000e+02
2.326662911331458083e+00 2.345832224888868164e+06 9.999999999999994316e+01
2.370006292009327886e+00 2.498643407022102270e+06 1.000000000000000000e+02
2.414157116103017753e+00 2.659789303410776891e+06 1.000000000000000000e+02
2.459130425468043946e+00 2.829508820482769981e+06 9.999999999999994316e+01
2.504941542174502267e+00 3.008024904826276936e+06 1.000000000000000000e+02
2.551606073727183954e+00 3.195559600743809715e+06 1.000000000000000000e+02
2.599139918382932901e+00 3.392375623879039194e+06 1.000000000000000000e+02
2.647559270567066747e+00 3.598752591715513263e+06 1.000000000000000000e+02
2.696880626390692370e+00 3.814984849542759825e+06 1.000000000000000000e+02
2.747120789270811603e+00 4.041388265471033286e+06 1.000000000000000000e+02
2.798296875655115645e+00 4.278308727070324123e+06 1.000000000000000000e+02
2.850426320853434614e+00 4.526132608851777390e+06 1.000000000000000000e+02
2.903526884977813971e+00 4.785299518385681324e+06 1.000000000000000995e+02
2.957616658993253544e+00 5.056317676873359829e+06 1.000000000000000000e+02
3.012714070881164385e+00 5.339781513494166546e+06 1.000000000000000000e+02
3.068837891917642224e+00 5.636257552908122540e+06 1.000000000000000000e+02
3.126007243068700259e+00 5.946095811744892970e+06 1.000000000000000995e+02
3.184241601504649744e+00 6.269612695969534107e+06 1.000000000000000000e+02
3.243560807235807975e+00 6.607123277870580554e+06 1.000000000000000995e+02
3.303985069871854918e+00 6.958945362077763304e+06 1.000000000000000000e+02
3.365534975507090909e+00 7.325404912297108211e+06 1.000000000000000000e+02
3.428231493733967294e+00 7.706843060660252348e+06 1.000000000000000000e+02
3.492095984787267682e+00 8.103624945941568352e+06 1.000000000000000000e+02
3.557150206821382277e+00 8.516135026926806197e+06 1.000000000000000000e+02
3.623416323323146226e+00 8.944703265915527940e+06 1.000000000000000000e+02
3.690916910662774608e+00 9.389649097949633375e+06 1.000000000000000000e+02
3.759674965785463563e+00 9.851319861264312640e+06 1.000000000000000995e+02
3.829713914046277257e+00 1.033010384921376966e+07 1.000000000000001990e+02
3.901057617190989202e+00 1.082644604805041850e+07 1.000000000000000995e+02
3.973730381485604202e+00 1.134086697328246571e+07 1.000000000000000995e+02
4.047756965997318268e+00 1.187396096028449200e+07 1.000000000000000000e+02
4.123162591029748469e+00 1.242611083418284915e+07 1.000000000000000000e+02
4.199972946715301525e+00 1.299750395864909329e+07 1.000000000000000000e+02
4.278214201767612579e+00 1.358831411541027576e+07 1.000000000000000000e+02
4.357913012397025554e+00 1.419871300948933139e+07 1.000000000000000000e+02
4.439096531392166867e+00 1.482888003344608285e+07 1.000000000000000000e+02
4.521792417370697592e+00 1.547901439600363746e+07 1.000000000000000000e+02
4.606028844202397998e+00 1.614934991926295683e+07 1.000000000000000000e+02
4.691834510607794329e+00 1.684017283764675632e+07 9.999999999999994316e+01
4.779238649935595440e+00 1.755184296628246084e+07 9.999999999999994316e+01
4.868271040122278848e+00 1.828481864889223129e+07 9.999999999999994316e+01
4.958962013837211913e+00 1.903968594827207550e+07 9.999999999999994316e+01
5.051342468816761411e+00 1.981716706849507242e+07 1.000000000000000000e+02
5.145443878390924652e+00 2.061768332212917507e+07 1.000000000000000000e+02
5.241298302206056192e+00 2.144129676269187033e+07 9.999999999999994316e+01
5.338938397147350301e+00 2.228805576419487223e+07 1.000000000000000995e+02
5.438397428464796235e+00 2.315802019609162956e+07 1.000000000000000000e+02
5.539709281106400596e+00 2.405127679685745388e+07 1.000000000000000000e+02
5.642908471262536807e+00 2.496795759776694328e+07 1.000000000000000000e+02
5.748030158125351008e+00 2.590826174591270089e+07 1.000000000000000000e+02
5.855110155867238042e+00 2.687248110979238525e+07 9.999999999999994316e+01
5.964184945842459840e+00 2.786103009295136109e+07 1.000000000000000000e+02
6.075291689016070862e+00 2.887443625136094913e+07 1.000000000000000000e+02
6.188468238624382778e+00 2.991288639527583867e+07 1.000000000000000995e+02
6.303753153071275150e+00 3.097630720015120506e+07 9.999999999999994316e+01
6.421185709064758385e+00 3.206465082525280491e+07 1.000000000000000995e+02
6.540805914998252923e+00 3.317792006963214651e+07 1.000000000000000995e+02
6.662654524581149929e+00 3.431619255655439943e+07 1.000000000000000000e+02
6.786773050723295064e+00 3.547964888388074189e+07 1.000000000000000000e+02
6.913203779678127603e+00 3.666860515984515846e+07 1.000000000000000000e+02
7.041989785449288775e+00 3.788354485842055827e+07 1.000000000000000995e+02
7.173174944465612768e+00 3.912478828594475985e+07 1.000000000000000995e+02
7.306803950529499936e+00 4.039218890266098827e+07 1.000000000000000995e+02
7.442922330043757917e+00 4.168559580682577193e+07 1.000000000000000995e+02
7.581576457522110069e+00 4.300492482655463368e+07 1.000000000000000995e+02
7.722813571388642551e+00 4.435018613328776509e+07 1.000000000000000995e+02
7.866681790071582192e+00 4.572151608034064621e+07 1.000000000000000000e+02
8.013230128396878982e+00 4.711921357001328468e+07 1.000000000000000000e+02
8.162508514287219796e+00 4.854354578386581689e+07 1.000000000000000000e+02
8.314567805772055564e+00 4.999421010394960642e+07 1.000000000000000995e+02
8.469459808314576676e+00 5.147081123665030301e+07 1.000000000000000995e+02
8.627237292461440887e+00 5.297300739284334332e+07 1.000000000000000000e+02
8.787954011821311084e+00 5.450053717542900890e+07 1.000000000000000000e+02
8.951664721378293166e+00 5.605325051692549884e+07 1.000000000000000995e+02
9.118425196146562328e+00 5.763114404810044169e+07 1.000000000000000000e+02
9.288292250172489162e+00 5.923440131756237894e+07 1.000000000000000995e+02
9.461323755890759912e+00 6.086343833162783086e+07 1.000000000000000000e+02
9.637578663841079418e+00 6.251895494699678570e+07 1.000000000000000000e+02
9.817117022752183786e+00 6.420199272992846370e+07 1.000000000000000000e+02
1.000000000000000000e+01 6.591399999999996275e+07 1.000000000000000000e+02
