# Source: PRIMAT compilation, https://doi.org/10.1016/j.physrep.2018.04.005
1.000000000000000021e-03 7.099999999999988163e-25 3.000000000000000000e+00
1.018628990244687619e-03 1.102058576941174951e-24 3.000000000000000000e+00
1.037605019766911670e-03 1.715169970911890428e-24 3.000000000000000000e+00
1.056934553557988335e-03 2.676195490437199917e-24 2.999999999999999556e+00
1.076624177045493267e-03 4.185876335221494344e-24 2.999999999999999556e+00
1.096680598336868600e-03 6.562362129182355438e-24 3.000000000000000000e+00
1.117110650504824203e-03 1.031060621714214293e-23 2.999999999999999556e+00
1.137921293915315117e-03 1.623308217105914401e-23 2.999999999999999556e+00
1.159119618598885779e-03 2.560652828800626473e-23 3.000000000000000000e+00
1.180712846666190276e-03 4.046420963698870882e-23 3.000000000000000444e+00
1.202708334768511989e-03 6.404678765276040719e-23 3.000000000000000000e+00
1.225113576604118949e-03 1.015225266753326509e-22 2.999999999999999556e+00
1.247936205471311460e-03 1.611375208872447158e-22 2.999999999999999112e+00
1.271183996869028896e-03 2.560519790126104739e-22 3.000000000000000888e+00
1.294864871145904933e-03 4.072699914185637932e-22 3.000000000000000000e+00
1.318986896198670470e-03 6.483100620583080570e-22 3.000000000000000888e+00
1.343558290220826226e-03 1.032642837245673754e-21 3.000000000000000000e+00
1.368587424502519176e-03 1.645520233159432743e-21 2.999999999999999556e+00
1.394082826282578647e-03 2.622759876274815550e-21 3.000000000000000000e+00
1.420053181653683095e-03 4.180521286024676666e-21 3.000000000000000888e+00
1.446507338521647217e-03 6.662409506697159975e-21 2.999999999999999556e+00
1.473454309619835756e-03 1.061381832080400739e-20 3.000000000000000444e+00
1.500903275579736594e-03 1.689896490892577553e-20 3.000000000000000000e+00
1.528863588058731147e-03 2.688460989514042168e-20 3.000000000000000000e+00
1.557344772926135207e-03 4.272756431502885444e-20 3.000000000000000444e+00
1.586356533508589657e-03 6.782309364129206837e-20 3.000000000000000444e+00
1.615908753895919101e-03 1.075017022640578372e-19 3.000000000000000000e+00
1.646011502308549748e-03 1.701076165747404618e-19 3.000000000000000000e+00
1.676675034527699143e-03 2.686610194642693163e-19 3.000000000000000000e+00
1.707909797389426916e-03 4.234084857811457385e-19 3.000000000000000888e+00
1.739726432343800767e-03 6.657175579995699578e-19 3.000000000000000444e+00
1.772135779080358372e-03 1.043993902594302365e-18 3.000000000000000000e+00
1.805148879221108154e-03 1.632623836012404987e-18 2.999999999999999556e+00
1.838776980082326793e-03 2.545414163202950323e-18 2.999999999999999556e+00
1.873031538506436536e-03 3.955674497846595193e-18 3.000000000000000888e+00
1.907924224765265072e-03 6.126045521649053911e-18 2.999999999999999556e+00
1.943466926536020246e-03 9.452529674862428671e-18 2.999999999999999556e+00
1.979671752951332481e-03 1.452907590221864791e-17 3.000000000000000000e+00
2.016551038724746607e-03 2.224170394665746483e-17 2.999999999999999556e+00
2.054117348353064112e-03 3.390478749419378111e-17 3.000000000000000444e+00
2.092383480396977150e-03 5.145709555253332775e-17 3.000000000000000000e+00
2.131362471841437810e-03 7.774197769718280511e-17 3.000000000000000000e+00
2.171067602537264923e-03 1.169052853943278232e-16 3.000000000000000000e+00
2.211512399725488933e-03 1.749570767662091006e-16 2.999999999999999556e+00
2.252710642645980484e-03 2.605599884660278627e-16 3.000000000000000000e+00
2.294676367231936100e-03 3.861299508562572703e-16 3.000000000000000000e+00
2.337423870891814758e-03 5.693659029243039926e-16 3.000000000000000000e+00
2.380967717380358135e-03 8.353675519218196352e-16 2.999999999999999556e+00
2.425322741760352948e-03 1.219558748021474203e-15 3.000000000000000444e+00
2.470504055456825433e-03 1.771715752648381284e-15 2.999999999999999556e+00
2.516527051405391836e-03 2.561515202454115447e-15 3.000000000000000444e+00
2.563407409296514835e-03 3.686182118809802844e-15 3.000000000000000444e+00
2.611161100917459583e-03 5.281058823298031102e-15 3.000000000000000000e+00
2.659804395593758260e-03 7.534269786816349959e-15 3.000000000000000444e+00
2.709353865732051433e-03 1.070718582397435176e-14 2.999999999999999556e+00
2.759826392466180594e-03 1.516318932685187099e-14 3.000000000000000888e+00
2.811239171408464344e-03 2.140846318115581317e-14 3.000000000000000000e+00
2.863609718508115885e-03 3.015041642529362942e-14 3.000000000000000444e+00
2.916955876018795853e-03 4.238232354065180710e-14 2.999999999999999556e+00
2.971295818577334054e-03 5.950746208274018057e-14 3.000000000000000444e+00
3.026648059395692196e-03 8.352193797016216147e-14 3.000000000000000444e+00
3.083031456568277075e-03 1.172299530246716043e-13 3.000000000000000000e+00
3.140465219496752208e-03 1.645241874932238830e-13 2.999999999999999556e+00
3.198968915434537586e-03 2.308371185688138787e-13 3.000000000000000000e+00
3.258562476153226226e-03 3.237398527509341321e-13 3.000000000000000444e+00
3.319266204733189573e-03 4.537635508836436731e-13 3.000000000000000888e+00
3.381100782480685445e-03 6.355251470290534474e-13 3.000000000000000444e+00
3.444087275973823411e-03 8.892643905169491281e-13 3.000000000000000000e+00
3.508247144239792347e-03 1.242934157527093369e-12 3.000000000000000000e+00
3.573602246065788347e-03 1.735031048631887624e-12 3.000000000000000000e+00
3.640174847446141400e-03 2.418410930711227867e-12 2.999999999999999556e+00
3.707987629168172684e-03 3.365407070601540423e-12 2.999999999999999556e+00
3.777063694539364597e-03 4.674659936074261883e-12 2.999999999999999556e+00
3.847426577258505898e-03 6.480180930679290505e-12 2.999999999999999556e+00
3.919100249433401899e-03 8.963310690667002436e-12 3.000000000000000444e+00
3.992109129748053209e-03 1.236839937962011647e-11 3.000000000000000444e+00
4.066478091781853925e-03 1.702350850382313102e-11 3.000000000000000000e+00
4.142232472483897525e-03 2.336915676661529454e-11 2.999999999999999556e+00
4.219398080805024202e-03 3.199510795918030348e-11 3.000000000000000000e+00
4.298001206490798497e-03 4.368853866058249759e-11 3.000000000000000444e+00
4.378068629038166758e-03 5.949785645138536905e-11 2.999999999999999556e+00
4.459627626819095622e-03 8.081688986917648743e-11 3.000000000000000000e+00
4.542705986374042521e-03 1.094961711508589671e-10 3.000000000000000444e+00
4.627332011878692967e-03 1.479904678784570887e-10 3.000000000000000000e+00
4.713534534786906725e-03 1.995551573230543764e-10 3.000000000000000000e+00
4.801342923653449841e-03 2.685089407705605333e-10 2.999999999999999112e+00
4.890787094139589959e-03 3.605874594953806900e-10 3.000000000000000000e+00
4.981897519205159656e-03 4.834226521958734502e-10 2.999999999999999556e+00
5.074705239490466188e-03 6.471733540800220311e-10 3.000000000000000000e+00
5.169241873891598608e-03 8.651705976493884523e-10 2.999999999999999556e+00
5.265539630332755246e-03 1.154869848156747654e-09 3.000000000000000000e+00
5.363631316739239652e-03 1.539147118956539571e-09 3.000000000000000444e+00
5.463550352214875498e-03 2.047916913938095417e-09 3.000000000000000000e+00
5.565330778427646403e-03 2.720214478078819425e-09 3.000000000000000000e+00
5.669007271207434327e-03 3.606873018116509110e-09 2.999999999999999556e+00
5.774615152359819509e-03 4.773963615336722892e-09 3.000000000000000000e+00
5.882190401699956099e-03 6.307214552205537704e-09 2.999999999999999556e+00
5.991769669310619169e-03 8.317691675115831098e-09 3.000000000000000000e+00
6.103390288028621123e-03 1.094902144650259470e-08 3.000000000000000000e+00
6.217090286163826779e-03 1.438619430841438855e-08 2.999999999999999556e+00
6.332908400455114321e-03 1.886716674560167771e-08 3.000000000000000000e+00
6.450884089267692675e-03 2.469770583349179132e-08 3.000000000000000444e+00
6.571057546036270826e-03 3.227026162062138217e-08 3.000000000000000000e+00
6.693469712958660493e-03 4.208813887552946864e-08 3.000000000000000444e+00
6.818162294944479437e-03 5.479655839783083046e-08 3.000000000000000888e+00
6.945177773823696388e-03 7.122273819949597023e-08 3.000000000000000888e+00
7.074559422819878297e-03 9.242728246502185727e-08 3.000000000000000888e+00
7.206351321293052656e-03 1.197586792175735754e-07 3.000000000000000000e+00
7.340598369757212090e-03 1.549231093447188137e-07 3.000000000000000000e+00
7.477346305177588227e-03 2.000820932132605005e-07 3.000000000000000888e+00
7.616641716552892058e-03 2.579695582431785646e-07 2.999999999999999112e+00
7.758532060787835978e-03 3.320381114213708638e-07 3.000000000000000000e+00
7.903065678861348128e-03 4.266423218957705508e-07 3.000000000000000444e+00
8.050291812295981564e-03 5.472687557971822920e-07 3.000000000000000000e+00
8.200260619934130954e-03 7.008185581436058683e-07 2.999999999999999556e+00
8.353023195026778799e-03 8.959573882545794432e-07 3.000000000000000000e+00
8.508631582640582489e-03 1.143568229454116806e-06 3.000000000000000000e+00
8.667138797389234081e-03 1.457319740268390051e-06 3.000000000000000888e+00
8.828598841495149604e-03 1.854387885639595400e-06 3.000000000000000000e+00
8.993066723187623582e-03 2.356378493424069395e-06 3.000000000000000000e+00
9.160598475443709407e-03 2.990400698805987406e-06 2.999999999999999556e+00
9.331251175078249249e-03 3.789909021257584760e-06 2.999999999999999112e+00
9.505082962189511861e-03 4.796224653194341850e-06 3.000000000000000000e+00
9.682153059967075343e-03 6.060372403997316476e-06 2.999999999999999556e+00
9.862521794868784469e-03 7.645179242263071455e-06 2.999999999999999112e+00
1.004625061717340749e-02 9.627785181457859309e-06 2.999999999999999112e+00
1.023340212191641702e-02 1.210324617372835866e-05 3.000000000000000000e+00
1.042404007021556327e-02 1.518972891655568145e-05 2.999999999999998668e+00
1.061822941099384125e-02 1.903369196572496952e-05 2.999999999999999112e+00
1.081603630310709954e-02 2.381693042938135788e-05 2.999999999999998668e+00
1.101752813788386791e-02 2.976576534824706911e-05 3.000000000000000444e+00
1.122277356208507652e-02 3.715997903322254228e-05 3.000000000000000444e+00
1.143184250129149725e-02 4.633613260005655022e-05 2.999999999999999556e+00
1.164480618372686072e-02 5.770156000674223372e-05 2.999999999999999556e+00
1.186173716452478509e-02 7.174887379484182594e-05 3.000000000000000444e+00
1.208270935044776506e-02 8.907141909712491194e-05 2.999999999999999556e+00
1.230779802506665188e-02 1.103902773253895054e-04 3.000000000000000000e+00
1.253707987440920262e-02 1.365917744718203955e-04 2.999999999999999112e+00
1.277063301308643990e-02 1.687586697527411407e-04 2.999999999999999556e+00
1.300853701090571267e-02 2.082158224209503634e-04 2.999999999999999556e+00
1.325087291997953214e-02 2.565779456497301460e-04 2.999999999999998668e+00
1.349772330233941706e-02 3.157733961044651328e-04 2.999999999999999112e+00
1.374917225806419029e-02 3.881177831122102216e-04 2.999999999999999112e+00
1.400530545393219653e-02 4.763960335263204161e-04 2.999999999999999112e+00
1.426621015260736910e-02 5.839550664474683385e-04 2.999999999999999556e+00
1.453197524236895383e-02 7.148204333931288020e-04 3.000000000000000000e+00
1.480269126739508674e-02 8.738305058076191239e-04 3.000000000000000000e+00
1.507845045861051086e-02 1.066800278169028303e-03 3.000000000000000000e+00
1.535934676510897039e-02 1.300695744381815669e-03 3.000000000000000000e+00
1.564547588616095955e-02 1.583821164170821048e-03 3.000000000000000888e+00
1.593693530381774456e-02 1.926103121235146027e-03 3.000000000000000444e+00
1.623382431612278159e-02 2.339401929241318508e-03 2.999999999999999556e+00
1.653624407094180307e-02 2.837778180035311747e-03 2.999999999999999556e+00
1.684429760042315330e-02 3.437895337713340205e-03 2.999999999999999112e+00
1.715808985610004986e-02 4.159531053765840036e-03 3.000000000000000000e+00
1.747772774464680795e-02 5.026152859767200887e-03 2.999999999999999556e+00
1.780332016430113962e-02 6.065609648451636589e-03 2.999999999999999556e+00
1.813497804196495186e-02 7.310962825781608734e-03 3.000000000000000000e+00
1.847281437099634188e-02 8.801262867540135884e-03 3.000000000000000000e+00
1.881694424970555696e-02 1.058242590594221134e-02 2.999999999999999556e+00
1.916748492056815148e-02 1.270863833258937918e-02 3.000000000000000000e+00
1.952455581016860828e-02 1.524388837074757905e-02 3.000000000000000444e+00
1.988827856988809734e-02 1.826380163310051957e-02 3.000000000000000000e+00
2.025877711735016989e-02 2.185773255850649577e-02 3.000000000000000888e+00
2.063617767863858837e-02 2.612966425742900556e-02 3.000000000000000000e+00
2.102060883130158278e-02 3.120033954972819060e-02 3.000000000000000000e+00
2.141220154815729262e-02 3.721056473283729238e-02 3.000000000000000444e+00
2.181108924191518805e-02 4.432437848829517274e-02 3.000000000000000444e+00
2.221740781062883641e-02 5.273272830385348359e-02 3.000000000000000000e+00
2.263129568399528321e-02 6.265777225076024637e-02 2.999999999999999556e+00
2.305289387051707301e-02 7.435794507041496026e-02 3.000000000000000000e+00
2.348234600554275145e-02 8.813396829568376223e-02 3.000000000000000000e+00
2.391979840020238418e-02 1.043360380230642509e-01 3.000000000000000000e+00
2.436540009125464853e-02 1.233724952092711824e-01 2.999999999999999112e+00
2.481930289186254010e-02 1.457203776906171311e-01 2.999999999999999112e+00
2.528166144331499277e-02 1.719375464969239709e-01 3.000000000000000000e+00
2.575263326771199887e-02 2.026641933873856161e-01 3.000000000000000000e+00
2.623237882163122203e-02 2.386314060145463545e-01 3.000000000000000000e+00
2.672106155079433804e-02 2.806813351872643469e-01 2.999999999999999556e+00
2.721884794575178332e-02 3.297839568590905657e-01 2.999999999999999112e+00
2.772590759860482645e-02 3.870564547626418883e-01 2.999999999999999556e+00
2.824241326078434297e-02 4.537860576271591229e-01 2.999999999999999556e+00
2.876854090190592711e-02 5.314571686918025950e-01 2.999999999999999112e+00
2.930446976972142861e-02 6.217838739059848852e-01 2.999999999999999556e+00
2.985038245118730796e-02 7.267492410712270701e-01 3.000000000000000000e+00
3.040646493467067182e-02 8.486462342806737613e-01 2.999999999999999556e+00
3.097290667331408301e-02 9.900595107537599748e-01 2.999999999999999556e+00
3.154990064958086704e-02 1.153900644792554386e+00 2.999999999999999556e+00
3.213764344100276948e-02 1.343475783718582450e+00 2.999999999999999556e+00
3.273633528715245988e-02 1.562534679735515519e+00 3.000000000000000000e+00
3.334618015786364187e-02 1.815325713521051210e+00 3.000000000000000000e+00
3.396738582272208068e-02 2.106658449827843338e+00 3.000000000000000000e+00
3.460016392185108480e-02 2.441975337246311550e+00 3.000000000000000444e+00
3.524473003801584237e-02 2.827434649685540702e+00 3.000000000000000444e+00
3.590130377007068330e-02 3.270007398046178793e+00 3.000000000000000444e+00
3.657010880777489259e-02 3.777591757465202704e+00 2.999999999999999112e+00
3.725137300800209633e-02 4.359149610726684720e+00 3.000000000000000444e+00
3.794532847236938011e-02 5.024871170376874474e+00 2.999999999999999112e+00
3.865221162631261864e-02 5.786375401310655420e+00 2.999999999999999112e+00
3.937226329963479377e-02 6.656956243415620200e+00 3.000000000000000000e+00
4.010572880855495931e-02 7.651887026034809303e+00 3.000000000000000000e+00
4.085285803928561527e-02 8.788461095026248060e+00 3.000000000000000000e+00
4.161390553316707264e-02 1.008551212245216888e+01 2.999999999999999556e+00
4.238913057338778573e-02 1.156400680711855600e+01 3.000000000000000000e+00
4.317879727332021161e-02 1.324739380515424436e+01 3.000000000000000000e+00
4.398317466650223523e-02 1.516188012189256540e+01 3.000000000000000000e+00
4.480253679829489938e-02 1.733674523321383987e+01 3.000000000000000000e+00
4.563716281924758839e-02 1.980470167829931327e+01 2.999999999999999112e+00
4.648733708020256344e-02 2.260231344045035939e+01 3.000000000000000000e+00
4.735334922917116413e-02 2.577048671822616654e+01 3.000000000000001332e+00
4.823549431001467047e-02 2.935505186999954574e+01 3.000000000000000444e+00
4.913407286296361809e-02 3.340746062848317166e+01 3.000000000000000444e+00
5.004939102700953213e-02 3.798562935674247143e+01 3.000000000000000444e+00
5.098176064420424647e-02 4.315424980948866818e+01 3.000000000000000444e+00
5.193149936590212012e-02 4.898343483505700391e+01 3.000000000000000888e+00
5.289893076098151070e-02 5.555033706949214434e+01 3.000000000000001332e+00
5.388438442608223938e-02 6.294031866184994328e+01 3.000000000000000444e+00
5.488819609789671872e-02 7.124786329819372099e+01 3.000000000000000444e+00
5.591070776755290017e-02 8.057764471009060969e+01 3.000000000000000888e+00
5.695226779712821846e-02 9.104579332161688399e+01 3.000000000000000000e+00
5.801323103833375128e-02 1.027814141863074582e+02 3.000000000000001332e+00
5.909395895340967958e-02 1.159284238053915459e+02 3.000000000000000444e+00
6.019481973827271043e-02 1.306477820979088733e+02 2.999999999999999556e+00
6.131618844795772016e-02 1.471169994802959877e+02 3.000000000000000444e+00
6.245844712439614643e-02 1.655257616130143958e+02 3.000000000000000444e+00
6.362198492657485105e-02 1.860812395434363395e+02 3.000000000000000000e+00
6.480719826311967524e-02 2.090108217684089880e+02 2.999999999999999556e+00
6.601449092734885948e-02 2.345643272499049772e+02 2.999999999999999556e+00
6.724427423484245769e-02 2.630166354295725455e+02 3.000000000000000444e+00
6.849696716357443760e-02 2.946708460407874099e+02 3.000000000000000000e+00
6.977299649665534564e-02 3.298621110292831986e+02 3.000000000000000444e+00
7.107279696773415034e-02 3.689602749842901517e+02 3.000000000000000000e+00
7.239681140910873836e-02 4.123603879839019442e+02 2.999999999999999556e+00
7.374549090259549522e-02 4.604881882555618517e+02 3.000000000000000888e+00
7.511929493320965157e-02 5.138081087542979049e+02 3.000000000000000000e+00
7.651869154570821452e-02 5.728275992843124413e+02 3.000000000000000000e+00
7.794415750404946885e-02 6.381023210854029912e+02 3.000000000000000444e+00
7.939617845382279659e-02 7.102424713387886186e+02 3.000000000000000444e+00
8.087524908770453436e-02 7.899191282390752349e+02 3.000000000000001332e+00
8.238187331399605962e-02 8.778492900466600304e+02 3.000000000000000000e+00
8.391656442830157381e-02 9.747955923270358198e+02 3.000000000000001332e+00
8.547984528840409102e-02 1.081584965421149946e+03 3.000000000000000444e+00
8.707224849239916797e-02 1.199116282808199685e+03 3.000000000000000000e+00
8.869431656014709064e-02 1.328369183342602128e+03 3.000000000000000000e+00
9.034660211810524588e-02 1.470414813231387143e+03 3.000000000000000000e+00
9.202966808760409956e-02 1.626408595159269908e+03 2.999999999999999556e+00
9.374408787662991127e-02 1.797564989492489076e+03 3.000000000000000000e+00
9.549044557518077125e-02 1.985190090781107074e+03 2.999999999999999556e+00
9.726933615426168467e-02 2.190697049601951221e+03 2.999999999999999556e+00
9.908136566858666283e-02 2.415619423470439870e+03 3.000000000000000444e+00
1.009271514630570854e-01 2.661625599757993768e+03 2.999999999999999556e+00
1.028073223830864719e-01 2.930485522965158452e+03 3.000000000000000444e+00
1.047225189888434382e-01 3.224059888284210501e+03 3.000000000000000000e+00
1.066733937734857113e-01 3.544348981890383584e+03 3.000000000000000000e+00
1.086606113854596822e-01 3.893511774026194416e+03 3.000000000000000000e+00
1.106848488549412035e-01 4.273886496335018819e+03 2.999999999999999556e+00
1.127467958244946084e-01 4.687958615925611412e+03 3.000000000000000444e+00
1.148471547840289042e-01 5.138320556627712904e+03 3.000000000000000000e+00
1.169866413101306873e-01 5.627745037602191587e+03 3.000000000000000000e+00
1.191659843098558796e-01 6.159214776033307317e+03 2.999999999999999556e+00
1.213859262690627772e-01 6.735944101211557609e+03 3.000000000000000444e+00
1.236472235053715091e-01 7.361296408505216277e+03 3.000000000000000000e+00
1.259506464258357550e-01 8.038791503901084980e+03 2.999999999999999112e+00
1.282969797894147612e-01 8.772193535005098965e+03 3.000000000000000444e+00
1.306870229743346268e-01 9.565545815158960977e+03 2.999999999999998668e+00
1.331215902504307713e-01 1.042311974473331793e+04 3.000000000000000000e+00
1.356015110565633452e-01 1.134933140786455078e+04 2.999999999999999556e+00
1.381276302832009362e-01 1.234887330266820936e+04 2.999999999999999556e+00
1.407008085602685088e-01 1.342676843183291930e+04 2.999999999999999112e+00
1.433219225503573890e-01 1.458830166599945551e+04 2.999999999999999112e+00
1.459918652473978506e-01 1.583890133739083467e+04 2.999999999999999556e+00
1.487115462808953625e-01 1.718431178164226003e+04 3.000000000000000444e+00
1.514818922258345801e-01 1.863065526492711433e+04 3.000000000000000000e+00
1.543038469183564687e-01 2.018432192369179393e+04 3.000000000000000000e+00
1.571783717773162781e-01 2.185196575095995649e+04 3.000000000000000444e+00
1.601064461318317811e-01 2.364067841673407383e+04 3.000000000000000000e+00
1.630890675549332702e-01 2.555791575832821400e+04 3.000000000000000000e+00
1.661272522034293042e-01 2.761105744628399043e+04 3.000000000000000000e+00
1.692220351641037235e-01 2.980770940654385049e+04 3.000000000000000444e+00
1.723744708063619790e-01 3.215585504450662120e+04 3.000000000000000444e+00
1.755856331414468730e-01 3.466391996191869839e+04 3.000000000000000444e+00
1.788566161883461958e-01 3.734085652777700307e+04 3.000000000000000444e+00
1.821885343465165230e-01 4.019619842251037335e+04 3.000000000000000888e+00
1.855825227755517060e-01 4.323950134027330205e+04 3.000000000000000000e+00
1.890397377819219571e-01 4.648039600699124276e+04 3.000000000000000444e+00
1.925613572129196704e-01 4.992902275731453847e+04 2.999999999999999556e+00
1.961485808579429280e-01 5.359615158321973286e+04 3.000000000000000000e+00
1.998026308572548593e-01 5.749332686608736549e+04 3.000000000000000444e+00
2.035247521183575770e-01 6.163261222379511310e+04 3.000000000000000000e+00
2.073162127401229071e-01 6.602481230453195167e+04 2.999999999999999556e+00
2.111783044448242164e-01 7.068033432038743922e+04 2.999999999999999556e+00
2.151123430182164953e-01 7.560970991216444236e+04 2.999999999999999556e+00
2.191196687578147451e-01 8.082363974613955361e+04 2.999999999999999112e+00
2.232016469295232397e-01 8.633306213786102307e+04 2.999999999999999112e+00
2.273596682327715113e-01 9.214925110470769869e+04 2.999999999999999556e+00
2.315951492743152096e-01 9.828394990777545900e+04 2.999999999999999556e+00
2.359095330508633737e-01 1.047495469662173564e+05 3.000000000000000888e+00
2.403042894406967056e-01 1.115593019690371730e+05 2.999999999999999556e+00
2.447809157044440187e-01 1.187276311093126424e+05 3.000000000000000444e+00
2.493409369951877785e-01 1.262704616777135816e+05 3.000000000000000000e+00
2.539859068780723761e-01 1.342048681640730356e+05 2.999999999999999556e+00
2.587174078595921300e-01 1.425447157139652409e+05 3.000000000000000888e+00
2.635370519267393186e-01 1.513024129148376815e+05 3.000000000000000444e+00
2.684464810961962322e-01 1.604906134921096673e+05 2.999999999999999556e+00
2.734473679737579599e-01 1.701223965124987590e+05 3.000000000000000888e+00
2.785414163241766161e-01 1.802114977362375066e+05 3.000000000000000444e+00
2.837303616516211324e-01 1.907726047760545334e+05 3.000000000000000444e+00
2.890159717909508430e-01 2.018217264862822485e+05 3.000000000000000444e+00
2.944000475100033709e-01 2.133766483867263596e+05 3.000000000000000888e+00
2.998844231231027613e-01 2.254574875980347570e+05 3.000000000000000444e+00
3.054709671159968054e-01 2.380860778623108054e+05 3.000000000000000444e+00
3.111615827824359970e-01 2.512816812627735781e+05 3.000000000000000000e+00
3.169582088726115021e-01 2.650640699290609336e+05 2.999999999999999556e+00
3.228628202536730218e-01 2.794552995151352370e+05 3.000000000000000000e+00
3.288774285825510346e-01 2.944803598645037273e+05 3.000000000000000444e+00
3.350040829913132900e-01 3.101679551946097636e+05 3.000000000000000000e+00
3.412448707852889229e-01 3.265514341749344021e+05 2.999999999999999556e+00
3.476019181541977754e-01 3.436698939951520297e+05 2.999999999999999556e+00
3.540773908965269556e-01 3.615688445468443679e+05 2.999999999999999556e+00
3.606734951574028236e-01 3.802928401886006468e+05 3.000000000000000888e+00
3.673924781802074269e-01 3.998863356268396019e+05 3.000000000000000444e+00
3.742366290721980682e-01 4.203998999515286414e+05 3.000000000000000444e+00
3.812082795843887983e-01 4.418916293445930933e+05 3.000000000000000888e+00
3.883098049059605095e-01 4.644286702597387484e+05 3.000000000000000444e+00
3.955436244734701345e-01 4.880890195330366259e+05 3.000000000000000000e+00
4.029122027951347884e-01 5.129633684285144554e+05 3.000000000000000444e+00
4.104180502904709038e-01 5.391453546984305140e+05 2.999999999999999112e+00
4.180637241455757991e-01 5.667251417931283358e+05 2.999999999999999556e+00
4.258518291843414461e-01 5.958028040239139227e+05 3.000000000000000000e+00
4.337850187558989212e-01 6.264911490890404675e+05 3.000000000000000000e+00
4.418659956385941334e-01 6.589179026115698507e+05 2.999999999999999556e+00
4.500975129608046355e-01 6.932282879260298796e+05 3.000000000000000444e+00
4.584823751389096036e-01 7.295809745297108311e+05 2.999999999999999556e+00
4.670234388327330621e-01 7.681267581407532562e+05 2.999999999999999556e+00
4.757236139187884794e-01 8.090243907156063942e+05 2.999999999999999112e+00
4.845858644816490868e-01 8.524479717695328873e+05 3.000000000000000000e+00
4.936132098237911991e-01 8.985889523297351552e+05 2.999999999999999556e+00
5.028087254942474882e-01 9.476582293800993357e+05 3.000000000000000000e+00
5.121755443364236493e-01 9.998705236885923659e+05 2.999999999999999556e+00
5.217168575554343990e-01 1.055425996723221615e+06 3.000000000000000888e+00
5.314359158053235666e-01 1.114530986970850499e+06 3.000000000000000000e+00
5.413360302965375404e-01 1.177400052397315856e+06 3.000000000000000000e+00
5.514205739240296555e-01 1.244255263329736888e+06 3.000000000000000444e+00
5.616929824163804374e-01 1.315325224103899673e+06 2.999999999999999556e+00
5.721567555063246102e-01 1.390843773251327919e+06 3.000000000000000444e+00
5.828154581230839959e-01 1.471048305644135922e+06 3.000000000000000444e+00
5.936727216069119795e-01 1.556177653403416509e+06 2.999999999999999112e+00
6.047322449462643190e-01 1.646469579323691316e+06 3.000000000000000000e+00
6.159977960380161877e-01 1.742161995703890687e+06 2.999999999999999112e+00
6.274732129711574347e-01 1.843492128478640690e+06 2.999999999999999556e+00
6.391624053343999412e-01 1.950688762439611601e+06 2.999999999999999112e+00
6.510693555481454897e-01 2.063967378221210791e+06 3.000000000000000000e+00
6.631981202212668958e-01 2.183524763432180509e+06 3.000000000000000444e+00
6.755528315331639222e-01 2.309532735018910374e+06 3.000000000000000000e+00
6.881376986415662644e-01 2.442130891195950098e+06 2.999999999999999556e+00
7.009570091165617800e-01 2.581418324387354776e+06 3.000000000000000444e+00
7.140151304013395706e-01 2.727469388998401351e+06 3.000000000000000444e+00
7.273165113001454074e-01 2.880394288653364871e+06 3.000000000000000888e+00
7.408656834939559843e-01 3.040290294924709480e+06 3.000000000000000888e+00
7.546672630843886953e-01 3.207223912006926257e+06 3.000000000000000888e+00
7.687259521663728501e-01 3.381226522519062273e+06 3.000000000000000000e+00
7.830465404301183430e-01 3.562289864153704606e+06 3.000000000000000444e+00
7.976339067929273385e-01 3.750361385519016534e+06 3.000000000000000444e+00
8.124930210614047521e-01 3.945345686465668026e+06 3.000000000000000000e+00
8.276289456246344045e-01 4.147138969759022351e+06 3.000000000000000000e+00
8.430468371788967241e-01 4.355614072277337313e+06 3.000000000000000000e+00
8.587519484845170803e-01 4.570606028259892948e+06 2.999999999999999556e+00
8.747496301554414933e-01 4.791911878521941602e+06 3.000000000000000000e+00
8.910453324821513421e-01 5.019291240908718668e+06 2.999999999999999112e+00
9.076446072885356875e-01 5.252468087374089286e+06 2.999999999999999112e+00
9.245531098233570333e-01 5.491144278619379736e+06 2.999999999999999556e+00
9.417766006869519035e-01 5.735008613716831431e+06 2.999999999999999556e+00
9.593209477938241525e-01 5.983732928102030419e+06 3.000000000000000444e+00
9.771921283717996953e-01 6.236978457346796058e+06 3.000000000000000000e+00
9.953962309984233370e-01 6.494404199584580027e+06 3.000000000000000444e+00
1.013939457675291811e+00 6.755662799875525758e+06 3.000000000000000888e+00
1.032828125941028574e+00 7.020292117747297511e+06 3.000000000000001332e+00
1.052068671023622892e+00 7.287751300023426302e+06 3.000000000000000000e+00
1.071667648032863296e+00 7.557482371618642472e+06 3.000000000000000000e+00
1.091631734193614811e+00 7.828919539512589574e+06 3.000000000000000888e+00
1.111967731120699021e+00 8.101499413009623066e+06 3.000000000000000000e+00
1.132682567136153784e+00 8.374672652677692473e+06 3.000000000000000888e+00
1.153783299629660863e+00 8.647917062665354460e+06 3.000000000000000444e+00
1.175277117462945276e+00 8.920752129665547982e+06 3.000000000000000444e+00
1.197171343418965694e+00 9.192755003968743607e+06 3.000000000000000444e+00
1.219473436696737023e+00 9.463577915779957548e+06 3.000000000000000000e+00
1.242190995452616242e+00 9.732967025560094044e+06 3.000000000000000444e+00
1.265331759388941713e+00 1.000075726010322757e+07 3.000000000000000444e+00
1.288903612390891462e+00 1.026659434198916890e+07 3.000000000000000888e+00
1.312914585212463958e+00 1.052998615524120629e+07 3.000000000000000000e+00
1.337372858212495075e+00 1.079048959765550867e+07 3.000000000000000888e+00
1.362286764141645401e+00 1.104772789314102195e+07 3.000000000000000444e+00
1.387664790981307128e+00 1.130140561431422085e+07 2.999999999999999556e+00
1.413515584835394190e+00 1.155132467362890579e+07 3.000000000000000000e+00
1.439847952876006643e+00 1.179740128164097667e+07 2.999999999999999556e+00
1.466670866343967150e+00 1.203968389597118460e+07 3.000000000000000444e+00
1.493993463605256311e+00 1.227837222217442468e+07 3.000000000000000444e+00
1.521825053264385552e+00 1.251379001941419020e+07 3.000000000000000444e+00
1.550175117335768737e+00 1.274605726164210401e+07 3.000000000000000444e+00
1.579053314474174297e+00 1.297523659759618714e+07 3.000000000000000444e+00
1.608469483265355215e+00 1.320150502376118675e+07 3.000000000000000444e+00
1.638433645577983100e+00 1.342517006696707569e+07 3.000000000000000000e+00
1.668956009978023181e+00 1.364668610412332974e+07 3.000000000000000444e+00
1.700046975206716438e+00 1.386667197298648767e+07 3.000000000000000444e+00
1.731717133723352786e+00 1.408593013039797731e+07 3.000000000000000000e+00
1.763977275314043469e+00 1.430546029455648176e+07 3.000000000000000000e+00
1.796838390767719229e+00 1.452623672748226486e+07 3.000000000000000000e+00
1.830311675620611256e+00 1.474912688767862134e+07 2.999999999999999556e+00
1.864408533970485227e+00 1.497515638316975720e+07 3.000000000000000444e+00
1.899140582361933616e+00 1.520554637721344456e+07 3.000000000000000444e+00
1.934519653744044332e+00 1.544173757833848894e+07 3.000000000000000888e+00
1.970557801501798378e+00 1.568541782024779357e+07 3.000000000000000888e+00
2.007267303562568106e+00 1.593855211030605063e+07 3.000000000000000444e+00
2.044660666579115826e+00 1.620296409158674814e+07 3.000000000000000888e+00
2.082750630190514318e+00 1.647967562147071213e+07 3.000000000000000444e+00
2.121550171362450055e+00 1.676966954690481722e+07 3.000000000000000444e+00
2.161072508808376647e+00 1.707402946817228198e+07 3.000000000000000444e+00
2.201331107493030181e+00 1.739395168849777058e+07 3.000000000000000888e+00
2.242339683219845003e+00 1.773075880705162883e+07 3.000000000000000444e+00
2.284112207303823361e+00 1.808591521759140119e+07 3.000000000000000444e+00
2.326662911331458083e+00 1.846104482265777513e+07 3.000000000000000000e+00
2.370006292009327886e+00 1.885795133060295507e+07 3.000000000000000444e+00
2.414157116103017753e+00 1.927864157194926590e+07 3.000000000000000000e+00
2.459130425468043946e+00 1.972535235535128787e+07 3.000000000000000000e+00
2.504941542174502267e+00 2.020058119954863191e+07 2.999999999999999556e+00
2.551606073727183954e+00 2.070679023631483316e+07 3.000000000000000000e+00
2.599139918382932901e+00 2.124568654391330481e+07 2.999999999999999112e+00
2.647559270567066747e+00 2.181885273895977810e+07 3.000000000000000444e+00
2.696880626390692370e+00 2.242789227102178335e+07 3.000000000000000888e+00
2.747120789270811603e+00 2.307441335839416459e+07 3.000000000000000000e+00
2.798296875655115645e+00 2.376000866798631847e+07 3.000000000000000000e+00
2.850426320853434614e+00 2.448622997462287173e+07 3.000000000000000000e+00
2.903526884977813971e+00 2.525455693829322606e+07 3.000000000000000888e+00
2.957616658993253544e+00 2.606635903964388743e+07 3.000000000000000888e+00
3.012714070881164385e+00 2.692284412578014284e+07 3.000000000000000444e+00
3.068837891917642224e+00 2.782412985111078992e+07 3.000000000000000444e+00
3.126007243068700259e+00 2.876791432070238888e+07 3.000000000000000444e+00
3.184241601504649744e+00 2.975053911988667771e+07 3.000000000000000444e+00
3.243560807235807975e+00 3.076696024633714929e+07 3.000000000000000888e+00
3.303985069871854918e+00 3.181050150488881394e+07 3.000000000000000000e+00
3.365534975507090909e+00 3.287259225756764784e+07 3.000000000000000444e+00
3.428231493733967294e+00 3.394249753499403596e+07 3.000000000000000444e+00
3.492095984787267682e+00 3.500705247424402833e+07 3.000000000000000000e+00
3.557150206821382277e+00 3.605434541836730391e+07 2.999999999999999556e+00
3.623416323323146226e+00 3.709455391728700697e+07 2.999999999999999556e+00
3.690916910662774608e+00 3.815034497487883270e+07 2.999999999999999556e+00
3.759674965785463563e+00 3.925026278563574702e+07 3.000000000000000000e+00
3.829713914046277257e+00 4.042963331543289870e+07 3.000000000000000444e+00
3.901057617190989202e+00 4.173186956540235877e+07 3.000000000000000444e+00
3.973730381485604202e+00 4.321035656416027993e+07 3.000000000000000444e+00
4.047756965997318268e+00 4.492767678064960986e+07 3.000000000000000000e+00
4.123162591029748469e+00 4.691424515011457354e+07 3.000000000000000000e+00
4.199972946715301525e+00 4.917071369394055754e+07 2.999999999999999556e+00
4.278214201767612579e+00 5.169208318103059381e+07 3.000000000000000000e+00
4.357913012397025554e+00 5.446569937567241490e+07 3.000000000000000444e+00
4.439096531392166867e+00 5.746816143617366999e+07 2.999999999999999556e+00
4.521792417370697592e+00 6.066172761883990467e+07 2.999999999999999556e+00
4.606028844202397998e+00 6.399033451563395560e+07 3.000000000000000444e+00
4.691834510607794329e+00 6.737548434754392505e+07 2.999999999999999556e+00
4.779238649935595440e+00 7.071244410915952921e+07 2.999999999999999112e+00
4.868271040122278848e+00 7.386743659930461645e+07 3.000000000000000000e+00
4.958962013837211913e+00 7.667676526914121211e+07 2.999999999999999556e+00
5.051342468816761411e+00 7.895485711546052992e+07 3.000000000000000000e+00
5.145443878390924652e+00 8.060648573627951741e+07 3.000000000000000000e+00
5.241298302206056192e+00 8.164484573387543857e+07 3.000000000000000444e+00
5.338938397147350301e+00 8.211321139575456083e+07 3.000000000000000888e+00
5.438397428464796235e+00 8.207952937647111714e+07 3.000000000000000000e+00
5.539709281106400596e+00 8.163288832698841393e+07 3.000000000000000000e+00
5.642908471262536807e+00 8.087953874467173219e+07 3.000000000000000000e+00
5.748030158125351008e+00 7.993907820496854186e+07 2.999999999999999556e+00
5.855110155867238042e+00 7.894143953207361698e+07 2.999999999999999556e+00
5.964184945842459840e+00 7.802532401185660064e+07 3.000000000000000000e+00
6.075291689016070862e+00 7.732886767732781172e+07 3.000000000000000000e+00
6.188468238624382778e+00 7.688825221688117087e+07 3.000000000000000000e+00
6.303753153071275150e+00 7.667144356083019078e+07 2.999999999999999556e+00
6.421185709064758385e+00 7.664353918315902352e+07 3.000000000000000000e+00
6.540805914998252923e+00 7.676663455244922638e+07 3.000000000000000444e+00
6.662654524581149929e+00 7.699861698737978935e+07 3.000000000000000444e+00
6.786773050723295064e+00 7.729200486218771338e+07 3.000000000000000444e+00
6.913203779678127603e+00 7.759290673424825072e+07 3.000000000000000000e+00
7.041989785449288775e+00 7.784067083628132939e+07 3.000000000000000000e+00
7.173174944465612768e+00 7.799747928767575324e+07 3.000000000000000000e+00
7.306803950529499936e+00 7.807121800423036516e+07 3.000000000000000000e+00
7.442922330043757917e+00 7.807596346018809080e+07 2.999999999999999556e+00
7.581576457522110069e+00 7.802795648898069561e+07 3.000000000000000444e+00
7.722813571388642551e+00 7.794563966922603548e+07 3.000000000000000000e+00
7.866681790071582192e+00 7.784972310629348457e+07 2.999999999999999112e+00
8.013230128396878982e+00 7.776329243453465402e+07 3.000000000000000000e+00
8.162508514287219796e+00 7.770535165256194770e+07 3.000000000000000000e+00
8.314567805772055564e+00 7.767607443572455645e+07 2.999999999999999556e+00
8.469459808314576676e+00 7.767147592910863459e+07 3.000000000000000444e+00
8.627237292461440887e+00 7.768703704821500182e+07 2.999999999999999556e+00
8.787954011821311084e+00 7.771764478495460749e+07 3.000000000000000000e+00
8.951664721378293166e+00 7.775752990619702637e+07 3.000000000000000888e+00
9.118425196146562328e+00 7.780020304200650752e+07 3.000000000000000444e+00
9.288292250172489162e+00 7.783839054888150096e+07 3.000000000000000888e+00
9.461323755890759912e+00 7.786397200322416425e+07 3.000000000000000444e+00
9.637578663841079418e+00 7.786792173923708498e+07 3.000000000000000444e+00
9.817117022752183786e+00 7.784025749794481695e+07 3.000000000000000444e+00
1.000000000000000000e+01 7.777000000000000000e+07 3.000000000000000000e+00
