# Source: PRIMAT compilation, https://doi.org/10.1016/j.physrep.2018.04.005
1.000000000000000021e-03 4.330000000000001227e-19 3.000000000000000000e+00
1.018628990244687619e-03 5.276803704476051856e-19 3.000000000000000000e+00
1.037605019766911670e-03 6.438437236504058505e-19 3.000000000000000000e+00
1.056934553557988335e-03 7.864936006591213458e-19 2.999999999999999556e+00
1.076624177045493267e-03 9.618177682649080701e-19 2.999999999999999556e+00
1.096680598336868600e-03 1.177470130489489714e-18 3.000000000000000000e+00
1.117110650504824203e-03 1.442919374496724866e-18 2.999999999999999556e+00
1.137921293915315117e-03 1.769879841333426965e-18 2.999999999999999556e+00
1.159119618598885779e-03 2.172843570864566932e-18 3.000000000000000000e+00
1.180712846666190276e-03 2.669736650371968212e-18 3.000000000000000444e+00
1.202708334768511989e-03 3.282728030210590543e-18 3.000000000000000000e+00
1.225113576604118949e-03 4.039225008900651510e-18 2.999999999999999556e+00
1.247936205471311460e-03 4.973096804534822387e-18 2.999999999999999112e+00
1.271183996869028896e-03 6.126176208991279463e-18 3.000000000000000888e+00
1.294864871145904933e-03 7.550099473796908667e-18 3.000000000000000000e+00
1.318986896198670470e-03 9.308556524707954360e-18 3.000000000000000888e+00
1.343558290220826226e-03 1.148003758048860902e-17 3.000000000000000000e+00
1.368587424502519176e-03 1.416117849877789143e-17 2.999999999999999556e+00
1.394082826282578647e-03 1.747082592233605908e-17 3.000000000000000000e+00
1.420053181653683095e-03 2.155496476876531956e-17 3.000000000000000888e+00
1.446507338521647217e-03 2.659267497873563197e-17 2.999999999999999556e+00
1.473454309619835756e-03 3.280331184080141254e-17 3.000000000000000444e+00
1.500903275579736594e-03 4.045513469677178697e-17 3.000000000000000000e+00
1.528863588058731147e-03 4.987564234816522821e-17 3.000000000000000000e+00
1.557344772926135207e-03 6.146390984743994906e-17 3.000000000000000444e+00
1.586356533508589657e-03 7.570526022389996701e-17 3.000000000000000444e+00
1.615908753895919101e-03 9.318864553724764435e-17 3.000000000000000000e+00
1.646011502308549748e-03 1.146271537488810458e-16 3.000000000000000000e+00
1.676675034527699143e-03 1.408821003354514644e-16 3.000000000000000000e+00
1.707909797389426916e-03 1.729912052569657765e-16 3.000000000000000888e+00
1.739726432343800767e-03 2.122013956475015641e-16 3.000000000000000444e+00
1.772135779080358372e-03 2.600068112458630072e-16 3.000000000000000000e+00
1.805148879221108154e-03 3.181926221449409252e-16 2.999999999999999556e+00
1.838776980082326793e-03 3.888852963858068947e-16 2.999999999999999556e+00
1.873031538506436536e-03 4.746099785499127667e-16 3.000000000000000888e+00
1.907924224765265072e-03 5.783556614097116812e-16 2.999999999999999556e+00
1.943466926536020246e-03 7.036488544093229578e-16 2.999999999999999556e+00
1.979671752951332481e-03 8.546364814867578277e-16 3.000000000000000000e+00
2.016551038724746607e-03 1.036178786371987901e-15 2.999999999999999556e+00
2.054117348353064112e-03 1.253953100594175189e-15 3.000000000000000444e+00
2.092383480396977150e-03 1.514569458614834773e-15 3.000000000000000000e+00
2.131362471841437810e-03 1.825699253867953640e-15 3.000000000000000000e+00
2.171067602537264923e-03 2.196218456291283557e-15 3.000000000000000000e+00
2.211512399725488933e-03 2.636367404532837317e-15 2.999999999999999556e+00
2.252710642645980484e-03 3.157929906168853663e-15 3.000000000000000000e+00
2.294676367231936100e-03 3.774435404956716675e-15 3.000000000000000000e+00
2.337423870891814758e-03 4.501389403276278645e-15 3.000000000000000000e+00
2.380967717380358135e-03 5.356539283370684513e-15 2.999999999999999556e+00
2.425322741760352948e-03 6.360185307847722167e-15 3.000000000000000444e+00
2.470504055456825433e-03 7.535550095984412354e-15 2.999999999999999556e+00
2.516527051405391836e-03 8.909224524005629800e-15 3.000000000000000444e+00
2.563407409296514835e-03 1.051171412303139507e-14 3.000000000000000444e+00
2.611161100917459583e-03 1.237811810330543252e-14 3.000000000000000000e+00
2.659804395593758260e-03 1.454898374280649743e-14 3.000000000000000444e+00
2.709353865732051433e-03 1.707139291532667930e-14 2.999999999999999556e+00
2.759826392466180594e-03 2.000035623461029614e-14 3.000000000000000888e+00
2.811239171408464344e-03 2.340061543178551846e-14 3.000000000000000000e+00
2.863609718508115885e-03 2.734898873505355235e-14 3.000000000000000444e+00
2.916955876018795853e-03 3.193744094469296269e-14 2.999999999999999556e+00
2.971295818577334054e-03 3.727712513936601145e-14 3.000000000000000444e+00
3.026648059395692196e-03 4.350334547066669120e-14 3.000000000000000444e+00
3.083031456568277075e-03 5.077089033144463473e-14 3.000000000000000000e+00
3.140465219496752208e-03 5.925073283228554675e-14 2.999999999999999556e+00
3.198968915434537586e-03 6.913990991153670873e-14 3.000000000000000000e+00
3.258562476153226226e-03 8.066564225251194039e-14 3.000000000000000444e+00
3.319266204733189573e-03 9.408945280212917069e-14 3.000000000000000888e+00
3.381100782480685445e-03 1.097117232014113913e-13 3.000000000000000444e+00
3.444087275973823411e-03 1.278767057665209072e-13 3.000000000000000000e+00
3.508247144239792347e-03 1.489780021688647579e-13 3.000000000000000000e+00
3.573602246065788347e-03 1.734645115567960780e-13 3.000000000000000000e+00
3.640174847446141400e-03 2.018468403852829040e-13 2.999999999999999556e+00
3.707987629168172684e-03 2.347041535909327282e-13 2.999999999999999556e+00
3.777063694539364597e-03 2.726914319903180054e-13 2.999999999999999556e+00
3.847426577258505898e-03 3.165470840569158161e-13 2.999999999999999556e+00
3.919100249433401899e-03 3.671008419025888889e-13 3.000000000000000444e+00
3.992109129748053209e-03 4.252818519487958097e-13 3.000000000000000444e+00
4.066478091781853925e-03 4.921304503653622046e-13 3.000000000000000000e+00
4.142232472483897525e-03 5.688290440332002712e-13 2.999999999999999556e+00
4.219398080805024202e-03 6.567149643822872207e-13 3.000000000000000000e+00
4.298001206490798497e-03 7.572951129204735355e-13 3.000000000000000444e+00
4.378068629038166758e-03 8.722688846722345499e-13 2.999999999999999556e+00
4.459627626819095622e-03 1.003555492355215807e-12 3.000000000000000000e+00
4.542705986374042521e-03 1.153326884003279061e-12 3.000000000000000444e+00
4.627332011878692967e-03 1.324047803021531178e-12 3.000000000000000000e+00
4.713534534786906725e-03 1.518524991902587756e-12 3.000000000000000000e+00
4.801342923653449841e-03 1.739968125623227110e-12 2.999999999999999112e+00
4.890787094139589959e-03 1.992065820943815283e-12 3.000000000000000000e+00
4.981897519205159656e-03 2.279081062622765059e-12 2.999999999999999556e+00
5.074705239490466188e-03 2.605924815921137243e-12 3.000000000000000000e+00
5.169241873891598608e-03 2.977920414893395134e-12 2.999999999999999556e+00
5.265539630332755246e-03 3.400895966252152924e-12 3.000000000000000000e+00
5.363631316739239652e-03 3.881356446170109238e-12 3.000000000000000444e+00
5.463550352214875498e-03 4.426553326504203969e-12 3.000000000000000000e+00
5.565330778427646403e-03 5.044560527384974524e-12 3.000000000000000000e+00
5.669007271207434327e-03 5.744358454623355473e-12 2.999999999999999556e+00
5.774615152359819509e-03 6.535927656266104637e-12 3.000000000000000000e+00
5.882190401699956099e-03 7.430354099559687563e-12 2.999999999999999556e+00
5.991769669310619169e-03 8.439948671006784625e-12 3.000000000000000000e+00
6.103390288028621123e-03 9.578397258073686360e-12 3.000000000000000000e+00
6.217090286163826779e-03 1.086099117402582804e-11 2.999999999999999556e+00
6.332908400455114321e-03 1.230481893909066575e-11 3.000000000000000000e+00
6.450884089267692675e-03 1.392900239435997228e-11 3.000000000000000444e+00
6.571057546036270826e-03 1.575500063726524123e-11 3.000000000000000000e+00
6.693469712958660493e-03 1.780698100735272758e-11 3.000000000000000444e+00
6.818162294944479437e-03 2.011227504711036931e-11 3.000000000000000888e+00
6.945177773823696388e-03 2.270194227964537907e-11 3.000000000000000888e+00
7.074559422819878297e-03 2.561134347933285625e-11 3.000000000000000888e+00
7.206351321293052656e-03 2.887860562778778301e-11 3.000000000000000000e+00
7.340598369757212090e-03 3.254423566895833884e-11 3.000000000000000000e+00
7.477346305177588227e-03 3.665262630306804983e-11 3.000000000000000888e+00
7.616641716552892058e-03 4.125239241907135771e-11 2.999999999999999112e+00
7.758532060787835978e-03 4.639667771733093396e-11 3.000000000000000000e+00
7.903065678861348128e-03 5.214347911265845049e-11 3.000000000000000444e+00
8.050291812295981564e-03 5.855600321762672360e-11 3.000000000000000000e+00
8.200260619934130954e-03 6.570371756343947368e-11 2.999999999999999556e+00
8.353023195026778799e-03 7.366369496559824452e-11 3.000000000000000000e+00
8.508631582640582489e-03 8.252087081279985904e-11 3.000000000000000000e+00
8.667138797389234081e-03 9.236897679331285609e-11 3.000000000000000888e+00
8.828598841495149604e-03 1.033117524657734410e-10 3.000000000000000000e+00
8.993066723187623582e-03 1.154644249719165685e-10 3.000000000000000000e+00
9.160598475443709407e-03 1.289547109345667986e-10 2.999999999999999556e+00
9.331251175078249249e-03 1.439211486461048789e-10 2.999999999999999112e+00
9.505082962189511861e-03 1.605160787424926235e-10 3.000000000000000000e+00
9.682153059967075343e-03 1.789085645821311000e-10 2.999999999999999556e+00
9.862521794868784469e-03 1.992869908861240797e-10 2.999999999999999112e+00
1.004625061717340749e-02 2.218622081560496954e-10 2.999999999999999112e+00
1.023340212191641702e-02 2.468649156702381758e-10 3.000000000000000000e+00
1.042404007021556327e-02 2.745387216955016738e-10 2.999999999999998668e+00
1.061822941099384125e-02 3.051491737987745923e-10 2.999999999999999112e+00
1.081603630310709954e-02 3.389874576550156434e-10 2.999999999999998668e+00
1.101752813788386791e-02 3.763734417607943318e-10 3.000000000000000444e+00
1.122277356208507652e-02 4.176535600169710968e-10 3.000000000000000444e+00
1.143184250129149725e-02 4.631874077650297134e-10 2.999999999999999556e+00
1.164480618372686072e-02 5.133563962261574727e-10 2.999999999999999556e+00
1.186173716452478509e-02 5.685669067080244618e-10 3.000000000000000444e+00
1.208270935044776506e-02 6.292510704199140848e-10 2.999999999999999556e+00
1.230779802506665188e-02 6.958866457326126809e-10 3.000000000000000000e+00
1.253707987440920262e-02 7.690196672037113649e-10 2.999999999999999112e+00
1.277063301308643990e-02 8.492563956655584030e-10 2.999999999999999556e+00
1.300853701090571267e-02 9.372720921123554294e-10 2.999999999999999556e+00
1.325087291997953214e-02 1.033810732314627249e-09 2.999999999999998668e+00
1.349772330233941706e-02 1.139653484795265357e-09 2.999999999999999112e+00
1.374917225806419029e-02 1.255647836650876596e-09 2.999999999999999112e+00
1.400530545393219653e-02 1.382726712167511886e-09 2.999999999999999112e+00
1.426621015260736910e-02 1.521908000866832294e-09 2.999999999999999556e+00
1.453197524236895383e-02 1.674258914672377946e-09 3.000000000000000000e+00
1.480269126739508674e-02 1.840926012071976779e-09 3.000000000000000000e+00
1.507845045861051086e-02 2.023154248574011863e-09 3.000000000000000000e+00
1.535934676510897039e-02 2.222262477536611076e-09 3.000000000000000000e+00
1.564547588616095955e-02 2.439602132768142869e-09 3.000000000000000888e+00
1.593693530381774456e-02 2.676595997135762233e-09 3.000000000000000444e+00
1.623382431612278159e-02 2.934756602767656227e-09 2.999999999999999556e+00
1.653624407094180307e-02 3.215785442140269524e-09 2.999999999999999556e+00
1.684429760042315330e-02 3.521579117214580917e-09 2.999999999999999112e+00
1.715808985610004986e-02 3.854222135188085209e-09 3.000000000000000000e+00
1.747772774464680795e-02 4.216019207939833564e-09 2.999999999999999556e+00
1.780332016430113962e-02 4.609535458742837078e-09 2.999999999999999556e+00
1.813497804196495186e-02 5.037640128654953812e-09 3.000000000000000000e+00
1.847281437099634188e-02 5.503316487854967492e-09 3.000000000000000000e+00
1.881694424970555696e-02 6.009499526023670164e-09 2.999999999999999556e+00
1.916748492056815148e-02 6.559290673964766722e-09 3.000000000000000000e+00
1.952455581016860828e-02 7.155984905742262010e-09 3.000000000000000444e+00
1.988827856988809734e-02 7.803082491431765714e-09 3.000000000000000000e+00
2.025877711735016989e-02 8.504301500429299862e-09 3.000000000000000888e+00
2.063617767863858837e-02 9.263578827698333896e-09 3.000000000000000000e+00
2.102060883130158278e-02 1.008508800178244740e-08 3.000000000000000000e+00
2.141220154815729262e-02 1.097326731886368767e-08 3.000000000000000444e+00
2.181108924191518805e-02 1.193284635530547346e-08 3.000000000000000444e+00
2.221740781062883641e-02 1.296887880585214693e-08 3.000000000000000000e+00
2.263129568399528321e-02 1.408678337969318857e-08 2.999999999999999556e+00
2.305289387051707301e-02 1.529239471806951296e-08 3.000000000000000000e+00
2.348234600554275145e-02 1.659202669654200538e-08 3.000000000000000000e+00
2.391979840020238418e-02 1.799255095427051447e-08 3.000000000000000000e+00
2.436540009125464853e-02 1.950149407218123844e-08 2.999999999999999112e+00
2.481930289186254010e-02 2.112715752903573698e-08 2.999999999999999112e+00
2.528166144331499277e-02 2.287870132505139150e-08 3.000000000000000000e+00
2.575263326771199887e-02 2.476532202941836133e-08 3.000000000000000000e+00
2.623237882163122203e-02 2.679616478302837153e-08 3.000000000000000000e+00
2.672106155079433804e-02 2.898091488977984695e-08 2.999999999999999556e+00
2.721884794575178332e-02 3.132986848771660223e-08 2.999999999999999112e+00
2.772590759860482645e-02 3.385400048552104554e-08 2.999999999999999556e+00
2.824241326078434297e-02 3.656504851405739926e-08 2.999999999999999556e+00
2.876854090190592711e-02 3.947561663029751069e-08 2.999999999999999112e+00
2.930446976972142861e-02 4.259930324587526524e-08 2.999999999999999556e+00
2.985038245118730796e-02 4.595085862945174942e-08 3.000000000000000000e+00
3.040646493467067182e-02 4.954621816937599942e-08 2.999999999999999556e+00
3.097290667331408301e-02 5.340117248757422512e-08 2.999999999999999556e+00
3.154990064958086704e-02 5.753158048561705850e-08 2.999999999999999556e+00
3.213764344100276948e-02 6.195407355193059939e-08 2.999999999999999556e+00
3.273633528715245988e-02 6.668612839315807841e-08 3.000000000000000000e+00
3.334618015786364187e-02 7.174615072491996682e-08 3.000000000000000000e+00
3.396738582272208068e-02 7.715358189515609777e-08 3.000000000000000000e+00
3.460016392185108480e-02 8.292903398513337259e-08 3.000000000000000444e+00
3.524473003801584237e-02 8.909445996104947247e-08 3.000000000000000444e+00
3.590130377007068330e-02 9.567336665204371619e-08 3.000000000000000444e+00
3.657010880777489259e-02 1.026910797477534711e-07 2.999999999999999112e+00
3.725137300800209633e-02 1.101750716921673443e-07 3.000000000000000444e+00
3.794532847236938011e-02 1.181553653692809296e-07 2.999999999999999112e+00
3.865221162631261864e-02 1.266650289210229679e-07 2.999999999999999112e+00
3.937226329963479377e-02 1.357407800302241145e-07 3.000000000000000000e+00
4.010572880855495931e-02 1.454237156143918188e-07 3.000000000000000000e+00
4.085285803928561527e-02 1.557568141577470717e-07 3.000000000000000000e+00
4.161390553316707264e-02 1.667782377635742341e-07 2.999999999999999556e+00
4.238913057338778573e-02 1.785264027395876872e-07 3.000000000000000000e+00
4.317879727332021161e-02 1.910412140772277577e-07 3.000000000000000000e+00
4.398317466650223523e-02 2.043641279572259782e-07 3.000000000000000000e+00
4.480253679829489938e-02 2.185382373294047147e-07 3.000000000000000000e+00
4.563716281924758839e-02 2.336083876334272364e-07 2.999999999999999112e+00
4.648733708020256344e-02 2.496213310998395537e-07 3.000000000000000000e+00
4.735334922917116413e-02 2.666259296407155226e-07 3.000000000000001332e+00
4.823549431001467047e-02 2.846734181356066711e-07 3.000000000000000444e+00
4.913407286296361809e-02 3.038177419779451066e-07 3.000000000000000444e+00
5.004939102700953213e-02 3.241159850249462458e-07 3.000000000000000444e+00
5.098176064420424647e-02 3.456281377600238406e-07 3.000000000000000444e+00
5.193149936590212012e-02 3.684153659840221906e-07 3.000000000000000888e+00
5.289893076098151070e-02 3.925418736571420419e-07 3.000000000000001332e+00
5.388438442608223938e-02 4.180759997837126161e-07 3.000000000000000444e+00
5.488819609789671872e-02 4.450910058913855676e-07 3.000000000000000444e+00
5.591070776755290017e-02 4.736660483782542522e-07 3.000000000000000888e+00
5.695226779712821846e-02 5.038873707529121116e-07 3.000000000000000000e+00
5.801323103833375128e-02 5.358497568731598760e-07 3.000000000000001332e+00
5.909395895340967958e-02 5.696582936643108233e-07 3.000000000000000444e+00
6.019481973827271043e-02 6.054304564720386522e-07 2.999999999999999556e+00
6.131618844795772016e-02 6.432843593771515414e-07 3.000000000000000444e+00
6.245844712439614643e-02 6.833134458875806777e-07 3.000000000000000444e+00
6.362198492657485105e-02 7.256066508235459624e-07 3.000000000000000000e+00
6.480719826311967524e-02 7.702520670312085441e-07 2.999999999999999556e+00
6.601449092734885948e-02 8.173363764688185698e-07 2.999999999999999556e+00
6.724427423484245769e-02 8.669442510720404909e-07 3.000000000000000444e+00
6.849696716357443760e-02 9.191577315683287281e-07 3.000000000000000000e+00
6.977299649665534564e-02 9.740555946617794104e-07 3.000000000000000444e+00
7.107279696773415034e-02 1.031720446807051146e-06 3.000000000000000000e+00
7.239681140910873836e-02 1.092290689269153726e-06 2.999999999999999556e+00
7.374549090259549522e-02 1.155949458300443503e-06 3.000000000000000888e+00
7.511929493320965157e-02 1.222912032702388515e-06 3.000000000000000000e+00
7.651869154570821452e-02 1.293432911145969433e-06 3.000000000000000000e+00
7.794415750404946885e-02 1.367814340519634157e-06 3.000000000000000444e+00
7.939617845382279659e-02 1.446416508265020717e-06 3.000000000000000444e+00
8.087524908770453436e-02 1.529656696713357152e-06 3.000000000000001332e+00
8.238187331399605962e-02 1.617810888791050526e-06 3.000000000000000000e+00
8.391656442830157381e-02 1.710983513357431622e-06 3.000000000000001332e+00
8.547984528840409102e-02 1.809227752177767499e-06 3.000000000000000444e+00
8.707224849239916797e-02 1.912537119376183402e-06 3.000000000000000000e+00
8.869431656014709064e-02 2.020831171323151841e-06 3.000000000000000000e+00
9.034660211810524588e-02 2.133940222682678930e-06 3.000000000000000000e+00
9.202966808760409956e-02 2.251765855344496451e-06 2.999999999999999556e+00
9.374408787662991127e-02 2.374565664098579873e-06 3.000000000000000000e+00
9.549044557518077125e-02 2.502721353029644080e-06 2.999999999999999556e+00
9.726933615426168467e-02 2.636713534580748512e-06 2.999999999999999556e+00
9.908136566858666283e-02 2.777143565872785726e-06 3.000000000000000444e+00
1.009271514630570854e-01 2.924745908542083947e-06 2.999999999999999556e+00
1.028073223830864719e-01 3.080090019029044611e-06 3.000000000000000444e+00
1.047225189888434382e-01 3.243476302525980947e-06 3.000000000000000000e+00
1.066733937734857113e-01 3.415182710957686893e-06 3.000000000000000000e+00
1.086606113854596822e-01 3.595473315758496407e-06 3.000000000000000000e+00
1.106848488549412035e-01 3.784593449823781047e-06 2.999999999999999556e+00
1.127467958244946084e-01 3.982742602187215625e-06 3.000000000000000444e+00
1.148471547840289042e-01 4.190046649683575741e-06 3.000000000000000000e+00
1.169866413101306873e-01 4.406571621881691579e-06 3.000000000000000000e+00
1.191659843098558796e-01 4.632315048819047880e-06 2.999999999999999556e+00
1.213859262690627772e-01 4.867226223094122836e-06 3.000000000000000444e+00
1.236472235053715091e-01 5.111653188385049882e-06 3.000000000000000000e+00
1.259506464258357550e-01 5.366378712776766324e-06 2.999999999999999112e+00
1.282969797894147612e-01 5.632384994176508165e-06 3.000000000000000444e+00
1.306870229743346268e-01 5.910881800112104458e-06 2.999999999999998668e+00
1.331215902504307713e-01 6.202871070945682454e-06 3.000000000000000000e+00
1.356015110565633452e-01 6.508610552474022491e-06 2.999999999999999556e+00
1.381276302832009362e-01 6.828179855210488950e-06 2.999999999999999556e+00
1.407008085602685088e-01 7.161536145532146856e-06 2.999999999999999112e+00
1.433219225503573890e-01 7.508808917493712692e-06 2.999999999999999112e+00
1.459918652473978506e-01 7.870687320536035950e-06 2.999999999999999556e+00
1.487115462808953625e-01 8.248041528653174564e-06 3.000000000000000444e+00
1.514818922258345801e-01 8.641869069937929465e-06 3.000000000000000000e+00
1.543038469183564687e-01 9.052797761093395325e-06 3.000000000000000000e+00
1.571783717773162781e-01 9.480958454631235852e-06 3.000000000000000444e+00
1.601064461318317811e-01 9.926346273160640410e-06 3.000000000000000000e+00
1.630890675549332702e-01 1.038902408922503675e-05 3.000000000000000000e+00
1.661272522034293042e-01 1.086975981240710267e-05 3.000000000000000000e+00
1.692220351641037235e-01 1.136964365959752037e-05 3.000000000000000444e+00
1.723744708063619790e-01 1.188998012699564805e-05 3.000000000000000444e+00
1.755856331414468730e-01 1.243233144870071913e-05 3.000000000000000444e+00
1.788566161883461958e-01 1.299856850812964776e-05 3.000000000000000444e+00
1.821885343465165230e-01 1.359082437137678054e-05 3.000000000000000888e+00
1.855825227755517060e-01 1.421025206130811817e-05 3.000000000000000000e+00
1.890397377819219571e-01 1.485707768361768529e-05 3.000000000000000444e+00
1.925613572129196704e-01 1.553128418462703739e-05 2.999999999999999556e+00
1.961485808579429280e-01 1.623257909479024447e-05 3.000000000000000000e+00
1.998026308572548593e-01 1.696034220802708289e-05 3.000000000000000444e+00
2.035247521183575770e-01 1.771383741246388045e-05 3.000000000000000000e+00
2.073162127401229071e-01 1.849331898393790388e-05 2.999999999999999556e+00
2.111783044448242164e-01 1.929944051860296554e-05 2.999999999999999556e+00
2.151123430182164953e-01 2.013295643251138229e-05 2.999999999999999556e+00
2.191196687578147451e-01 2.099475008655759303e-05 2.999999999999999112e+00
2.232016469295232397e-01 2.188586687022358140e-05 2.999999999999999112e+00
2.273596682327715113e-01 2.280755287717082031e-05 2.999999999999999556e+00
2.315951492743152096e-01 2.376129996549489553e-05 2.999999999999999556e+00
2.359095330508633737e-01 2.474889814017070926e-05 3.000000000000000888e+00
2.403042894406967056e-01 2.577249637926184143e-05 2.999999999999999556e+00
2.447809157044440187e-01 2.683467326044364611e-05 3.000000000000000444e+00
2.493409369951877785e-01 2.793851904521783971e-05 3.000000000000000000e+00
2.539859068780723761e-01 2.908741343252332828e-05 2.999999999999999556e+00
2.587174078595921300e-01 3.028326457582044813e-05 3.000000000000000888e+00
2.635370519267393186e-01 3.152727274232372594e-05 3.000000000000000444e+00
2.684464810961962322e-01 3.282056793945581418e-05 2.999999999999999556e+00
2.734473679737579599e-01 3.416419623722261170e-05 3.000000000000000888e+00
2.785414163241766161e-01 3.555910333517595638e-05 3.000000000000000444e+00
2.837303616516211324e-01 3.700611672166416493e-05 3.000000000000000444e+00
2.890159717909508430e-01 3.850592640732105243e-05 3.000000000000000444e+00
2.944000475100033709e-01 4.005906423210964560e-05 3.000000000000000888e+00
2.998844231231027613e-01 4.166588176596109115e-05 3.000000000000000444e+00
3.054709671159968054e-01 4.332674531049358386e-05 3.000000000000000444e+00
3.111615827824359970e-01 4.504284735514893132e-05 3.000000000000000000e+00
3.169582088726115021e-01 4.681575225291598983e-05 2.999999999999999556e+00
3.228628202536730218e-01 4.864721961859813198e-05 3.000000000000000000e+00
3.288774285825510346e-01 5.053925132618331971e-05 3.000000000000000444e+00
3.350040829913132900e-01 5.249414646626823419e-05 3.000000000000000000e+00
3.412448707852889229e-01 5.451456536395829966e-05 2.999999999999999556e+00
3.476019181541977754e-01 5.660360393432221611e-05 2.999999999999999556e+00
3.540773908965269556e-01 5.876477232528430796e-05 2.999999999999999556e+00
3.606734951574028236e-01 6.100062988443277838e-05 3.000000000000000888e+00
3.673924781802074269e-01 6.331284442048056699e-05 3.000000000000000444e+00
3.742366290721980682e-01 6.570308479608465483e-05 3.000000000000000444e+00
3.812082795843887983e-01 6.817305534943625595e-05 3.000000000000000888e+00
3.883098049059605095e-01 7.072451280711137276e-05 3.000000000000000444e+00
3.955436244734701345e-01 7.335928731371998903e-05 3.000000000000000000e+00
4.029122027951347884e-01 7.607931133739605071e-05 3.000000000000000444e+00
4.104180502904709038e-01 7.888678439575696902e-05 2.999999999999999112e+00
4.180637241455757991e-01 8.178430218616946745e-05 2.999999999999999556e+00
4.258518291843414461e-01 8.477477986270975452e-05 3.000000000000000000e+00
4.337850187558989212e-01 8.786150899172732423e-05 3.000000000000000000e+00
4.418659956385941334e-01 9.104823649383086590e-05 2.999999999999999556e+00
4.500975129608046355e-01 9.433925623970097231e-05 3.000000000000000444e+00
4.584823751389096036e-01 9.773898373385329322e-05 2.999999999999999556e+00
4.670234388327330621e-01 1.012502859362062661e-04 2.999999999999999556e+00
4.757236139187884794e-01 1.048756540496219449e-04 2.999999999999999112e+00
4.845858644816490868e-01 1.086176630475192131e-04 3.000000000000000000e+00
4.936132098237911991e-01 1.124790001119748334e-04 2.999999999999999556e+00
5.028087254942474882e-01 1.164624971337288877e-04 3.000000000000000000e+00
5.121755443364236493e-01 1.205710060159554829e-04 2.999999999999999556e+00
5.217168575554343990e-01 1.248072728646361319e-04 3.000000000000000888e+00
5.314359158053235666e-01 1.291741821766519583e-04 3.000000000000000000e+00
5.413360302965375404e-01 1.336748286837659977e-04 3.000000000000000000e+00
5.514205739240296555e-01 1.383125745005827126e-04 3.000000000000000444e+00
5.616929824163804374e-01 1.430911166191207757e-04 2.999999999999999556e+00
5.721567555063246102e-01 1.480145661337886620e-04 3.000000000000000444e+00
5.828154581230839959e-01 1.530875407555683004e-04 3.000000000000000444e+00
5.936727216069119795e-01 1.583152723799923314e-04 2.999999999999999112e+00
6.047322449462643190e-01 1.637036859209891303e-04 3.000000000000000000e+00
6.159977960380161877e-01 1.692579428981309342e-04 2.999999999999999112e+00
6.274732129711574347e-01 1.749817177148309505e-04 2.999999999999999556e+00
6.391624053343999412e-01 1.808787647535482605e-04 2.999999999999999112e+00
6.510693555481454897e-01 1.869530790534437877e-04 3.000000000000000000e+00
6.631981202212668958e-01 1.932089616389613294e-04 3.000000000000000444e+00
6.755528315331639222e-01 1.996510967911892026e-04 3.000000000000000000e+00
6.881376986415662644e-01 2.062846428600144269e-04 2.999999999999999556e+00
7.009570091165617800e-01 2.131153382429217848e-04 3.000000000000000444e+00
7.140151304013395706e-01 2.201490794494314587e-04 3.000000000000000444e+00
7.273165113001454074e-01 2.273906160584873216e-04 3.000000000000000888e+00
7.408656834939559843e-01 2.348446975736697296e-04 3.000000000000000888e+00
7.546672630843886953e-01 2.425164659380088994e-04 3.000000000000000888e+00
7.687259521663728501e-01 2.504115523005897279e-04 3.000000000000000000e+00
7.830465404301183430e-01 2.585361903359375147e-04 3.000000000000000444e+00
7.976339067929273385e-01 2.668973482830892612e-04 3.000000000000000444e+00
8.124930210614047521e-01 2.755025259044573582e-04 3.000000000000000000e+00
8.276289456246344045e-01 2.843577356166418751e-04 3.000000000000000000e+00
8.430468371788967241e-01 2.934685059691124359e-04 3.000000000000000000e+00
8.587519484845170803e-01 3.028407975448273474e-04 2.999999999999999556e+00
8.747496301554414933e-01 3.124811139723170225e-04 3.000000000000000000e+00
8.910453324821513421e-01 3.223966292460513907e-04 2.999999999999999112e+00
9.076446072885356875e-01 3.325952961821631963e-04 2.999999999999999112e+00
9.245531098233570333e-01 3.430848531133512944e-04 2.999999999999999556e+00
9.417766006869519035e-01 3.538725132932767276e-04 2.999999999999999556e+00
9.593209477938241525e-01 3.649661415771892508e-04 3.000000000000000444e+00
9.771921283717996953e-01 3.763744745199666805e-04 3.000000000000000000e+00
9.953962309984233370e-01 3.881073035976152037e-04 3.000000000000000444e+00
1.013939457675291811e+00 4.001752448760844262e-04 3.000000000000000888e+00
1.032828125941028574e+00 4.125862392448150905e-04 3.000000000000001332e+00
1.052068671023622892e+00 4.253466894000838437e-04 3.000000000000000000e+00
1.071667648032863296e+00 4.384632876496269297e-04 3.000000000000000000e+00
1.091631734193614811e+00 4.519431314059533448e-04 3.000000000000000888e+00
1.111967731120699021e+00 4.657938422610721839e-04 3.000000000000000000e+00
1.132682567136153784e+00 4.800237066013572813e-04 3.000000000000000888e+00
1.153783299629660863e+00 4.946418405558000763e-04 3.000000000000000444e+00
1.175277117462945276e+00 5.096583823950085260e-04 3.000000000000000444e+00
1.197171343418965694e+00 5.250847158717353606e-04 3.000000000000000444e+00
1.219473436696737023e+00 5.409337284276698058e-04 3.000000000000000000e+00
1.242190995452616242e+00 5.572201087003013451e-04 3.000000000000000444e+00
1.265331759388941713e+00 5.739601716404469593e-04 3.000000000000000444e+00
1.288903612390891462e+00 5.911661387759975950e-04 3.000000000000000888e+00
1.312914585212463958e+00 6.088470189045392094e-04 3.000000000000000000e+00
1.337372858212495075e+00 6.270122387193508527e-04 3.000000000000000888e+00
1.362286764141645401e+00 6.456718498146124573e-04 3.000000000000000444e+00
1.387664790981307128e+00 6.648366950585022110e-04 2.999999999999999556e+00
1.413515584835394190e+00 6.845186039602742158e-04 3.000000000000000000e+00
1.439847952876006643e+00 7.047306207549870012e-04 2.999999999999999556e+00
1.466670866343967150e+00 7.254872693673146151e-04 3.000000000000000444e+00
1.493993463605256311e+00 7.468048599209237484e-04 3.000000000000000444e+00
1.521825053264385552e+00 7.687010708131174121e-04 3.000000000000000444e+00
1.550175117335768737e+00 7.911895657405701443e-04 3.000000000000000444e+00
1.579053314474174297e+00 8.142821481872974422e-04 3.000000000000000444e+00
1.608469483265355215e+00 8.379914610182753743e-04 3.000000000000000444e+00
1.638433645577983100e+00 8.623312204124194708e-04 3.000000000000000000e+00
1.668956009978023181e+00 8.873164712015448779e-04 3.000000000000000444e+00
1.700046975206716438e+00 9.129638839338073686e-04 3.000000000000000444e+00
1.731717133723352786e+00 9.392920989179247325e-04 3.000000000000000000e+00
1.763977275314043469e+00 9.663219923013471229e-04 3.000000000000000000e+00
1.796838390767719229e+00 9.940727215307790590e-04 3.000000000000000000e+00
1.830311675620611256e+00 1.022559999919657632e-03 2.999999999999999556e+00
1.864408533970485227e+00 1.051800576574042287e-03 3.000000000000000444e+00
1.899140582361933616e+00 1.081812824648313749e-03 3.000000000000000444e+00
1.934519653744044332e+00 1.112617093961269961e-03 3.000000000000000888e+00
1.970557801501798378e+00 1.144236118783472289e-03 3.000000000000000888e+00
2.007267303562568106e+00 1.176695468135549594e-03 3.000000000000000444e+00
2.044660666579115826e+00 1.210019510164427308e-03 3.000000000000000888e+00
2.082750630190514318e+00 1.244224632924179367e-03 3.000000000000000444e+00
2.121550171362450055e+00 1.279326642699838345e-03 3.000000000000000444e+00
2.161072508808376647e+00 1.315342251957434460e-03 3.000000000000000444e+00
2.201331107493030181e+00 1.352289342433082549e-03 3.000000000000000888e+00
2.242339683219845003e+00 1.390187274844406325e-03 3.000000000000000444e+00
2.284112207303823361e+00 1.429057251155311245e-03 3.000000000000000444e+00
2.326662911331458083e+00 1.468922735991888421e-03 3.000000000000000000e+00
2.370006292009327886e+00 1.509809944568267764e-03 3.000000000000000444e+00
2.414157116103017753e+00 1.551748405357275019e-03 3.000000000000000000e+00
2.459130425468043946e+00 1.594771606757433178e-03 3.000000000000000000e+00
2.504941542174502267e+00 1.638917732960320627e-03 2.999999999999999556e+00
2.551606073727183954e+00 1.684224407677476420e-03 3.000000000000000000e+00
2.599139918382932901e+00 1.730715597703623432e-03 2.999999999999999112e+00
2.647559270567066747e+00 1.778413451409773666e-03 3.000000000000000444e+00
2.696880626390692370e+00 1.827341489517714896e-03 3.000000000000000888e+00
2.747120789270811603e+00 1.877524968164976564e-03 3.000000000000000000e+00
2.798296875655115645e+00 1.928991304358821691e-03 3.000000000000000000e+00
2.850426320853434614e+00 1.981770571702798703e-03 3.000000000000000000e+00
2.903526884977813971e+00 2.035896075176531813e-03 3.000000000000000888e+00
2.957616658993253544e+00 2.091405014775231993e-03 3.000000000000000888e+00
3.012714070881164385e+00 2.148339203256772936e-03 3.000000000000000444e+00
3.068837891917642224e+00 2.206738713161123661e-03 3.000000000000000444e+00
3.126007243068700259e+00 2.266632726967558395e-03 3.000000000000000444e+00
3.184241601504649744e+00 2.328050628921759201e-03 3.000000000000000444e+00
3.243560807235807975e+00 2.391024127069969838e-03 3.000000000000000888e+00
3.303985069871854918e+00 2.455587805069226956e-03 3.000000000000000000e+00
3.365534975507090909e+00 2.521779763295857978e-03 3.000000000000000444e+00
3.428231493733967294e+00 2.589642360320293640e-03 3.000000000000000444e+00
3.492095984787267682e+00 2.659223067119050824e-03 3.000000000000000000e+00
3.557150206821382277e+00 2.730572722040902449e-03 2.999999999999999556e+00
3.623416323323146226e+00 2.803732095930681987e-03 2.999999999999999556e+00
3.690916910662774608e+00 2.878739715672559360e-03 2.999999999999999556e+00
3.759674965785463563e+00 2.955637603983143989e-03 3.000000000000000000e+00
3.829713914046277257e+00 3.034472046660902003e-03 3.000000000000000444e+00
3.901057617190989202e+00 3.115294470749913232e-03 3.000000000000000444e+00
3.973730381485604202e+00 3.198162455169919170e-03 3.000000000000000444e+00
4.047756965997318268e+00 3.283139196955180052e-03 3.000000000000000000e+00
4.123162591029748469e+00 3.370273490820977196e-03 3.000000000000000000e+00
4.199972946715301525e+00 3.459602383224602649e-03 2.999999999999999556e+00
4.278214201767612579e+00 3.551164564746595292e-03 3.000000000000000000e+00
4.357913012397025554e+00 3.645001211116537590e-03 3.000000000000000444e+00
4.439096531392166867e+00 3.741156649875003459e-03 2.999999999999999556e+00
4.521792417370697592e+00 3.839679139814032235e-03 2.999999999999999556e+00
4.606028844202397998e+00 3.940621777211275427e-03 3.000000000000000444e+00
4.691834510607794329e+00 4.044043544442484789e-03 2.999999999999999556e+00
4.779238649935595440e+00 4.150010518347710224e-03 2.999999999999999112e+00
4.868271040122278848e+00 4.258597257787940550e-03 3.000000000000000000e+00
4.958962013837211913e+00 4.369888392217792690e-03 2.999999999999999556e+00
5.051342468816761411e+00 4.483978660890070543e-03 3.000000000000000000e+00
5.145443878390924652e+00 4.600942451838568523e-03 3.000000000000000000e+00
5.241298302206056192e+00 4.720831426781804327e-03 3.000000000000000444e+00
5.338938397147350301e+00 4.843699236385429381e-03 3.000000000000000888e+00
5.438397428464796235e+00 4.969603182585753329e-03 3.000000000000000000e+00
5.539709281106400596e+00 5.098605131562293155e-03 3.000000000000000000e+00
5.642908471262536807e+00 5.230772577500412794e-03 3.000000000000000000e+00
5.748030158125351008e+00 5.366179875794015001e-03 2.999999999999999556e+00
5.855110155867238042e+00 5.504909666449980810e-03 2.999999999999999556e+00
5.964184945842459840e+00 5.647054510870541492e-03 3.000000000000000000e+00
6.075291689016070862e+00 5.792715934536500633e-03 3.000000000000000000e+00
6.188468238624382778e+00 5.941975152258076320e-03 3.000000000000000000e+00
6.303753153071275150e+00 6.094899351967411789e-03 2.999999999999999556e+00
6.421185709064758385e+00 6.251560427205213669e-03 3.000000000000000000e+00
6.540805914998252923e+00 6.412036476883543369e-03 3.000000000000000444e+00
6.662654524581149929e+00 6.576413201639887650e-03 3.000000000000000444e+00
6.786773050723295064e+00 6.744785517855496869e-03 3.000000000000000444e+00
6.913203779678127603e+00 6.917259415818868308e-03 3.000000000000000000e+00
7.041989785449288775e+00 7.093953747236788135e-03 3.000000000000000000e+00
7.173174944465612768e+00 7.274979610219333391e-03 3.000000000000000000e+00
7.306803950529499936e+00 7.460422284325181862e-03 3.000000000000000000e+00
7.442922330043757917e+00 7.650370571423991545e-03 2.999999999999999556e+00
7.581576457522110069e+00 7.844921267112479196e-03 3.000000000000000444e+00
7.722813571388642551e+00 8.044180904782437941e-03 3.000000000000000000e+00
7.866681790071582192e+00 8.248267767503879994e-03 2.999999999999999112e+00
8.013230128396878982e+00 8.457314191753323787e-03 3.000000000000000000e+00
8.162508514287219796e+00 8.671453204921202376e-03 3.000000000000000000e+00
8.314567805772055564e+00 8.890782353593197976e-03 2.999999999999999556e+00
8.469459808314576676e+00 9.115396761735401754e-03 3.000000000000000444e+00
8.627237292461440887e+00 9.345399099482180200e-03 2.999999999999999556e+00
8.787954011821311084e+00 9.580901374108425836e-03 3.000000000000000000e+00
8.951664721378293166e+00 9.822027005276606076e-03 3.000000000000000888e+00
9.118425196146562328e+00 1.006891321905520852e-02 3.000000000000000444e+00
9.288292250172489162e+00 1.032171379914835485e-02 3.000000000000000888e+00
9.461323755890759912e+00 1.058060223830817326e-02 3.000000000000000444e+00
9.637578663841079418e+00 1.084577533814408933e-02 3.000000000000000444e+00
9.817117022752183786e+00 1.111745731165697179e-02 3.000000000000000444e+00
1.000000000000000000e+01 1.139590444999999744e-02 3.000000000000000000e+00
