# Source: PRIMAT compilation, https://doi.org/10.1016/j.physrep.2018.04.005
1.000000000000000021e-03 1.159999999999999096e-10 3.000000000000000000e+00
1.018628990244687619e-03 1.485772577524622461e-10 3.000000000000000000e+00
1.037605019766911670e-03 1.905858514241407369e-10 3.000000000000000000e+00
1.056934553557988335e-03 2.448192924194001314e-10 2.999999999999999556e+00
1.076624177045493267e-03 3.149116029697361781e-10 2.999999999999999556e+00
1.096680598336868600e-03 4.055923694777533196e-10 3.000000000000000000e+00
1.117110650504824203e-03 5.230192556628241774e-10 2.999999999999999556e+00
1.137921293915315117e-03 6.752113142046301206e-10 2.999999999999999556e+00
1.159119618598885779e-03 8.726133377822849769e-10 3.000000000000000000e+00
1.180712846666190276e-03 1.128830368061625188e-09 3.000000000000000444e+00
1.202708334768511989e-03 1.461582870265912508e-09 3.000000000000000000e+00
1.225113576604118949e-03 1.893947650627594065e-09 2.999999999999999556e+00
1.247936205471311460e-03 2.455968174817733633e-09 2.999999999999999112e+00
1.271183996869028896e-03 3.186741561660612250e-09 3.000000000000000888e+00
1.294864871145904933e-03 4.137119432303020156e-09 3.000000000000000000e+00
1.318986896198670470e-03 5.373197514311661042e-09 3.000000000000000888e+00
1.343558290220826226e-03 6.980816268116110653e-09 3.000000000000000000e+00
1.368587424502519176e-03 9.071354008624578124e-09 2.999999999999999556e+00
1.394082826282578647e-03 1.178916762004778693e-08 3.000000000000000000e+00
1.420053181653683095e-03 1.532112701633163180e-08 3.000000000000000888e+00
1.446507338521647217e-03 1.990880144158263014e-08 2.999999999999999556e+00
1.473454309619835756e-03 2.586399244593147999e-08 3.000000000000000444e+00
1.500903275579736594e-03 3.358847425481772078e-08 3.000000000000000000e+00
1.528863588058731147e-03 4.359900199000100054e-08 3.000000000000000000e+00
1.557344772926135207e-03 5.655888678790104829e-08 3.000000000000000444e+00
1.586356533508589657e-03 7.331771940375176207e-08 3.000000000000000444e+00
1.615908753895919101e-03 9.496115540567170518e-08 3.000000000000000000e+00
1.646011502308549748e-03 1.228730602085781017e-07 3.000000000000000000e+00
1.676675034527699143e-03 1.588127549569768064e-07 3.000000000000000000e+00
1.707909797389426916e-03 2.050106076091725554e-07 3.000000000000000888e+00
1.739726432343800767e-03 2.642857791512683126e-07 3.000000000000000444e+00
1.772135779080358372e-03 3.401905627871028298e-07 3.000000000000000000e+00
1.805148879221108154e-03 4.371864427805297667e-07 2.999999999999999556e+00
1.838776980082326793e-03 5.608577467640621893e-07 2.999999999999999556e+00
1.873031538506436536e-03 7.181695679336829311e-07 3.000000000000000888e+00
1.907924224765265072e-03 9.177774903347654241e-07 2.999999999999999556e+00
1.943466926536020246e-03 1.170397564624404845e-06 2.999999999999999556e+00
1.979671752951332481e-03 1.489245965506336231e-06 3.000000000000000000e+00
2.016551038724746607e-03 1.890558843240504253e-06 2.999999999999999556e+00
2.054117348353064112e-03 2.394204112527041660e-06 3.000000000000000444e+00
2.092383480396977150e-03 3.024398391500683283e-06 3.000000000000000000e+00
2.131362471841437810e-03 3.810544152565178341e-06 3.000000000000000000e+00
2.171067602537264923e-03 4.788204588422838293e-06 3.000000000000000000e+00
2.211512399725488933e-03 6.000237041009188362e-06 2.999999999999999556e+00
2.252710642645980484e-03 7.498110526442872561e-06 3.000000000000000000e+00
2.294676367231936100e-03 9.343439521228894437e-06 3.000000000000000000e+00
2.337423870891814758e-03 1.160977557675938253e-05 3.000000000000000000e+00
2.380967717380358135e-03 1.438471160607737949e-05 2.999999999999999556e+00
2.425322741760352948e-03 1.777237231479249295e-05 3.000000000000000444e+00
2.470504055456825433e-03 2.189639019597553824e-05 2.999999999999999556e+00
2.516527051405391836e-03 2.690350241518417966e-05 3.000000000000000444e+00
2.563407409296514835e-03 3.296795334348867021e-05 3.000000000000000444e+00
2.611161100917459583e-03 4.029695533682319441e-05 3.000000000000000000e+00
2.659804395593758260e-03 4.913755339513303658e-05 3.000000000000000444e+00
2.709353865732051433e-03 5.978536714572791380e-05 2.999999999999999556e+00
2.759826392466180594e-03 7.259585992448473377e-05 3.000000000000000888e+00
2.811239171408464344e-03 8.799902958182861360e-05 3.000000000000000000e+00
2.863609718508115885e-03 1.065187585393760042e-04 3.000000000000000444e+00
2.916955876018795853e-03 1.287985456761428168e-04 2.999999999999999556e+00
2.971295818577334054e-03 1.556360365020449698e-04 3.000000000000000444e+00
3.026648059395692196e-03 1.880276213063403949e-04 3.000000000000000444e+00
3.083031456568277075e-03 2.271644153173180212e-04 3.000000000000000000e+00
3.140465219496752208e-03 2.744317414134562387e-04 2.999999999999999556e+00
3.198968915434537586e-03 3.314856383803481648e-04 3.000000000000000000e+00
3.258562476153226226e-03 4.003052865609806705e-04 3.000000000000000444e+00
3.319266204733189573e-03 4.832513178994824257e-04 3.000000000000000888e+00
3.381100782480685445e-03 5.831332240938196746e-04 3.000000000000000444e+00
3.444087275973823411e-03 7.032868806294925203e-04 3.000000000000000000e+00
3.508247144239792347e-03 8.476632059081870042e-04 3.000000000000000000e+00
3.573602246065788347e-03 1.020928938476471171e-03 3.000000000000000000e+00
3.640174847446141400e-03 1.228580430872447480e-03 2.999999999999999556e+00
3.707987629168172684e-03 1.477071214318641549e-03 2.999999999999999556e+00
3.777063694539364597e-03 1.773953872477784235e-03 2.999999999999999556e+00
3.847426577258505898e-03 2.128036463197074263e-03 2.999999999999999556e+00
3.919100249433401899e-03 2.549553334455963334e-03 3.000000000000000444e+00
3.992109129748053209e-03 3.050349687280905307e-03 3.000000000000000444e+00
4.066478091781853925e-03 3.644115115842053686e-03 3.000000000000000000e+00
4.142232472483897525e-03 4.346834962468104288e-03 2.999999999999999556e+00
4.219398080805024202e-03 5.177102417521242672e-03 3.000000000000000000e+00
4.298001206490798497e-03 6.156470780810703244e-03 3.000000000000000444e+00
4.378068629038166758e-03 7.309923060098376217e-03 2.999999999999999556e+00
4.459627626819095622e-03 8.666431399784733577e-03 3.000000000000000000e+00
4.542705986374042521e-03 1.025963014940061910e-02 3.000000000000000444e+00
4.627332011878692967e-03 1.212863403458236400e-02 3.000000000000000000e+00
4.713534534786906725e-03 1.431904297761868623e-02 3.000000000000000000e+00
4.801342923653449841e-03 1.688418852228271497e-02 2.999999999999999112e+00
4.890787094139589959e-03 1.988669471071621495e-02 3.000000000000000000e+00
4.981897519205159656e-03 2.340045026376626550e-02 2.999999999999999556e+00
5.074705239490466188e-03 2.751252395631446565e-02 3.000000000000000000e+00
5.169241873891598608e-03 3.232121755110021338e-02 2.999999999999999556e+00
5.265539630332755246e-03 3.793805855470055305e-02 3.000000000000000000e+00
5.363631316739239652e-03 4.449111620421775798e-02 3.000000000000000444e+00
5.463550352214875498e-03 5.212727909498040407e-02 3.000000000000000000e+00
5.565330778427646403e-03 6.101483706202146667e-02 3.000000000000000000e+00
5.669007271207434327e-03 7.134642994460700660e-02 2.999999999999999556e+00
5.774615152359819509e-03 8.334243351107366304e-02 3.000000000000000000e+00
5.882190401699956099e-03 9.725487232943487437e-02 2.999999999999999556e+00
5.991769669310619169e-03 1.133719748824847245e-01 3.000000000000000000e+00
6.103390288028621123e-03 1.320229085507027555e-01 3.000000000000000000e+00
6.217090286163826779e-03 1.535805836596499940e-01 2.999999999999999556e+00
6.332908400455114321e-03 1.784684275444274049e-01 3.000000000000000000e+00
6.450884089267692675e-03 2.071681514673557600e-01 3.000000000000000444e+00
6.571057546036270826e-03 2.402280885446643199e-01 3.000000000000000000e+00
6.693469712958660493e-03 2.782730748353136052e-01 3.000000000000000444e+00
6.818162294944479437e-03 3.220162728768591887e-01 3.000000000000000888e+00
6.945177773823696388e-03 3.722734545089493863e-01 3.000000000000000888e+00
7.074559422819878297e-03 4.299790292175334483e-01 3.000000000000000888e+00
7.206351321293052656e-03 4.961805244477639487e-01 3.000000000000000000e+00
7.340598369757212090e-03 5.720450258703886348e-01 3.000000000000000000e+00
7.477346305177588227e-03 6.588885672153510509e-01 3.000000000000000888e+00
7.616641716552892058e-03 7.581959591115137176e-01 2.999999999999999112e+00
7.758532060787835978e-03 8.716433716782763241e-01 3.000000000000000000e+00
7.903065678861348128e-03 1.001124941971038851e+00 3.000000000000000444e+00
8.050291812295981564e-03 1.148784028655516209e+00 3.000000000000000000e+00
8.200260619934130954e-03 1.317024200953748059e+00 2.999999999999999556e+00
8.353023195026778799e-03 1.508514290483493836e+00 3.000000000000000000e+00
8.508631582640582489e-03 1.726245688658771815e+00 3.000000000000000000e+00
8.667138797389234081e-03 1.973577103873561445e+00 3.000000000000000888e+00
8.828598841495149604e-03 2.254284494150100571e+00 3.000000000000000000e+00
8.993066723187623582e-03 2.572620665923704752e+00 3.000000000000000000e+00
9.160598475443709407e-03 2.933361649854068887e+00 2.999999999999999556e+00
9.331251175078249249e-03 3.341766880859263988e+00 2.999999999999999112e+00
9.505082962189511861e-03 3.803677083851803697e+00 3.000000000000000000e+00
9.682153059967075343e-03 4.325613103542800708e+00 2.999999999999999556e+00
9.862521794868784469e-03 4.914864481619217074e+00 2.999999999999999112e+00
1.004625061717340749e-02 5.579594370770233347e+00 2.999999999999999112e+00
1.023340212191641702e-02 6.328873404168935402e+00 3.000000000000000000e+00
1.042404007021556327e-02 7.172653968444757666e+00 2.999999999999998668e+00
1.061822941099384125e-02 8.121977973749347157e+00 2.999999999999999112e+00
1.081603630310709954e-02 9.189131089182188461e+00 2.999999999999998668e+00
1.101752813788386791e-02 1.038780826182570749e+01 3.000000000000000444e+00
1.122277356208507652e-02 1.173320598579608287e+01 3.000000000000000444e+00
1.143184250129149725e-02 1.324191837551599882e+01 2.999999999999999556e+00
1.164480618372686072e-02 1.493225914263830667e+01 2.999999999999999556e+00
1.186173716452478509e-02 1.682452767300586061e+01 3.000000000000000444e+00
1.208270935044776506e-02 1.894126464224658690e+01 2.999999999999999556e+00
1.230779802506665188e-02 2.130725124686624383e+01 3.000000000000000000e+00
1.253707987440920262e-02 2.394949691264369207e+01 2.999999999999999112e+00
1.277063301308643990e-02 2.689778454772736893e+01 2.999999999999999556e+00
1.300853701090571267e-02 3.018504880886683139e+01 2.999999999999999556e+00
1.325087291997953214e-02 3.384759237188484349e+01 2.999999999999998668e+00
1.349772330233941706e-02 3.792481709626034103e+01 2.999999999999999112e+00
1.374917225806419029e-02 4.245992782856129821e+01 2.999999999999999112e+00
1.400530545393219653e-02 4.750054802492812200e+01 2.999999999999999112e+00
1.426621015260736910e-02 5.309901091058409861e+01 2.999999999999999556e+00
1.453197524236895383e-02 5.931190939296222808e+01 3.000000000000000000e+00
1.480269126739508674e-02 6.620108879296999760e+01 3.000000000000000000e+00
1.507845045861051086e-02 7.383451135564932599e+01 3.000000000000000000e+00
1.535934676510897039e-02 8.228645960776771062e+01 3.000000000000000000e+00
1.564547588616095955e-02 9.163753785173446431e+01 3.000000000000000888e+00
1.593693530381774456e-02 1.019761387606386904e+02 3.000000000000000444e+00
1.623382431612278159e-02 1.133992083829277959e+02 2.999999999999999556e+00
1.653624407094180307e-02 1.260103309168770238e+02 2.999999999999999556e+00
1.684429760042315330e-02 1.399209121424796933e+02 2.999999999999999112e+00
1.715808985610004986e-02 1.552521681564062419e+02 3.000000000000000000e+00
1.747772774464680795e-02 1.721362701871691172e+02 2.999999999999999556e+00
1.780332016430113962e-02 1.907177265256150349e+02 2.999999999999999556e+00
1.813497804196495186e-02 2.111549896744673447e+02 3.000000000000000000e+00
1.847281437099634188e-02 2.336190299050198860e+02 3.000000000000000000e+00
1.881694424970555696e-02 2.582923199016464650e+02 2.999999999999999556e+00
1.916748492056815148e-02 2.853733085257732114e+02 3.000000000000000000e+00
1.952455581016860828e-02 3.150787700265821059e+02 3.000000000000000444e+00
1.988827856988809734e-02 3.476464033366538615e+02 3.000000000000000000e+00
2.025877711735016989e-02 3.833366170726833388e+02 3.000000000000000888e+00
2.063617767863858837e-02 4.224203862398065894e+02 3.000000000000000000e+00
2.102060883130158278e-02 4.651804727740995986e+02 3.000000000000000000e+00
2.141220154815729262e-02 5.119195046525790076e+02 3.000000000000000444e+00
2.181108924191518805e-02 5.629617317777782546e+02 3.000000000000000444e+00
2.221740781062883641e-02 6.186550297477073173e+02 3.000000000000000000e+00
2.263129568399528321e-02 6.793733552678966134e+02 2.999999999999999556e+00
2.305289387051707301e-02 7.455197770602834453e+02 3.000000000000000000e+00
2.348234600554275145e-02 8.175302341200125511e+02 3.000000000000000000e+00
2.391979840020238418e-02 8.958782068365242139e+02 3.000000000000000000e+00
2.436540009125464853e-02 9.810805271871979585e+02 2.999999999999999112e+00
2.481930289186254010e-02 1.073704603734609236e+03 2.999999999999999112e+00
2.528166144331499277e-02 1.174374241478065187e+03 3.000000000000000000e+00
2.575263326771199887e-02 1.283730730299655988e+03 3.000000000000000000e+00
2.623237882163122203e-02 1.402428484014101286e+03 3.000000000000000000e+00
2.672106155079433804e-02 1.531165037730241011e+03 2.999999999999999556e+00
2.721884794575178332e-02 1.670686309466732837e+03 2.999999999999999112e+00
2.772590759860482645e-02 1.821792178376996162e+03 2.999999999999999556e+00
2.824241326078434297e-02 1.985343417418094987e+03 2.999999999999999556e+00
2.876854090190592711e-02 2.162270314562273597e+03 2.999999999999999112e+00
2.930446976972142861e-02 2.353583386488032829e+03 2.999999999999999556e+00
2.985038245118730796e-02 2.560386672989271119e+03 3.000000000000000000e+00
3.040646493467067182e-02 2.783881454698542257e+03 2.999999999999999556e+00
3.097290667331408301e-02 3.025260363730207700e+03 2.999999999999999556e+00
3.154990064958086704e-02 3.285720633481115328e+03 2.999999999999999556e+00
3.213764344100276948e-02 3.566517794691031213e+03 2.999999999999999556e+00
3.273633528715245988e-02 3.868969681716493596e+03 3.000000000000000000e+00
3.334618015786364187e-02 4.194460932475383743e+03 3.000000000000000000e+00
3.396738582272208068e-02 4.544448901233644392e+03 3.000000000000000000e+00
3.460016392185108480e-02 4.920471387990959556e+03 3.000000000000000444e+00
3.524473003801584237e-02 5.324156668677926064e+03 3.000000000000000444e+00
3.590130377007068330e-02 5.757236403964750934e+03 3.000000000000000444e+00
3.657010880777489259e-02 6.221562113881115692e+03 2.999999999999999112e+00
3.725137300800209633e-02 6.719126034226466800e+03 3.000000000000000444e+00
3.794532847236938011e-02 7.252087323702249705e+03 2.999999999999999112e+00
3.865221162631261864e-02 7.822804774269963673e+03 2.999999999999999112e+00
3.937226329963479377e-02 8.433877400110593953e+03 3.000000000000000000e+00
4.010572880855495931e-02 9.088194181248047244e+03 3.000000000000000000e+00
4.085285803928561527e-02 9.788786593949562302e+03 3.000000000000000000e+00
4.161390553316707264e-02 1.053841608791687759e+04 2.999999999999999556e+00
4.238913057338778573e-02 1.133988276398023118e+04 3.000000000000000000e+00
4.317879727332021161e-02 1.219610566443395874e+04 3.000000000000000000e+00
4.398317466650223523e-02 1.311013339056014047e+04 3.000000000000000000e+00
4.480253679829489938e-02 1.408515829547486828e+04 3.000000000000000000e+00
4.563716281924758839e-02 1.512453516247374318e+04 2.999999999999999112e+00
4.648733708020256344e-02 1.623180544240493691e+04 3.000000000000000000e+00
4.735334922917116413e-02 1.741072831226193375e+04 3.000000000000001332e+00
4.823549431001467047e-02 1.866532003655517838e+04 3.000000000000000444e+00
4.913407286296361809e-02 1.999990337028026624e+04 3.000000000000000444e+00
5.004939102700953213e-02 2.141916902210375338e+04 3.000000000000000444e+00
5.098176064420424647e-02 2.292804183063415621e+04 3.000000000000000444e+00
5.193149936590212012e-02 2.453111306213015996e+04 3.000000000000000888e+00
5.289893076098151070e-02 2.623302310972116538e+04 3.000000000000001332e+00
5.388438442608223938e-02 2.803861251667487159e+04 3.000000000000000444e+00
5.488819609789671872e-02 2.995295552962401416e+04 3.000000000000000444e+00
5.591070776755290017e-02 3.198140362666712099e+04 3.000000000000000888e+00
5.695226779712821846e-02 3.412964110591303324e+04 3.000000000000000000e+00
5.801323103833375128e-02 3.640375515765698219e+04 3.000000000000001332e+00
5.909395895340967958e-02 3.881032323943587835e+04 3.000000000000000444e+00
6.019481973827271043e-02 4.135651939337124350e+04 2.999999999999999556e+00
6.131618844795772016e-02 4.404971295164051844e+04 3.000000000000000444e+00
6.245844712439614643e-02 4.689656306490566931e+04 3.000000000000000444e+00
6.362198492657485105e-02 4.990381562092398235e+04 3.000000000000000000e+00
6.480719826311967524e-02 5.307850600431016210e+04 2.999999999999999556e+00
6.601449092734885948e-02 5.642802035530762805e+04 2.999999999999999556e+00
6.724427423484245769e-02 5.996017394071019953e+04 3.000000000000000444e+00
6.849696716357443760e-02 6.368330992333096219e+04 3.000000000000000000e+00
6.977299649665534564e-02 6.760642232219979633e+04 3.000000000000000444e+00
7.107279696773415034e-02 7.173909022078321141e+04 3.000000000000000000e+00
7.239681140910873836e-02 7.609017894785596582e+04 2.999999999999999556e+00
7.374549090259549522e-02 8.066834421795884555e+04 3.000000000000000888e+00
7.511929493320965157e-02 8.548263001046220597e+04 3.000000000000000000e+00
7.651869154570821452e-02 9.054256934874528088e+04 3.000000000000000000e+00
7.794415750404946885e-02 9.585830901333250222e+04 3.000000000000000444e+00
7.939617845382279659e-02 1.014407647612021974e+05 3.000000000000000444e+00
8.087524908770453436e-02 1.073017077783073473e+05 3.000000000000001332e+00
8.238187331399605962e-02 1.134522918148525496e+05 3.000000000000000000e+00
8.391656442830157381e-02 1.199029605835261318e+05 3.000000000000001332e+00
8.547984528840409102e-02 1.266646045128209953e+05 3.000000000000000444e+00
8.707224849239916797e-02 1.337487308107877034e+05 3.000000000000000000e+00
8.869431656014709064e-02 1.411676356310186675e+05 3.000000000000000000e+00
9.034660211810524588e-02 1.489346114485381404e+05 3.000000000000000000e+00
9.202966808760409956e-02 1.570631236110862810e+05 2.999999999999999556e+00
9.374408787662991127e-02 1.655652786159914103e+05 3.000000000000000000e+00
9.549044557518077125e-02 1.744534727692836605e+05 2.999999999999999556e+00
9.726933615426168467e-02 1.837408349043556082e+05 2.999999999999999556e+00
9.908136566858666283e-02 1.934414467408677156e+05 3.000000000000000444e+00
1.009271514630570854e-01 2.035705258405398636e+05 2.999999999999999556e+00
1.028073223830864719e-01 2.141426358680588310e+05 3.000000000000000444e+00
1.047225189888434382e-01 2.251711927090394311e+05 3.000000000000000000e+00
1.066733937734857113e-01 2.366702775559269357e+05 3.000000000000000000e+00
1.086606113854596822e-01 2.486549656075291568e+05 3.000000000000000000e+00
1.106848488549412035e-01 2.611416004254618019e+05 2.999999999999999556e+00
1.127467958244946084e-01 2.741463025378117454e+05 3.000000000000000444e+00
1.148471547840289042e-01 2.876835768603255856e+05 3.000000000000000000e+00
1.169866413101306873e-01 3.017685813766390202e+05 3.000000000000000000e+00
1.191659843098558796e-01 3.164176403838803526e+05 2.999999999999999556e+00
1.213859262690627772e-01 3.316483986363601871e+05 3.000000000000000444e+00
1.236472235053715091e-01 3.474772483526738943e+05 3.000000000000000000e+00
1.259506464258357550e-01 3.639195647330001811e+05 2.999999999999999112e+00
1.282969797894147612e-01 3.809918037157076178e+05 3.000000000000000444e+00
1.306870229743346268e-01 3.987119130068676313e+05 2.999999999999998668e+00
1.331215902504307713e-01 4.170977658001488307e+05 3.000000000000000000e+00
1.356015110565633452e-01 4.361652679341731127e+05 2.999999999999999556e+00
1.381276302832009362e-01 4.559312085803518421e+05 2.999999999999999556e+00
1.407008085602685088e-01 4.764139914328983868e+05 2.999999999999999112e+00
1.433219225503573890e-01 4.976319231055994751e+05 2.999999999999999112e+00
1.459918652473978506e-01 5.196009885390864220e+05 2.999999999999999556e+00
1.487115462808953625e-01 5.423380950918936869e+05 3.000000000000000444e+00
1.514818922258345801e-01 5.658618122943135677e+05 3.000000000000000000e+00
1.543038469183564687e-01 5.901902274734759703e+05 3.000000000000000000e+00
1.571783717773162781e-01 6.153408646144573577e+05 3.000000000000000444e+00
1.601064461318317811e-01 6.413332322217051405e+05 3.000000000000000000e+00
1.630890675549332702e-01 6.681873459845487960e+05 3.000000000000000000e+00
1.661272522034293042e-01 6.959175623256919207e+05 3.000000000000000000e+00
1.692220351641037235e-01 7.245374646811943967e+05 3.000000000000000444e+00
1.723744708063619790e-01 7.540618887382937828e+05 3.000000000000000444e+00
1.755856331414468730e-01 7.845074863942521624e+05 3.000000000000000444e+00
1.788566161883461958e-01 8.158933994734304724e+05 3.000000000000000444e+00
1.821885343465165230e-01 8.482414447773060529e+05 3.000000000000000888e+00
1.855825227755517060e-01 8.815695480844129343e+05 3.000000000000000000e+00
1.890397377819219571e-01 9.158929333676489769e+05 3.000000000000000444e+00
1.925613572129196704e-01 9.512290214145145146e+05 2.999999999999999556e+00
1.961485808579429280e-01 9.875983074670417700e+05 3.000000000000000000e+00
1.998026308572548593e-01 1.025025294377330225e+06 3.000000000000000444e+00
2.035247521183575770e-01 1.063535436166755157e+06 3.000000000000000000e+00
2.073162127401229071e-01 1.103138674417707138e+06 2.999999999999999556e+00
2.111783044448242164e-01 1.143839500006142538e+06 2.999999999999999556e+00
2.151123430182164953e-01 1.185642367638407974e+06 2.999999999999999556e+00
2.191196687578147451e-01 1.228552184949586168e+06 2.999999999999999112e+00
2.232016469295232397e-01 1.272574906298595481e+06 2.999999999999999112e+00
2.273596682327715113e-01 1.317718244633634109e+06 2.999999999999999556e+00
2.315951492743152096e-01 1.363992515247987118e+06 2.999999999999999556e+00
2.359095330508633737e-01 1.411411626585433027e+06 3.000000000000000888e+00
2.403042894406967056e-01 1.459994234851054847e+06 2.999999999999999556e+00
2.447809157044440187e-01 1.509765081123567419e+06 3.000000000000000444e+00
2.493409369951877785e-01 1.560756532059724443e+06 3.000000000000000000e+00
2.539859068780723761e-01 1.613004766395609826e+06 2.999999999999999556e+00
2.587174078595921300e-01 1.666519376924379496e+06 3.000000000000000888e+00
2.635370519267393186e-01 1.721298163623958128e+06 3.000000000000000444e+00
2.684464810961962322e-01 1.777339317191532813e+06 2.999999999999999556e+00
2.734473679737579599e-01 1.834642137428083224e+06 3.000000000000000888e+00
2.785414163241766161e-01 1.893207857672154903e+06 3.000000000000000444e+00
2.837303616516211324e-01 1.953040614043134497e+06 3.000000000000000444e+00
2.890159717909508430e-01 2.014148575123349205e+06 3.000000000000000444e+00
2.944000475100033709e-01 2.076545249233837239e+06 3.000000000000000888e+00
2.998844231231027613e-01 2.140250988304053433e+06 3.000000000000000444e+00
3.054709671159968054e-01 2.205287501373652834e+06 3.000000000000000444e+00
3.111615827824359970e-01 2.271652807882003952e+06 3.000000000000000000e+00
3.169582088726115021e-01 2.339338914085880853e+06 2.999999999999999556e+00
3.228628202536730218e-01 2.408340024280555081e+06 3.000000000000000000e+00
3.288774285825510346e-01 2.478653629153113347e+06 3.000000000000000444e+00
3.350040829913132900e-01 2.550281765599511564e+06 3.000000000000000000e+00
3.412448707852889229e-01 2.623232465442457236e+06 2.999999999999999556e+00
3.476019181541977754e-01 2.697521412212357856e+06 2.999999999999999556e+00
3.540773908965269556e-01 2.773171681604576297e+06 2.999999999999999556e+00
3.606734951574028236e-01 2.850187050335748121e+06 3.000000000000000888e+00
3.673924781802074269e-01 2.928554881631976925e+06 3.000000000000000444e+00
3.742366290721980682e-01 3.008265196332095657e+06 3.000000000000000444e+00
3.812082795843887983e-01 3.089312367413950153e+06 3.000000000000000888e+00
3.883098049059605095e-01 3.171696576883128844e+06 3.000000000000000444e+00
3.955436244734701345e-01 3.255425477841685526e+06 3.000000000000000000e+00
4.029122027951347884e-01 3.340515578487766907e+06 3.000000000000000444e+00
4.104180502904709038e-01 3.426973252755315509e+06 2.999999999999999112e+00
4.180637241455757991e-01 3.514783927158604842e+06 2.999999999999999556e+00
4.258518291843414461e-01 3.603935481038268656e+06 3.000000000000000000e+00
4.337850187558989212e-01 3.694421463636342902e+06 3.000000000000000000e+00
4.418659956385941334e-01 3.786242755526345689e+06 2.999999999999999556e+00
4.500975129608046355e-01 3.879409451243607793e+06 3.000000000000000444e+00
4.584823751389096036e-01 3.973935196102787741e+06 2.999999999999999556e+00
4.670234388327330621e-01 4.069814044262089301e+06 2.999999999999999556e+00
4.757236139187884794e-01 4.167039859979011584e+06 2.999999999999999112e+00
4.845858644816490868e-01 4.265614606177082285e+06 3.000000000000000000e+00
4.936132098237911991e-01 4.365550315954988822e+06 2.999999999999999556e+00
5.028087254942474882e-01 4.466870979134576395e+06 3.000000000000000000e+00
5.121755443364236493e-01 4.569588970959563740e+06 2.999999999999999556e+00
5.217168575554343990e-01 4.673682229033422656e+06 3.000000000000000888e+00
5.314359158053235666e-01 4.779128920423661359e+06 3.000000000000000000e+00
5.413360302965375404e-01 4.885912711016910151e+06 3.000000000000000000e+00
5.514205739240296555e-01 4.994024406067778356e+06 3.000000000000000444e+00
5.616929824163804374e-01 5.103463802784465253e+06 2.999999999999999556e+00
5.721567555063246102e-01 5.214241774293170311e+06 3.000000000000000444e+00
5.828154581230839959e-01 5.326382606486481614e+06 3.000000000000000444e+00
5.936727216069119795e-01 5.439926611945830286e+06 2.999999999999999112e+00
6.047322449462643190e-01 5.554931719849245623e+06 3.000000000000000000e+00
6.159977960380161877e-01 5.671430966044073924e+06 2.999999999999999112e+00
6.274732129711574347e-01 5.789413920979704708e+06 2.999999999999999556e+00
6.391624053343999412e-01 5.908873651669718325e+06 2.999999999999999112e+00
6.510693555481454897e-01 6.029811533889886923e+06 3.000000000000000000e+00
6.631981202212668958e-01 6.152239168163264170e+06 3.000000000000000444e+00
6.755528315331639222e-01 6.276180529586031102e+06 3.000000000000000000e+00
6.881376986415662644e-01 6.401674373818773776e+06 2.999999999999999556e+00
7.009570091165617800e-01 6.528776918816199526e+06 3.000000000000000444e+00
7.140151304013395706e-01 6.657547004694094881e+06 3.000000000000000444e+00
7.273165113001454074e-01 6.788003831271804869e+06 3.000000000000000888e+00
7.408656834939559843e-01 6.920166074178325012e+06 3.000000000000000888e+00
7.546672630843886953e-01 7.054064330022118986e+06 3.000000000000000888e+00
7.687259521663728501e-01 7.189743389459646307e+06 3.000000000000000000e+00
7.830465404301183430e-01 7.327264778519454412e+06 3.000000000000000444e+00
7.976339067929273385e-01 7.466709595649414696e+06 3.000000000000000444e+00
8.124930210614047521e-01 7.608172564563861117e+06 3.000000000000000000e+00
8.276289456246344045e-01 7.751710705035728402e+06 3.000000000000000000e+00
8.430468371788967241e-01 7.897371304151772521e+06 3.000000000000000000e+00
8.587519484845170803e-01 8.045215712241603062e+06 2.999999999999999556e+00
8.747496301554414933e-01 8.195321834442432970e+06 3.000000000000000000e+00
8.910453324821513421e-01 8.347786848811435513e+06 2.999999999999999112e+00
9.076446072885356875e-01 8.502729238053895533e+06 2.999999999999999112e+00
9.245531098233570333e-01 8.660263295271614566e+06 2.999999999999999556e+00
9.417766006869519035e-01 8.820492284836012870e+06 2.999999999999999556e+00
9.593209477938241525e-01 8.983538163103807718e+06 3.000000000000000444e+00
9.771921283717996953e-01 9.149546237579872832e+06 3.000000000000000000e+00
9.953962309984233370e-01 9.318688603755386546e+06 3.000000000000000444e+00
1.013939457675291811e+00 9.491158134312614799e+06 3.000000000000000888e+00
1.032828125941028574e+00 9.667090951317062601e+06 3.000000000000001332e+00
1.052068671023622892e+00 9.846595362850161269e+06 3.000000000000000000e+00
1.071667648032863296e+00 1.002979364887667447e+07 3.000000000000000000e+00
1.091631734193614811e+00 1.021682456494649686e+07 3.000000000000000888e+00
1.111967731120699021e+00 1.040784576264318079e+07 3.000000000000000000e+00
1.132682567136153784e+00 1.060303650600154698e+07 3.000000000000000888e+00
1.153783299629660863e+00 1.080260071870224923e+07 3.000000000000000444e+00
1.175277117462945276e+00 1.100677040171279013e+07 3.000000000000000444e+00
1.197171343418965694e+00 1.121580946678064391e+07 3.000000000000000444e+00
1.219473436696737023e+00 1.143001803798889928e+07 3.000000000000000000e+00
1.242190995452616242e+00 1.164973728168295883e+07 3.000000000000000444e+00
1.265331759388941713e+00 1.187534504072067142e+07 3.000000000000000444e+00
1.288903612390891462e+00 1.210714777552234568e+07 3.000000000000000888e+00
1.312914585212463958e+00 1.234540161889909022e+07 3.000000000000000000e+00
1.337372858212495075e+00 1.259038264589034580e+07 3.000000000000000888e+00
1.362286764141645401e+00 1.284239062030169182e+07 3.000000000000000444e+00
1.387664790981307128e+00 1.310175177232409827e+07 2.999999999999999556e+00
1.413515584835394190e+00 1.336882191411725804e+07 3.000000000000000000e+00
1.439847952876006643e+00 1.364398993583944812e+07 2.999999999999999556e+00
1.466670866343967150e+00 1.392768173056300171e+07 3.000000000000000444e+00
1.493993463605256311e+00 1.422036460344289988e+07 3.000000000000000444e+00
1.521825053264385552e+00 1.452254067806376703e+07 3.000000000000000444e+00
1.550175117335768737e+00 1.483466686317010410e+07 3.000000000000000444e+00
1.579053314474174297e+00 1.515718954468943737e+07 3.000000000000000444e+00
1.608469483265355215e+00 1.549058551804679632e+07 3.000000000000000444e+00
1.638433645577983100e+00 1.583536518604469858e+07 3.000000000000000000e+00
1.668956009978023181e+00 1.619207585882146284e+07 3.000000000000000444e+00
1.700046975206716438e+00 1.656130543363129534e+07 3.000000000000000444e+00
1.731717133723352786e+00 1.694368650211543590e+07 3.000000000000000000e+00
1.763977275314043469e+00 1.733989929850403219e+07 3.000000000000000000e+00
1.796838390767719229e+00 1.775062183026520163e+07 3.000000000000000000e+00
1.830311675620611256e+00 1.817650896829367429e+07 2.999999999999999556e+00
1.864408533970485227e+00 1.861824843639102578e+07 3.000000000000000444e+00
1.899140582361933616e+00 1.907656700877422094e+07 3.000000000000000444e+00
1.934519653744044332e+00 1.955223335575756058e+07 3.000000000000000888e+00
1.970557801501798378e+00 2.004606115138164908e+07 3.000000000000000888e+00
2.007267303562568106e+00 2.055891235818712413e+07 3.000000000000000444e+00
2.044660666579115826e+00 2.109167449313008785e+07 3.000000000000000888e+00
2.082750630190514318e+00 2.164522227791450545e+07 3.000000000000000444e+00
2.121550171362450055e+00 2.222046112854428962e+07 3.000000000000000444e+00
2.161072508808376647e+00 2.281833583724532276e+07 3.000000000000000444e+00
2.201331107493030181e+00 2.343983188225021213e+07 3.000000000000000888e+00
2.242339683219845003e+00 2.408597671274090186e+07 3.000000000000000444e+00
2.284112207303823361e+00 2.475784099611024559e+07 3.000000000000000444e+00
2.326662911331458083e+00 2.545653981270531937e+07 3.000000000000000000e+00
2.370006292009327886e+00 2.618323378097701818e+07 3.000000000000000444e+00
2.414157116103017753e+00 2.693913009346459806e+07 3.000000000000000000e+00
2.459130425468043946e+00 2.772548344125486538e+07 3.000000000000000000e+00
2.504941542174502267e+00 2.854359680028280988e+07 2.999999999999999556e+00
2.551606073727183954e+00 2.939482068100552261e+07 3.000000000000000000e+00
2.599139918382932901e+00 3.028055036579557508e+07 2.999999999999999112e+00
2.647559270567066747e+00 3.120222845464629680e+07 3.000000000000000444e+00
2.696880626390692370e+00 3.216134516257267818e+07 3.000000000000000888e+00
2.747120789270811603e+00 3.315943761128201336e+07 3.000000000000000000e+00
2.798296875655115645e+00 3.419808870385408401e+07 3.000000000000000000e+00
2.850426320853434614e+00 3.527892551912132651e+07 3.000000000000000000e+00
2.903526884977813971e+00 3.640361715532577038e+07 3.000000000000000888e+00
2.957616658993253544e+00 3.757387194493431598e+07 3.000000000000000888e+00
3.012714070881164385e+00 3.879143422265520692e+07 3.000000000000000444e+00
3.068837891917642224e+00 4.005812267247676849e+07 3.000000000000000444e+00
3.126007243068700259e+00 4.137588653452045470e+07 3.000000000000000444e+00
3.184241601504649744e+00 4.274674312756128609e+07 3.000000000000000444e+00
3.243560807235807975e+00 4.417276728559179604e+07 3.000000000000000888e+00
3.303985069871854918e+00 4.565609003312885761e+07 3.000000000000000000e+00
3.365534975507090909e+00 4.719889682257055491e+07 3.000000000000000444e+00
3.428231493733967294e+00 4.880342528703874350e+07 3.000000000000000444e+00
3.492095984787267682e+00 5.047196245951493084e+07 3.000000000000000000e+00
3.557150206821382277e+00 5.220685524133685976e+07 2.999999999999999556e+00
3.623416323323146226e+00 5.401058136348470300e+07 2.999999999999999556e+00
3.690916910662774608e+00 5.588571443550918251e+07 2.999999999999999556e+00
3.759674965785463563e+00 5.783489871171095967e+07 3.000000000000000000e+00
3.829713914046277257e+00 5.986084922899800539e+07 3.000000000000000444e+00
3.901057617190989202e+00 6.196635198427479714e+07 3.000000000000000444e+00
3.973730381485604202e+00 6.415426415687598288e+07 3.000000000000000444e+00
4.047756965997318268e+00 6.642751628548701853e+07 3.000000000000000000e+00
4.123162591029748469e+00 6.878913646263459325e+07 3.000000000000000000e+00
4.199972946715301525e+00 7.124225091425386071e+07 2.999999999999999556e+00
4.278214201767612579e+00 7.379007304821771383e+07 3.000000000000000000e+00
4.357913012397025554e+00 7.643590683068914711e+07 3.000000000000000444e+00
4.439096531392166867e+00 7.918315132667122781e+07 2.999999999999999556e+00
4.521792417370697592e+00 8.203530629381346703e+07 2.999999999999999556e+00
4.606028844202397998e+00 8.499597904689419270e+07 3.000000000000000444e+00
4.691834510607794329e+00 8.806889284380950034e+07 2.999999999999999556e+00
4.779238649935595440e+00 9.125789708154220879e+07 2.999999999999999112e+00
4.868271040122278848e+00 9.456697963292524219e+07 3.000000000000000000e+00
4.958962013837211913e+00 9.800028170271298289e+07 2.999999999999999556e+00
5.051342468816761411e+00 1.015621048770275563e+08 3.000000000000000000e+00
5.145443878390924652e+00 1.052567327045055181e+08 3.000000000000000000e+00
5.241298302206056192e+00 1.090884161275945157e+08 3.000000000000000444e+00
5.338938397147350301e+00 1.130615285559393018e+08 3.000000000000000888e+00
5.438397428464796235e+00 1.171805865288555771e+08 3.000000000000000000e+00
5.539709281106400596e+00 1.214502685679027736e+08 3.000000000000000000e+00
5.642908471262536807e+00 1.258754381169614643e+08 3.000000000000000000e+00
5.748030158125351008e+00 1.304611712470110506e+08 2.999999999999999556e+00
5.855110155867238042e+00 1.352127898936145902e+08 2.999999999999999556e+00
5.964184945842459840e+00 1.401359014977112114e+08 3.000000000000000000e+00
6.075291689016070862e+00 1.452363918063058257e+08 3.000000000000000000e+00
6.188468238624382778e+00 1.505198700399866998e+08 3.000000000000000000e+00
6.303753153071275150e+00 1.559917748594287932e+08 2.999999999999999556e+00
6.421185709064758385e+00 1.616577342084753513e+08 3.000000000000000000e+00
6.540805914998252923e+00 1.675236054320447743e+08 3.000000000000000444e+00
6.662654524581149929e+00 1.735955170479235649e+08 3.000000000000000444e+00
6.786773050723295064e+00 1.798799189429835975e+08 3.000000000000000444e+00
6.913203779678127603e+00 1.863836422795611918e+08 3.000000000000000000e+00
7.041989785449288775e+00 1.931139619736257792e+08 3.000000000000000000e+00
7.173174944465612768e+00 2.000780991261863410e+08 3.000000000000000000e+00
7.306803950529499936e+00 2.072827585155957043e+08 3.000000000000000000e+00
7.442922330043757917e+00 2.147348589894151092e+08 2.999999999999999556e+00
7.581576457522110069e+00 2.224416655491628647e+08 3.000000000000000444e+00
7.722813571388642551e+00 2.304108599250355065e+08 3.000000000000000000e+00
7.866681790071582192e+00 2.386506246178252697e+08 2.999999999999999112e+00
8.013230128396878982e+00 2.471697420803194344e+08 3.000000000000000000e+00
8.162508514287219796e+00 2.559771511005436182e+08 3.000000000000000000e+00
8.314567805772055564e+00 2.650806694947571158e+08 2.999999999999999556e+00
8.469459808314576676e+00 2.744881144202306867e+08 3.000000000000000444e+00
8.627237292461440887e+00 2.842076601783875823e+08 2.999999999999999556e+00
8.787954011821311084e+00 2.942479208165186048e+08 3.000000000000000000e+00
8.951664721378293166e+00 3.046180490241547823e+08 3.000000000000000888e+00
9.118425196146562328e+00 3.153278536796213984e+08 3.000000000000000444e+00
9.288292250172489162e+00 3.263879386976484656e+08 3.000000000000000888e+00
9.461323755890759912e+00 3.378098661678336859e+08 3.000000000000000444e+00
9.637578663841079418e+00 3.496063471657802463e+08 3.000000000000000444e+00
9.817117022752183786e+00 3.617914640756295919e+08 3.000000000000000444e+00
1.000000000000000000e+01 3.743809288000004888e+08 3.000000000000000000e+00
