# Source: NUDEC_BSM repo, https://doi.org/10.1088/1475-7516/2020/05/048
#T_gam (MeV)   rate_m/rate_0
1.0000000E-10  0.0000000E+00
9.9000000E-03  0.0000000E+00
1.0000000E-02  7.6560701E-21
1.0232930E-02  2.3180387E-20
1.0471285E-02  6.9808466E-20
1.0715193E-02  2.0834499E-19
1.0964782E-02  6.1522854E-19
1.1220185E-02  1.7287928E-18
1.1481536E-02  4.7922839E-18
1.1748976E-02  1.2968424E-17
1.2022644E-02  3.4253945E-17
1.2302688E-02  8.8646414E-17
1.2589254E-02  2.2404438E-16
1.2882496E-02  5.5405891E-16
1.3182567E-02  1.3429450E-15
1.3489629E-02  3.1850413E-15
1.3803843E-02  7.3970967E-15
1.4125375E-02  1.6860456E-14
1.4454398E-02  3.7695370E-14
1.4791084E-02  8.2708820E-14
1.5135612E-02  1.7809552E-13
1.5488166E-02  3.7661624E-13
1.5848932E-02  7.4866906E-13
1.6218101E-02  1.5991685E-12
1.6595869E-02  3.2146419E-12
1.6982437E-02  6.3426782E-12
1.7378008E-02  1.2336040E-11
1.7782794E-02  2.3605925E-11
1.8197009E-02  4.4474691E-11
1.8620871E-02  8.2520685E-11
1.9054607E-02  1.4967670E-10
1.9498446E-02  2.7221751E-10
1.9952623E-02  4.7977016E-10
2.0417379E-02  8.4167702E-10
2.0892961E-02  1.4574813E-09
2.1379621E-02  2.4890932E-09
2.1877616E-02  4.1985120E-09
2.2387211E-02  6.9923126E-09
2.2908677E-02  1.1506134E-08
2.3442288E-02  1.8711640E-08
2.3988329E-02  3.0051297E-08
2.4547089E-02  4.7992572E-08
2.5118864E-02  7.5070911E-08
2.5703958E-02  1.1667186E-07
2.6302680E-02  1.7941559E-07
2.6915348E-02  2.7297708E-07
2.7542287E-02  4.1242190E-07
2.8183829E-02  6.1481052E-07
2.8840315E-02  9.0483761E-07
2.9512092E-02  1.3236881E-06
3.0199517E-02  1.9186631E-06
3.0902954E-02  2.7551282E-06
3.1622777E-02  3.9230936E-06
3.2359366E-02  5.5376698E-06
3.3113112E-02  7.7496557E-06
3.3884416E-02  1.0755372E-05
3.4673685E-02  1.4809212E-05
3.5481339E-02  2.0225444E-05
3.6307805E-02  2.7417531E-05
3.7153523E-02  3.6893716E-05
3.8018940E-02  4.9240673E-05
3.8904514E-02  6.5277629E-05
3.9810717E-02  8.5519737E-05
4.0738028E-02  1.1184721E-04
4.1686938E-02  1.4509778E-04
4.2657952E-02  1.8731038E-04
4.3651583E-02  2.4088200E-04
4.4668359E-02  3.0591617E-04
4.5708819E-02  3.8748031E-04
4.6773514E-02  4.8903055E-04
4.7863009E-02  6.1174287E-04
4.8977882E-02  7.5939744E-04
5.0118723E-02  9.3942579E-04
5.1286138E-02  1.1559439E-03
5.2480746E-02  1.4169049E-03
5.3703180E-02  1.7221394E-03
5.4954087E-02  2.0860684E-03
5.6234133E-02  2.5135767E-03
5.7543994E-02  3.0177731E-03
5.8884366E-02  3.6013604E-03
6.0255959E-02  4.2739590E-03
6.1659500E-02  5.0526073E-03
6.3095734E-02  5.9532163E-03
6.4565423E-02  6.9731816E-03
6.6069345E-02  8.1397456E-03
6.7608298E-02  9.4614451E-03
6.9183097E-02  1.0959829E-02
7.0794578E-02  1.2636671E-02
7.2443596E-02  1.4515296E-02
7.4131024E-02  1.6609516E-02
7.5857758E-02  1.8935240E-02
7.7624712E-02  2.1509834E-02
7.9432823E-02  2.4330059E-02
8.1283052E-02  2.7468850E-02
8.3176377E-02  3.0882271E-02
8.5113804E-02  3.4608942E-02
8.7096359E-02  3.8660318E-02
8.9125094E-02  4.3050668E-02
9.1201084E-02  4.7793771E-02
9.3325430E-02  5.2903698E-02
9.5499259E-02  5.8353181E-02
9.7723722E-02  6.4222484E-02
1.0000000E-01  7.0489346E-02
1.0232930E-01  7.7153619E-02
1.0471285E-01  8.4224674E-02
1.0715193E-01  9.1707183E-02
1.0964782E-01  9.9602999E-02
1.1220185E-01  1.0792083E-01
1.1481536E-01  1.1663871E-01
1.1748976E-01  1.2577680E-01
1.2022644E-01  1.3532010E-01
1.2302688E-01  1.4525890E-01
1.2589254E-01  1.5558502E-01
1.2882496E-01  1.6629954E-01
1.3182567E-01  1.7738689E-01
1.3489629E-01  1.8881663E-01
1.3803843E-01  2.0060589E-01
1.4125375E-01  2.1267254E-01
1.4454398E-01  2.2513092E-01
1.4791084E-01  2.3779734E-01
1.5135612E-01  2.5081288E-01
1.5488166E-01  2.6309482E-01
1.5848932E-01  2.7751532E-01
1.6218101E-01  2.9118848E-01
1.6595869E-01  3.0503771E-01
1.6982437E-01  3.1906389E-01
1.7378008E-01  3.3317032E-01
1.7782794E-01  3.4752283E-01
1.8197009E-01  3.6187265E-01
1.8620871E-01  3.7633985E-01
1.9054607E-01  3.9083072E-01
1.9498446E-01  4.0437736E-01
1.9952623E-01  4.1989440E-01
2.0417379E-01  4.3435752E-01
2.0892961E-01  4.4890919E-01
2.1379621E-01  4.6228992E-01
2.1877616E-01  4.7658615E-01
2.2387211E-01  4.9171300E-01
2.2908677E-01  5.0598887E-01
2.3442288E-01  5.1989853E-01
2.3988329E-01  5.3377046E-01
2.4547089E-01  5.4746480E-01
2.5118864E-01  5.6100978E-01
2.5703958E-01  5.7432940E-01
2.6302680E-01  5.8643038E-01
2.6915348E-01  5.9939523E-01
2.7542287E-01  6.1303082E-01
2.8183829E-01  6.2547390E-01
2.8840315E-01  6.3765604E-01
2.9512092E-01  6.4960453E-01
3.0199517E-01  6.6047262E-01
3.0902954E-01  6.7280855E-01
3.1622777E-01  6.8405957E-01
3.2359366E-01  6.9409192E-01
3.3113112E-01  7.0564360E-01
3.3884416E-01  7.1522184E-01
3.4673685E-01  7.2617842E-01
3.5481339E-01  7.3518238E-01
3.6307805E-01  7.4482729E-01
3.7153523E-01  7.5499096E-01
3.8018940E-01  7.6405787E-01
3.8904514E-01  7.7287096E-01
3.9810717E-01  7.8143343E-01
4.0738028E-01  7.8974266E-01
4.1686938E-01  7.9769650E-01
4.2657952E-01  8.0554342E-01
4.3651583E-01  8.1302962E-01
4.4668359E-01  8.2033782E-01
4.5708819E-01  8.2738517E-01
4.6773514E-01  8.3420381E-01
4.7863009E-01  8.4076626E-01
4.8977882E-01  8.4706514E-01
5.0118723E-01  8.5316634E-01
5.1286138E-01  8.5910277E-01
5.2480746E-01  8.6479623E-01
5.3703180E-01  8.7033412E-01
5.4954087E-01  8.7559306E-01
5.6234133E-01  8.8072331E-01
5.7543994E-01  8.8568587E-01
5.8884366E-01  8.9039489E-01
6.0255959E-01  8.9493000E-01
6.1659500E-01  8.9927352E-01
6.3095734E-01  9.0353296E-01
6.4565423E-01  9.0758683E-01
6.6069345E-01  9.1145727E-01
6.7608298E-01  9.1517213E-01
6.9183097E-01  9.1882630E-01
7.0794578E-01  9.2223834E-01
7.2443596E-01  9.2551169E-01
7.4131024E-01  9.2872110E-01
7.5857758E-01  9.3182639E-01
7.7624712E-01  9.3472649E-01
7.9432823E-01  9.3752199E-01
8.1283052E-01  9.4021467E-01
8.3176377E-01  9.4285588E-01
8.5113804E-01  9.4529390E-01
8.7096359E-01  9.4764562E-01
8.9125094E-01  9.4986103E-01
9.1201084E-01  9.5213522E-01
9.3325430E-01  9.5414441E-01
9.5499259E-01  9.5620912E-01
9.7723722E-01  9.5810363E-01
1.0000000E+00  9.5993797E-01
1.0232930E+00  9.6172787E-01
1.0471285E+00  9.6338319E-01
1.0715193E+00  9.6501686E-01
1.0964782E+00  9.6662169E-01
1.1220185E+00  9.6806800E-01
1.1481536E+00  9.6953929E-01
1.1748976E+00  9.7086771E-01
1.2022644E+00  9.7216999E-01
1.2302688E+00  9.7342622E-01
1.2589254E+00  9.7461344E-01
1.2882496E+00  9.7577595E-01
1.3182567E+00  9.7688376E-01
1.3489629E+00  9.7785970E-01
1.3803843E+00  9.7885454E-01
1.4125375E+00  9.7977463E-01
1.4454398E+00  9.8070965E-01
1.4791084E+00  9.8166029E-01
1.5135612E+00  9.8245085E-01
1.5488166E+00  9.8329432E-01
1.5848932E+00  9.8401055E-01
1.6218101E+00  9.8470098E-01
1.6595869E+00  9.8543636E-01
1.6982437E+00  9.8613020E-01
1.7378008E+00  9.8676785E-01
1.7782794E+00  9.8740275E-01
1.8197009E+00  9.8788611E-01
1.8620871E+00  9.8843763E-01
1.9054607E+00  9.8902623E-01
1.9498446E+00  9.8955810E-01
1.9952623E+00  9.8993578E-01
2.0417379E+00  9.9039911E-01
2.0892961E+00  9.9091928E-01
2.1379621E+00  9.9148829E-01
2.1877616E+00  9.9188586E-01
2.2387211E+00  9.9228701E-01
2.2908677E+00  9.9248325E-01
2.3442288E+00  9.9288236E-01
2.3988329E+00  9.9322675E-01
2.4547089E+00  9.9346846E-01
2.5118864E+00  9.9388242E-01
2.5703958E+00  9.9415741E-01
2.6302680E+00  9.9441312E-01
2.6915348E+00  9.9468717E-01
2.7542287E+00  9.9492067E-01
2.8183829E+00  9.9518921E-01
2.8840315E+00  9.9542110E-01
2.9512092E+00  9.9565176E-01
3.0199517E+00  9.9583148E-01
3.0902954E+00  9.9608922E-01
3.1622777E+00  9.9631157E-01
3.2359366E+00  9.9645028E-01
3.3113112E+00  9.9663206E-01
3.3884416E+00  9.9677394E-01
3.4673685E+00  9.9693370E-01
3.5481339E+00  9.9709608E-01
3.6307805E+00  9.9729045E-01
3.7153523E+00  9.9736187E-01
3.8018940E+00  9.9744078E-01
3.8904514E+00  9.9769986E-01
3.9810717E+00  9.9779180E-01
4.0738028E+00  9.9787140E-01
4.1686938E+00  9.9803888E-01
4.2657952E+00  9.9819650E-01
4.3651583E+00  9.9823521E-01
4.4668359E+00  9.9830392E-01
4.5708819E+00  9.9842391E-01
4.6773514E+00  9.9854074E-01
4.7863009E+00  9.9862221E-01
4.8977882E+00  9.9863240E-01
5.0118723E+00  9.9878887E-01
5.1286138E+00  9.9888353E-01
5.2480746E+00  9.9889323E-01
5.3703180E+00  9.9896801E-01
5.4954087E+00  9.9910668E-01
5.6234133E+00  9.9914105E-01
5.7543994E+00  9.9916954E-01
5.8884366E+00  9.9927700E-01
6.0255959E+00  9.9933254E-01
6.1659500E+00  9.9933749E-01
6.3095734E+00  9.9936331E-01
6.4565423E+00  9.9937112E-01
6.6069345E+00  9.9942648E-01
6.7608298E+00  9.9949572E-01
6.9183097E+00  9.9953520E-01
7.0794578E+00  9.9952319E-01
7.2443596E+00  9.9966492E-01
7.4131024E+00  9.9959231E-01
7.5857758E+00  9.9968075E-01
7.7624712E+00  9.9974455E-01
7.9432823E+00  9.9980037E-01
8.1283052E+00  9.9972266E-01
8.3176377E+00  9.9983572E-01
8.5113804E+00  9.9977661E-01
8.7096359E+00  9.9988584E-01
8.9125094E+00  9.9983069E-01
9.1201084E+00  9.9993289E-01
9.3325430E+00  9.9995364E-01
9.5499259E+00  9.9996968E-01
9.7723722E+00  9.9997209E-01
1.0000000E+01  1.0000000E+00
2.0000000E+10  1.0000000E+00
