# Source: NUDEC_BSM repo, https://doi.org/10.1088/1475-7516/2020/05/048
#T_gam (MeV)   rate_m/rate_0
1.0000000E-10  0.0000000E+00
9.9000000E-03  0.0000000E+00
1.0000000E-02  2.7020702E-35
1.0232930E-02  2.3760665E-34
1.0471285E-02  1.9965839E-33
1.0715193E-02  1.5846261E-32
1.0964782E-02  1.1936751E-31
1.1220185E-02  8.6066637E-31
1.1481536E-02  5.9051302E-30
1.1748976E-02  3.8608739E-29
1.2022644E-02  2.4085845E-28
1.2302688E-02  1.4363524E-27
1.2589254E-02  8.1980318E-27
1.2882496E-02  4.4818679E-26
1.3182567E-02  2.3461288E-25
1.3489629E-02  1.1781591E-24
1.3803843E-02  5.7039987E-24
1.4125375E-02  2.6412262E-23
1.4454398E-02  1.1842245E-22
1.4791084E-02  5.0987376E-22
1.5135612E-02  2.1068647E-21
1.5488166E-02  8.4691510E-21
1.5848932E-02  3.2724088E-20
1.6218101E-02  1.2229950E-19
1.6595869E-02  4.4206422E-19
1.6982437E-02  1.4976197E-18
1.7378008E-02  5.2366162E-18
1.7782794E-02  1.7185753E-17
1.8197009E-02  5.4744879E-17
1.8620871E-02  1.6928994E-16
1.9054607E-02  5.0697857E-16
1.9498446E-02  1.4811639E-15
1.9952623E-02  4.2089037E-15
2.0417379E-02  1.1613884E-14
2.0892961E-02  3.1299911E-14
2.1379621E-02  8.2064077E-14
2.1877616E-02  2.0980260E-13
2.2387211E-02  5.2316761E-13
2.2908677E-02  1.2726956E-12
2.3442288E-02  3.0263501E-12
2.3988329E-02  7.0334057E-12
2.4547089E-02  1.5925275E-11
2.5118864E-02  3.5436369E-11
2.5703958E-02  7.7150640E-11
2.6302680E-02  1.6439254E-10
2.6915348E-02  3.4290520E-10
2.7542287E-02  7.0153033E-10
2.8183829E-02  1.4063523E-09
2.8840315E-02  2.7723252E-09
2.9512092E-02  5.3541411E-09
3.0199517E-02  1.0158310E-08
3.0902954E-02  1.8765349E-08
3.1622777E-02  3.4215298E-08
3.2359366E-02  6.1181150E-08
3.3113112E-02  1.0750795E-07
3.3884416E-02  1.8436229E-07
3.4673685E-02  3.2856543E-07
3.5481339E-02  5.5546869E-07
3.6307805E-02  9.2679148E-07
3.7153523E-02  1.5168165E-06
3.8018940E-02  2.4521661E-06
3.8904514E-02  3.9116981E-06
3.9810717E-02  6.1389175E-06
4.0738028E-02  9.5188240E-06
4.1686938E-02  1.4576267E-05
4.2657952E-02  2.2035520E-05
4.3651583E-02  3.2902644E-05
4.4668359E-02  4.8496422E-05
4.5708819E-02  7.0692348E-05
4.6773514E-02  1.0182753E-04
4.7863009E-02  1.4506774E-04
4.8977882E-02  2.0442120E-04
5.0118723E-02  2.8484341E-04
5.1286138E-02  3.9291589E-04
5.2480746E-02  5.3638207E-04
5.3703180E-02  7.2533681E-04
5.4954087E-02  1.6431051E-03
5.6234133E-02  2.0794751E-03
5.7543994E-02  2.6093729E-03
5.8884366E-02  3.2474517E-03
6.0255959E-02  4.0093982E-03
6.1659500E-02  4.9118769E-03
6.3095734E-02  4.6157677E-03
6.4565423E-02  5.8108529E-03
6.6069345E-02  7.2497512E-03
6.7608298E-02  8.9915696E-03
6.9183097E-02  1.1057369E-02
7.0794578E-02  1.3502738E-02
7.2443596E-02  1.6374042E-02
7.4131024E-02  1.9716055E-02
7.5857758E-02  2.3579048E-02
7.7624712E-02  2.7997966E-02
7.9432823E-02  3.3053924E-02
8.1283052E-02  3.8781832E-02
8.3176377E-02  4.5221499E-02
8.5113804E-02  5.2422743E-02
8.7096359E-02  6.0423131E-02
8.9125094E-02  6.9250999E-02
9.1201084E-02  7.8941081E-02
9.3325430E-02  8.9515032E-02
9.5499259E-02  1.0098786E-01
9.7723722E-02  1.1337427E-01
1.0000000E-01  1.2666099E-01
1.0232930E-01  1.4084821E-01
1.0471285E-01  1.5592138E-01
1.0715193E-01  1.7184680E-01
1.0964782E-01  1.8859995E-01
1.1220185E-01  2.0607045E-01
1.1481536E-01  2.2433493E-01
1.1748976E-01  2.4328221E-01
1.2022644E-01  2.6285276E-01
1.2302688E-01  2.8297092E-01
1.2589254E-01  3.0357290E-01
1.2882496E-01  3.2458973E-01
1.3182567E-01  3.4592714E-01
1.3489629E-01  3.6751517E-01
1.3803843E-01  3.8916184E-01
1.4125375E-01  4.1102078E-01
1.4454398E-01  4.3289996E-01
1.4791084E-01  4.5473481E-01
1.5135612E-01  4.7642413E-01
1.5488166E-01  4.9792995E-01
1.5848932E-01  5.1919115E-01
1.6218101E-01  5.4011243E-01
1.6595869E-01  5.6067221E-01
1.6982437E-01  5.8080105E-01
1.7378008E-01  6.0046981E-01
1.7782794E-01  6.1963504E-01
1.8197009E-01  6.3826211E-01
1.8620871E-01  6.5630977E-01
1.9054607E-01  6.7376415E-01
1.9498446E-01  6.9067330E-01
1.9952623E-01  7.0683409E-01
2.0417379E-01  7.2241916E-01
2.0892961E-01  7.3738129E-01
2.1379621E-01  7.5169849E-01
2.1877616E-01  7.6544566E-01
2.2387211E-01  7.7844733E-01
2.2908677E-01  7.9089297E-01
2.3442288E-01  8.0273325E-01
2.3988329E-01  8.1397169E-01
2.4547089E-01  8.2465807E-01
2.5118864E-01  8.3477038E-01
2.5703958E-01  8.4434406E-01
2.6302680E-01  8.5339341E-01
2.6915348E-01  8.6194733E-01
2.7542287E-01  8.7001935E-01
2.8183829E-01  8.7762113E-01
2.8840315E-01  8.8479820E-01
2.9512092E-01  8.9155573E-01
3.0199517E-01  8.9790338E-01
3.0902954E-01  9.0388805E-01
3.1622777E-01  9.0951789E-01
3.2359366E-01  9.1478916E-01
3.3113112E-01  9.1977370E-01
3.3884416E-01  9.2441796E-01
3.4673685E-01  9.2880873E-01
3.5481339E-01  9.3291241E-01
3.6307805E-01  9.3677226E-01
3.7153523E-01  9.4040445E-01
3.8018940E-01  9.4379862E-01
3.8904514E-01  9.4700457E-01
3.9810717E-01  9.4998890E-01
4.0738028E-01  9.5281435E-01
4.1686938E-01  9.5544847E-01
4.2657952E-01  9.5793278E-01
4.3651583E-01  9.6027318E-01
4.4668359E-01  9.6245668E-01
4.5708819E-01  9.6451422E-01
4.6773514E-01  9.6644893E-01
4.7863009E-01  9.6827968E-01
4.8977882E-01  9.6999244E-01
5.0118723E-01  9.7159232E-01
5.1286138E-01  9.7311670E-01
5.2480746E-01  9.7453991E-01
5.3703180E-01  9.7589182E-01
5.4954087E-01  9.7716476E-01
5.6234133E-01  9.7835149E-01
5.7543994E-01  9.7947872E-01
5.8884366E-01  9.8052821E-01
6.0255959E-01  9.8154254E-01
6.1659500E-01  9.8248187E-01
6.3095734E-01  9.8337690E-01
6.4565423E-01  9.8422102E-01
6.6069345E-01  9.8502819E-01
6.7608298E-01  9.8578386E-01
6.9183097E-01  9.8649394E-01
7.0794578E-01  9.8717761E-01
7.2443596E-01  9.8780332E-01
7.4131024E-01  9.8841618E-01
7.5857758E-01  9.8898021E-01
7.7624712E-01  9.8952341E-01
7.9432823E-01  9.9004735E-01
8.1283052E-01  9.9053452E-01
8.3176377E-01  9.9099895E-01
8.5113804E-01  9.9142735E-01
8.7096359E-01  9.9185215E-01
8.9125094E-01  9.9224560E-01
9.1201084E-01  9.9262090E-01
9.3325430E-01  9.9297883E-01
9.5499259E-01  9.9331525E-01
9.7723722E-01  9.9362831E-01
1.0000000E+00  9.9393295E-01
1.0232930E+00  9.9423281E-01
1.0471285E+00  9.9451813E-01
1.0715193E+00  9.9476974E-01
1.0964782E+00  9.9501146E-01
1.1220185E+00  9.9525198E-01
1.1481536E+00  9.9548529E-01
1.1748976E+00  9.9568885E-01
1.2022644E+00  9.9590249E-01
1.2302688E+00  9.9609782E-01
1.2589254E+00  9.9628174E-01
1.2882496E+00  9.9645064E-01
1.3182567E+00  9.9663083E-01
1.3489629E+00  9.9679178E-01
1.3803843E+00  9.9693472E-01
1.4125375E+00  9.9708473E-01
1.4454398E+00  9.9721423E-01
1.4791084E+00  9.9734561E-01
1.5135612E+00  9.9746510E-01
1.5488166E+00  9.9759339E-01
1.5848932E+00  9.9769814E-01
1.6218101E+00  9.9781510E-01
1.6595869E+00  9.9792575E-01
1.6982437E+00  9.9801404E-01
1.7378008E+00  9.9810739E-01
1.7782794E+00  9.9820673E-01
1.8197009E+00  9.9828182E-01
1.8620871E+00  9.9837200E-01
1.9054607E+00  9.9844931E-01
1.9498446E+00  9.9852385E-01
1.9952623E+00  9.9859370E-01
2.0417379E+00  9.9865197E-01
2.0892961E+00  9.9871683E-01
2.1379621E+00  9.9877735E-01
2.1877616E+00  9.9883545E-01
2.2387211E+00  9.9889946E-01
2.2908677E+00  9.9895303E-01
2.3442288E+00  9.9900361E-01
2.3988329E+00  9.9905197E-01
2.4547089E+00  9.9909799E-01
2.5118864E+00  9.9914205E-01
2.5703958E+00  9.9917546E-01
2.6302680E+00  9.9921535E-01
2.6915348E+00  9.9926192E-01
2.7542287E+00  9.9928967E-01
2.8183829E+00  9.9932414E-01
2.8840315E+00  9.9936556E-01
2.9512092E+00  9.9939802E-01
3.0199517E+00  9.9941915E-01
3.0902954E+00  9.9944847E-01
3.1622777E+00  9.9948365E-01
3.2359366E+00  9.9950206E-01
3.3113112E+00  9.9953553E-01
3.3884416E+00  9.9955928E-01
3.4673685E+00  9.9958215E-01
3.5481339E+00  9.9959541E-01
3.6307805E+00  9.9962468E-01
3.7153523E+00  9.9964497E-01
3.8018940E+00  9.9965519E-01
3.8904514E+00  9.9967342E-01
3.9810717E+00  9.9969958E-01
4.0738028E+00  9.9971601E-01
4.1686938E+00  9.9973206E-01
4.2657952E+00  9.9973800E-01
4.3651583E+00  9.9975272E-01
4.4668359E+00  9.9977488E-01
4.5708819E+00  9.9977989E-01
4.6773514E+00  9.9980062E-01
4.7863009E+00  9.9980430E-01
4.8977882E+00  9.9982390E-01
5.0118723E+00  9.9983538E-01
5.1286138E+00  9.9984452E-01
5.2480746E+00  9.9984709E-01
5.3703180E+00  9.9985192E-01
5.4954087E+00  9.9987394E-01
5.6234133E+00  9.9987450E-01
5.7543994E+00  9.9988267E-01
5.8884366E+00  9.9989926E-01
6.0255959E+00  9.9990642E-01
6.1659500E+00  9.9991375E-01
6.3095734E+00  9.9991234E-01
6.4565423E+00  9.9992746E-01
6.6069345E+00  9.9992527E-01
6.7608298E+00  9.9993962E-01
6.9183097E+00  9.9993667E-01
7.0794578E+00  9.9995063E-01
7.2443596E+00  9.9994738E-01
7.4131024E+00  9.9995259E-01
7.5857758E+00  9.9995745E-01
7.7624712E+00  9.9997026E-01
7.9432823E+00  9.9997381E-01
8.1283052E+00  9.9997020E-01
8.3176377E+00  9.9998283E-01
8.5113804E+00  9.9998677E-01
8.7096359E+00  9.9997673E-01
8.9125094E+00  9.9998492E-01
9.1201084E+00  9.9999686E-01
9.3325430E+00  9.9999506E-01
9.5499259E+00  9.9999435E-01
9.7723722E+00  1.0000014E+00
1.0000000E+01  1.0000000E+00
2.0000000E+10  1.0000000E+00
