# Source: NUDEC_BSM repo, https://doi.org/10.1088/1475-7516/2020/05/048
#T_gam (MeV)   rate_m/rate_0
1.0000000E-10  0.0000000E+00
9.9000000E-03  0.0000000E+00
1.0000000E-02  8.9566910E-37
1.0232930E-02  8.0524818E-36
1.0471285E-02  6.8654397E-35
1.0715193E-02  5.5534609E-34
1.0964782E-02  4.2696659E-33
1.1220185E-02  3.1299371E-32
1.1481536E-02  2.1871683E-31
1.1748976E-02  1.4564498E-30
1.2022644E-02  9.2611373E-30
1.2302688E-02  5.6296535E-29
1.2589254E-02  3.2745052E-28
1.2882496E-02  1.8229598E-27
1.3182567E-02  9.7438194E-27
1.3489629E-02  4.9953993E-26
1.3803843E-02  2.4626042E-25
1.4125375E-02  1.1610749E-24
1.4454398E-02  5.3169563E-24
1.4791084E-02  2.3353600E-23
1.5135612E-02  9.8684661E-23
1.5488166E-02  4.0381822E-22
1.5848932E-02  1.5928050E-21
1.6218101E-02  6.0729188E-21
1.6595869E-02  2.2397189E-20
1.6982437E-02  7.9951781E-20
1.7378008E-02  2.7644816E-19
1.7782794E-02  9.2666277E-19
1.8197009E-02  3.0124701E-18
1.8620871E-02  9.5105495E-18
1.9054607E-02  2.9127476E-17
1.9498446E-02  8.6864813E-17
1.9952623E-02  2.5194883E-16
2.0417379E-02  7.1105521E-16
2.0892961E-02  1.9544519E-15
2.1379621E-02  5.2347969E-15
2.1877616E-02  1.3672333E-14
2.2387211E-02  3.4841220E-14
2.2908677E-02  8.6657200E-14
2.3442288E-02  2.1055500E-13
2.3988329E-02  5.0011457E-13
2.4547089E-02  1.1589292E-12
2.5118864E-02  2.6349058E-12
2.5703958E-02  5.8619554E-12
2.6302680E-02  1.2766124E-11
2.6915348E-02  2.7258176E-11
2.7542287E-02  5.7001249E-11
2.8183829E-02  1.1693600E-10
2.8840315E-02  2.3534941E-10
2.9512092E-02  4.6488767E-10
3.0199517E-02  9.0204263E-10
3.0902954E-02  1.7192187E-09
3.1622777E-02  3.2207299E-09
3.2359366E-02  5.9306577E-09
3.3113112E-02  1.0745025E-08
3.3884416E-02  1.8656992E-08
3.4673685E-02  3.3513909E-08
3.5481339E-02  5.8112744E-08
3.6307805E-02  9.8928360E-08
3.7153523E-02  1.6598615E-07
3.8018940E-02  2.7429249E-07
3.8904514E-02  4.4774280E-07
3.9810717E-02  7.1964591E-07
4.0738028E-02  1.1429288E-06
4.1686938E-02  1.7919160E-06
4.2657952E-02  2.7737841E-06
4.3651583E-02  4.2394590E-06
4.4668359E-02  6.3983361E-06
4.5708819E-02  9.5556224E-06
4.6773514E-02  1.4091208E-05
4.7863009E-02  2.0562287E-05
4.8977882E-02  2.9675976E-05
5.0118723E-02  4.2370297E-05
5.1286138E-02  5.9870435E-05
5.2480746E-02  7.3724592E-05
5.3703180E-02  9.1597697E-05
5.4954087E-02  1.5906833E-04
5.6234133E-02  3.1610136E-04
5.7543994E-02  5.8897022E-04
5.8884366E-02  6.2634293E-04
6.0255959E-02  7.6007508E-04
6.1659500E-02  8.0119044E-04
6.3095734E-02  9.7546204E-04
6.4565423E-02  1.1294718E-03
6.6069345E-02  1.4456137E-03
6.7608298E-02  1.8360415E-03
6.9183097E-02  2.3144946E-03
7.0794578E-02  2.8964108E-03
7.2443596E-02  3.5988819E-03
7.4131024E-02  4.4408285E-03
7.5857758E-02  5.4427582E-03
7.7624712E-02  6.6270773E-03
7.9432823E-02  8.0170761E-03
8.1283052E-02  9.6390701E-03
8.3176377E-02  1.1517021E-02
8.5113804E-02  1.3681710E-02
8.7096359E-02  1.6160185E-02
8.9125094E-02  1.8981103E-02
9.1201084E-02  2.2172766E-02
9.3325430E-02  2.5763097E-02
9.5499259E-02  2.9782533E-02
9.7723722E-02  3.4254827E-02
1.0000000E-01  3.9208153E-02
1.0232930E-01  4.4666134E-02
1.0471285E-01  5.0648200E-02
1.0715193E-01  5.7175225E-02
1.0964782E-01  6.4263225E-02
1.1220185E-01  7.1899584E-02
1.1481536E-01  8.0147128E-02
1.1748976E-01  8.8981453E-02
1.2022644E-01  9.8414548E-02
1.2302688E-01  1.0843862E-01
1.2589254E-01  1.1904798E-01
1.2882496E-01  1.3023745E-01
1.3182567E-01  1.4198906E-01
1.3489629E-01  1.5429005E-01
1.3803843E-01  1.6698573E-01
1.4125375E-01  1.8031561E-01
1.4454398E-01  1.9413447E-01
1.4791084E-01  2.0841370E-01
1.5135612E-01  2.2309668E-01
1.5488166E-01  2.3815508E-01
1.5848932E-01  2.5368707E-01
1.6218101E-01  2.6924837E-01
1.6595869E-01  2.8525211E-01
1.6982437E-01  3.0156183E-01
1.7378008E-01  3.1810419E-01
1.7782794E-01  3.3460271E-01
1.8197009E-01  3.5131357E-01
1.8620871E-01  3.6811276E-01
1.9054607E-01  3.8495802E-01
1.9498446E-01  4.0189842E-01
1.9952623E-01  4.1861536E-01
2.0417379E-01  4.3536984E-01
2.0892961E-01  4.5202480E-01
2.1379621E-01  4.6854948E-01
2.1877616E-01  4.8503175E-01
2.2387211E-01  5.0113532E-01
2.2908677E-01  5.1712341E-01
2.3442288E-01  5.3289048E-01
2.3988329E-01  5.4840655E-01
2.4547089E-01  5.6365694E-01
2.5118864E-01  5.7862343E-01
2.5703958E-01  5.9329149E-01
2.6302680E-01  6.0764150E-01
2.6915348E-01  6.2166956E-01
2.7542287E-01  6.3538005E-01
2.8183829E-01  6.4873399E-01
2.8840315E-01  6.6176811E-01
2.9512092E-01  6.7444292E-01
3.0199517E-01  6.8675480E-01
3.0902954E-01  6.9873306E-01
3.1622777E-01  7.1036429E-01
3.2359366E-01  7.2161784E-01
3.3113112E-01  7.3254651E-01
3.3884416E-01  7.4310584E-01
3.4673685E-01  7.5334203E-01
3.5481339E-01  7.6322111E-01
3.6307805E-01  7.7277773E-01
3.7153523E-01  7.8200837E-01
3.8018940E-01  7.9089831E-01
3.8904514E-01  7.9949909E-01
3.9810717E-01  8.0776668E-01
4.0738028E-01  8.1575068E-01
4.1686938E-01  8.2341681E-01
4.2657952E-01  8.3081175E-01
4.3651583E-01  8.3793368E-01
4.4668359E-01  8.4476486E-01
4.5708819E-01  8.5133980E-01
4.6773514E-01  8.5766034E-01
4.7863009E-01  8.6374355E-01
4.8977882E-01  8.6957279E-01
5.0118723E-01  8.7516479E-01
5.1286138E-01  8.8054426E-01
5.2480746E-01  8.8569257E-01
5.3703180E-01  8.9064519E-01
5.4954087E-01  8.9538788E-01
5.6234133E-01  8.9993423E-01
5.7543994E-01  9.0429961E-01
5.8884366E-01  9.0847164E-01
6.0255959E-01  9.1247830E-01
6.1659500E-01  9.1630736E-01
6.3095734E-01  9.1997911E-01
6.4565423E-01  9.2350417E-01
6.6069345E-01  9.2688111E-01
6.7608298E-01  9.3010853E-01
6.9183097E-01  9.3318729E-01
7.0794578E-01  9.3615283E-01
7.2443596E-01  9.3897227E-01
7.4131024E-01  9.4168916E-01
7.5857758E-01  9.4427189E-01
7.7624712E-01  9.4675109E-01
7.9432823E-01  9.4913152E-01
8.1283052E-01  9.5139991E-01
8.3176377E-01  9.5357169E-01
8.5113804E-01  9.5563991E-01
8.7096359E-01  9.5763064E-01
8.9125094E-01  9.5952852E-01
9.1201084E-01  9.6134314E-01
9.3325430E-01  9.6308100E-01
9.5499259E-01  9.6473695E-01
9.7723722E-01  9.6631441E-01
1.0000000E+00  9.6783135E-01
1.0232930E+00  9.6928935E-01
1.0471285E+00  9.7067536E-01
1.0715193E+00  9.7199939E-01
1.0964782E+00  9.7325740E-01
1.1220185E+00  9.7446671E-01
1.1481536E+00  9.7563104E-01
1.1748976E+00  9.7672795E-01
1.2022644E+00  9.7779264E-01
1.2302688E+00  9.7880227E-01
1.2589254E+00  9.7976514E-01
1.2882496E+00  9.8067972E-01
1.3182567E+00  9.8156809E-01
1.3489629E+00  9.8240925E-01
1.3803843E+00  9.8320395E-01
1.4125375E+00  9.8398059E-01
1.4454398E+00  9.8470473E-01
1.4791084E+00  9.8540594E-01
1.5135612E+00  9.8607560E-01
1.5488166E+00  9.8672352E-01
1.5848932E+00  9.8732535E-01
1.6218101E+00  9.8791810E-01
1.6595869E+00  9.8847488E-01
1.6982437E+00  9.8899743E-01
1.7378008E+00  9.8950569E-01
1.7782794E+00  9.8999657E-01
1.8197009E+00  9.9045198E-01
1.8620871E+00  9.9090410E-01
1.9054607E+00  9.9132762E-01
1.9498446E+00  9.9173210E-01
1.9952623E+00  9.9211882E-01
2.0417379E+00  9.9247924E-01
2.0892961E+00  9.9283526E-01
2.1379621E+00  9.9317225E-01
2.1877616E+00  9.9349405E-01
2.2387211E+00  9.9380960E-01
2.2908677E+00  9.9410422E-01
2.3442288E+00  9.9438395E-01
2.3988329E+00  9.9465171E-01
2.4547089E+00  9.9490776E-01
2.5118864E+00  9.9515176E-01
2.5703958E+00  9.9537617E-01
2.6302680E+00  9.9559847E-01
2.6915348E+00  9.9581855E-01
2.7542287E+00  9.9601244E-01
2.8183829E+00  9.9620654E-01
2.8840315E+00  9.9640014E-01
2.9512092E+00  9.9657769E-01
3.0199517E+00  9.9673749E-01
3.0902954E+00  9.9689934E-01
3.1622777E+00  9.9706134E-01
3.2359366E+00  9.9720070E-01
3.3113112E+00  9.9734978E-01
3.3884416E+00  9.9748352E-01
3.4673685E+00  9.9761225E-01
3.5481339E+00  9.9772621E-01
3.6307805E+00  9.9785120E-01
3.7153523E+00  9.9796313E-01
3.8018940E+00  9.9806098E-01
3.8904514E+00  9.9816315E-01
3.9810717E+00  9.9826894E-01
4.0738028E+00  9.9836175E-01
4.1686938E+00  9.9845065E-01
4.2657952E+00  9.9852643E-01
4.3651583E+00  9.9860757E-01
4.4668359E+00  9.9869338E-01
4.5708819E+00  9.9876269E-01
4.6773514E+00  9.9883787E-01
4.7863009E+00  9.9889655E-01
4.8977882E+00  9.9896981E-01
5.0118723E+00  9.9903138E-01
5.1286138E+00  9.9908901E-01
5.2480746E+00  9.9913737E-01
5.3703180E+00  9.9919129E-01
5.4954087E+00  9.9925070E-01
5.6234133E+00  9.9929128E-01
5.7543994E+00  9.9933765E-01
5.8884366E+00  9.9939089E-01
6.0255959E+00  9.9943354E-01
6.1659500E+00  9.9947406E-01
6.3095734E+00  9.9950429E-01
6.4565423E+00  9.9955026E-01
6.6069345E+00  9.9957694E-01
6.7608298E+00  9.9961930E-01
6.9183097E+00  9.9964267E-01
7.0794578E+00  9.9968205E-01
7.2443596E+00  9.9970321E-01
7.4131024E+00  9.9973120E-01
7.5857758E+00  9.9975829E-01
7.7624712E+00  9.9979238E-01
7.9432823E+00  9.9981606E-01
8.1283052E+00  9.9983145E-01
8.3176377E+00  9.9985374E-01
8.5113804E+00  9.9988395E-01
8.7096359E+00  9.9989558E-01
8.9125094E+00  9.9991532E-01
9.1201084E+00  9.9994210E-01
9.3325430E+00  9.9995098E-01
9.5499259E+00  9.9996816E-01
9.7723722E+00  9.9998439E-01
1.0000000E+01  1.0000000E+00
2.0000000E+10  1.0000000E+00
