# Source: NUDEC_BSM repo, https://doi.org/10.1088/1475-7516/2020/05/048
#T_gam (MeV)   rate_m/rate_0
1.0000000E-10  0.0000000E+00
9.9000000E-03  0.0000000E+00
1.0000000E-02  1.7446900E-20
1.0232930E-02  5.5541009E-20
1.0471285E-02  1.6682956E-19
1.0715193E-02  5.0462363E-19
1.0964782E-02  1.4866764E-18
1.1220185E-02  4.1452402E-18
1.1481536E-02  1.1363923E-17
1.1748976E-02  3.1053279E-17
1.2022644E-02  8.0716503E-17
1.2302688E-02  2.0829928E-16
1.2589254E-02  5.3223216E-16
1.2882496E-02  1.3149144E-15
1.3182567E-02  3.1766004E-15
1.3489629E-02  7.5153524E-15
1.3803843E-02  1.7427410E-14
1.4125375E-02  3.9607553E-14
1.4454398E-02  8.8173469E-14
1.4791084E-02  1.9313830E-13
1.5135612E-02  4.1417877E-13
1.5488166E-02  8.7297061E-13
1.5848932E-02  1.7316663E-12
1.6218101E-02  3.6829045E-12
1.6595869E-02  7.3714459E-12
1.6982437E-02  1.4515721E-11
1.7378008E-02  2.8138762E-11
1.7782794E-02  5.3622229E-11
1.8197009E-02  1.0067909E-10
1.8620871E-02  1.8613905E-10
1.9054607E-02  3.3983589E-10
1.9498446E-02  6.0965787E-10
1.9952623E-02  1.0769514E-09
2.0417379E-02  1.8808749E-09
2.0892961E-02  3.2431245E-09
2.1379621E-02  5.4778481E-09
2.1877616E-02  9.1945299E-09
2.2387211E-02  1.5244845E-08
2.2908677E-02  2.5125868E-08
2.3442288E-02  4.0393592E-08
2.3988329E-02  6.4654486E-08
2.4547089E-02  1.0219079E-07
2.5118864E-02  1.6052839E-07
2.5703958E-02  2.4832062E-07
2.6302680E-02  3.7832668E-07
2.6915348E-02  5.7254361E-07
2.7542287E-02  8.6065839E-07
2.8183829E-02  1.2693680E-06
2.8840315E-02  1.8743463E-06
2.9512092E-02  2.7201761E-06
3.0199517E-02  3.9170027E-06
3.0902954E-02  5.5975741E-06
3.1622777E-02  7.9227991E-06
3.2359366E-02  1.1114679E-05
3.3113112E-02  1.5466579E-05
3.3884416E-02  2.1340946E-05
3.4673685E-02  2.9210014E-05
3.5481339E-02  3.9663124E-05
3.6307805E-02  5.3544585E-05
3.7153523E-02  7.1552815E-05
3.8018940E-02  9.4817721E-05
3.8904514E-02  1.2505975E-04
3.9810717E-02  1.6318822E-04
4.0738028E-02  2.1201784E-04
4.1686938E-02  2.7360947E-04
4.2657952E-02  3.5084862E-04
4.3651583E-02  4.4667249E-04
4.4668359E-02  5.6503088E-04
4.5708819E-02  7.1062731E-04
4.6773514E-02  8.8831878E-04
4.7863009E-02  1.1040634E-03
4.8977882E-02  1.3606271E-03
5.0118723E-02  1.6719344E-03
5.1286138E-02  2.0429844E-03
5.2480746E-02  2.4868693E-03
5.3703180E-02  3.0019634E-03
5.4954087E-02  3.6107898E-03
5.6234133E-02  4.3205581E-03
5.7543994E-02  5.1502123E-03
5.8884366E-02  6.1028992E-03
6.0255959E-02  7.1916000E-03
6.1659500E-02  8.4394287E-03
6.3095734E-02  9.8725265E-03
6.4565423E-02  1.1481089E-02
6.6069345E-02  1.3305609E-02
6.7608298E-02  1.5354275E-02
6.9183097E-02  1.7646930E-02
7.0794578E-02  2.0201040E-02
7.2443596E-02  2.3036553E-02
7.4131024E-02  2.6168486E-02
7.5857758E-02  2.9616944E-02
7.7624712E-02  3.3400205E-02
7.9432823E-02  3.7521679E-02
8.1283052E-02  4.2051062E-02
8.3176377E-02  4.6936046E-02
8.5113804E-02  5.2216507E-02
8.7096359E-02  5.7907503E-02
8.9125094E-02  6.4019720E-02
9.1201084E-02  7.0561601E-02
9.3325430E-02  7.7543665E-02
9.5499259E-02  8.4971937E-02
9.7723722E-02  9.2850269E-02
1.0000000E-01  1.0117435E-01
1.0232930E-01  1.0988594E-01
1.0471285E-01  1.1911399E-01
1.0715193E-01  1.2880779E-01
1.0964782E-01  1.3891555E-01
1.1220185E-01  1.4947129E-01
1.1481536E-01  1.6044390E-01
1.1748976E-01  1.7183686E-01
1.2022644E-01  1.8364304E-01
1.2302688E-01  1.9581216E-01
1.2589254E-01  2.0834210E-01
1.2882496E-01  2.2122905E-01
1.3182567E-01  2.3443497E-01
1.3489629E-01  2.4794455E-01
1.3803843E-01  2.6175383E-01
1.4125375E-01  2.7574864E-01
1.4454398E-01  2.9005659E-01
1.4791084E-01  3.0448175E-01
1.5135612E-01  3.1919055E-01
1.5488166E-01  3.3394850E-01
1.5848932E-01  3.4895300E-01
1.6218101E-01  3.6398550E-01
1.6595869E-01  3.7912530E-01
1.6982437E-01  3.9425305E-01
1.7378008E-01  4.0938243E-01
1.7782794E-01  4.2462308E-01
1.8197009E-01  4.3973033E-01
1.8620871E-01  4.5487624E-01
1.9054607E-01  4.6990071E-01
1.9498446E-01  4.8360567E-01
1.9952623E-01  4.9962606E-01
2.0417379E-01  5.1431880E-01
2.0892961E-01  5.2882739E-01
2.1379621E-01  5.4193997E-01
2.1877616E-01  5.5610852E-01
2.2387211E-01  5.7107096E-01
2.2908677E-01  5.8501325E-01
2.3442288E-01  5.9844239E-01
2.3988329E-01  6.1170014E-01
2.4547089E-01  6.2468534E-01
2.5118864E-01  6.3747258E-01
2.5703958E-01  6.4994248E-01
2.6302680E-01  6.6096713E-01
2.6915348E-01  6.7287715E-01
2.7542287E-01  6.8569744E-01
2.8183829E-01  6.9692429E-01
2.8840315E-01  7.0797686E-01
2.9512092E-01  7.1871816E-01
3.0199517E-01  7.2819145E-01
3.0902954E-01  7.3930819E-01
3.1622777E-01  7.4924162E-01
3.2359366E-01  7.5780230E-01
3.3113112E-01  7.6805549E-01
3.3884416E-01  7.7609282E-01
3.4673685E-01  7.8576085E-01
3.5481339E-01  7.9319953E-01
3.6307805E-01  8.0141360E-01
3.7153523E-01  8.1018073E-01
3.8018940E-01  8.1780823E-01
3.8904514E-01  8.2514526E-01
3.9810717E-01  8.3230361E-01
4.0738028E-01  8.3820908E-01
4.1686938E-01  8.4572396E-01
4.2657952E-01  8.5211041E-01
4.3651583E-01  8.5816400E-01
4.4668359E-01  8.6409622E-01
4.5708819E-01  8.6977973E-01
4.6773514E-01  8.7524518E-01
4.7863009E-01  8.8047007E-01
4.8977882E-01  8.8546424E-01
5.0118723E-01  8.9029586E-01
5.1286138E-01  8.9499609E-01
5.2480746E-01  8.9946827E-01
5.3703180E-01  9.0375676E-01
5.4954087E-01  9.0788496E-01
5.6234133E-01  9.1188588E-01
5.7543994E-01  9.1566245E-01
5.8884366E-01  9.1934912E-01
6.0255959E-01  9.2283714E-01
6.1659500E-01  9.2614508E-01
6.3095734E-01  9.2940852E-01
6.4565423E-01  9.3248919E-01
6.6069345E-01  9.3544042E-01
6.7608298E-01  9.3821974E-01
6.9183097E-01  9.4097410E-01
7.0794578E-01  9.4353499E-01
7.2443596E-01  9.4598369E-01
7.4131024E-01  9.4839115E-01
7.5857758E-01  9.5066191E-01
7.7624712E-01  9.5281002E-01
7.9432823E-01  9.5486518E-01
8.1283052E-01  9.5686864E-01
8.3176377E-01  9.5884366E-01
8.5113804E-01  9.6063244E-01
8.7096359E-01  9.6235016E-01
8.9125094E-01  9.6407157E-01
9.1201084E-01  9.6576082E-01
9.3325430E-01  9.6735291E-01
9.5499259E-01  9.6888012E-01
9.7723722E-01  9.7010822E-01
1.0000000E+00  9.7144564E-01
1.0232930E+00  9.7275149E-01
1.0471285E+00  9.7394060E-01
1.0715193E+00  9.7506812E-01
1.0964782E+00  9.7624895E-01
1.1220185E+00  9.7728234E-01
1.1481536E+00  9.7835677E-01
1.1748976E+00  9.7930899E-01
1.2022644E+00  9.8024993E-01
1.2302688E+00  9.8115585E-01
1.2589254E+00  9.8200907E-01
1.2882496E+00  9.8284716E-01
1.3182567E+00  9.8365943E-01
1.3489629E+00  9.8432790E-01
1.3803843E+00  9.8503803E-01
1.4125375E+00  9.8568381E-01
1.4454398E+00  9.8636010E-01
1.4791084E+00  9.8705988E-01
1.5135612E+00  9.8760821E-01
1.5488166E+00  9.8822341E-01
1.5848932E+00  9.8871777E-01
1.6218101E+00  9.8919495E-01
1.6595869E+00  9.8973094E-01
1.6982437E+00  9.9022770E-01
1.7378008E+00  9.9068085E-01
1.7782794E+00  9.9114106E-01
1.8197009E+00  9.9145362E-01
1.8620871E+00  9.9184377E-01
1.9054607E+00  9.9227877E-01
1.9498446E+00  9.9266094E-01
1.9952623E+00  9.9289862E-01
2.0417379E+00  9.9322213E-01
2.0892961E+00  9.9361267E-01
2.1379621E+00  9.9388592E-01
2.1877616E+00  9.9416244E-01
2.2387211E+00  9.9445241E-01
2.2908677E+00  9.9470817E-01
2.3442288E+00  9.9500272E-01
2.3988329E+00  9.9524677E-01
2.4547089E+00  9.9539242E-01
2.5118864E+00  9.9571473E-01
2.5703958E+00  9.9589772E-01
2.6302680E+00  9.9607580E-01
2.6915348E+00  9.9626997E-01
2.7542287E+00  9.9642745E-01
2.8183829E+00  9.9662293E-01
2.8840315E+00  9.9678726E-01
2.9512092E+00  9.9695115E-01
3.0199517E+00  9.9706631E-01
3.0902954E+00  9.9726216E-01
3.1622777E+00  9.9742414E-01
3.2359366E+00  9.9750875E-01
3.3113112E+00  9.9763728E-01
3.3884416E+00  9.9772965E-01
3.4673685E+00  9.9783960E-01
3.5481339E+00  9.9795516E-01
3.6307805E+00  9.9810428E-01
3.7153523E+00  9.9813448E-01
3.8018940E+00  9.9817287E-01
3.8904514E+00  9.9839363E-01
3.9810717E+00  9.9844860E-01
4.0738028E+00  9.9848534E-01
4.1686938E+00  9.9861999E-01
4.2657952E+00  9.9874440E-01
4.3651583E+00  9.9875249E-01
4.4668359E+00  9.9879178E-01
4.5708819E+00  9.9888343E-01
4.6773514E+00  9.9897333E-01
4.7863009E+00  9.9902912E-01
4.8977882E+00  9.9902169E-01
5.0118723E+00  9.9915482E-01
5.1286138E+00  9.9922700E-01
5.2480746E+00  9.9921588E-01
5.3703180E+00  9.9927034E-01
5.4954087E+00  9.9938895E-01
5.6234133E+00  9.9940468E-01
5.7543994E+00  9.9941507E-01
5.8884366E+00  9.9950581E-01
6.0255959E+00  9.9954511E-01
6.1659500E+00  9.9953457E-01
6.3095734E+00  9.9954646E-01
6.4565423E+00  9.9953951E-01
6.6069345E+00  9.9957910E-01
6.7608298E+00  9.9963745E-01
6.9183097E+00  9.9966424E-01
7.0794578E+00  9.9964050E-01
7.2443596E+00  9.9977114E-01
7.4131024E+00  9.9968769E-01
7.5857758E+00  9.9976591E-01
7.7624712E+00  9.9981989E-01
7.9432823E+00  9.9986614E-01
8.1283052E+00  9.9977939E-01
8.3176377E+00  9.9988418E-01
8.5113804E+00  9.9981696E-01
8.7096359E+00  9.9991836E-01
8.9125094E+00  9.9985578E-01
9.1201084E+00  9.9995091E-01
9.3325430E+00  9.9996476E-01
9.5499259E+00  9.9997429E-01
9.7723722E+00  9.9997051E-01
1.0000000E+01  1.0000000E+00
2.0000000E+10  1.0000000E+00
